static/jobfarm/user_models/minyf/common/HOME-GBHM/输入文件/Input/Basemap/elevation.asc
ncols         221
nrows         204
xllcorner     -627000
yllcorner     3955000
cellsize      900
NODATA_value  -9999
[rows 60 to 89 of 204, columns 0 to 67 of 221]
-9999 -9999 -9999 -9999 -9999 -9999 -9999 -9999 4500.775 4520.343 4500.202 4500.357 4532.918 4534.958 4499.588 4411.181 4385.827 4318.858 4229.403 4162.816 4170.783 4194.302 4230.117 4319.988 4252.718 4050 4373.267 4458.257 4529.636 4589.798 4590.098 4560.878 4498.599 4410.037 4499.301 4589.77 4589.327 4456.576 4321.505 4249.034 4225.519 4199.528 4110.257 4086.553 4067.462 4049.756 3960 4049.221 4094.834 4050.524 4049.977 4031.037 3972.105 3960 3960 3960 3960 3947.687 3912.045 3883.206 3870.001 3870 3870 3868.277 3866.822 3884.624 3877.409 3867.579
-9999 -9999 -9999 -9999 -9999 -9999 -9999 -9999 -9999 4499.595 4464.372 4457.477 4499.972 4531.947 4530.508 4499.556 4410.306 4320.186 4230.171 4204.473 4183.459 4204.807 4230.35 4320 4234.432 4089.24 4050 4212.872 4403.12 4456.387 4501.223 4544.499 4530.017 4521.331 4410.529 4500.106 4589.793 4544.764 4409.379 4270.586 4230.008 4198.923 4140.034 4108.722 4075.122 4049.756 3960 4137.832 4182.937 4139.791 4052.258 4049.229 3960 3960 3960 3960 3960.001 3944.008 3928.401 3901.978 3880.074 3870 3872.606 3870 3867.634 3866.915 3801.313 3742.115
-9999 -9999 -9999 -9999 -9999 -9999 -9999 -9999 -9999 -9999 4410.131 4410.083 4452.742 4499.958 4500.031 4480.552 4409.836 4319.842 4230.089 4203.119 4181.908 4229.927 4271.307 4319.996 4248.598 4132.61 4050 4050 4171.542 4264.331 4388.821 4413.273 4469.929 4470.124 4409.875 4411.017 4500.505 4589.999 4499.539 4381.125 4290.542 4230.021 4185.223 4139.829 4091.58 4002.634 3960 4139.474 4198.736 4133.81 3960 3960 4048.787 4038.529 4038.529 4038.529 3998.204 3960.065 3959.96 3928.847 3898.318 3881.15 3870.001 3875.487 3868.325 3803.052 3744.147 3792.504
-9999 -9999 -9999 -9999 -9999 -9999 -9999 -9999 -9999 -9999 -9999 4410.011 4410.011 4456.697 4464.543 4439.64 4365.014 4294.938 4230.045 4203.193 4178.644 4229.996 4286.212 4320 4279.95 4206.713 4137.712 4050 4050 4050.001 4050.001 4294.523 4357.112 4348.744 4315.49 4314.497 4348.771 4554.782 4500.352 4498.848 4366.792 4275.776 4229.597 4116.379 4114.018 3960 4045.251 4146.517 4133.487 3960 4044.064 4136.975 4111.401 4050 4038.521 4038.512 4025.279 4006.684 3998.908 3959.999 3923.475 3908.901 3884.126 3870.01 3869.049 3746.867 3745.566 3817.384
-9999 -9999 -9999 -9999 -9999 -9999 -9999 -9999 -9999 -9999 -9999 4410 4399.044 4417.556 4435.282 4409.847 4320.308 4280.225 4247.821 4229.882 4173.467 4229.951 4295.295 4320.011 4315.701 4280.367 4234.657 4188.337 4201.237 4231.551 4298.486 4050.001 4050.002 4050.002 4050.003 4050.003 4050.004 4326.276 4410.961 4500.04 4454.219 4320.644 4319.467 4229.927 4138.814 3960 4138.138 4138.983 3960 4017.261 4140.444 4229.604 4140.608 4050.064 4038.508 4038.505 4049.994 4050.011 4049.894 3998.949 3960.282 3959.842 3918.707 3899.979 3869.819 3748.73 3747.302 3869.188
-9999 -9999 -9999 -9999 -9999 -9999 -9999 -9999 -9999 -9999 -9999 -9999 4396.581 4382.143 4409.917 4384.735 4320.03 4282.787 4249.012 4204.267 4166.14 4229.209 4319.903 4351.753 4364.72 4354.766 4335.842 4323.494 4342.711 4368.393 4395.811 4315.466 4317.409 4417.3 4393.67 4254.943 4331.624 4050.005 4245.013 4430.269 4455.148 4347.697 4335.512 4296.844 4178.345 3960 4226.185 4154.992 3960 4132.21 4229.427 4287.023 4184.059 4050.067 4038.503 4050 4069.917 4081.819 4081.23 4050.372 4049.776 4016.103 3960.332 3959.926 3960.005 3910.585 3751.257 3869.818
-9999 -9999 -9999 -9999 -9999 -9999 -9999 -9999 -9999 -9999 -9999 -9999 4409.995 4385.565 4363.462 4362.724 4319.98 4273.01 4261.418 4199.099 4156.379 4216.388 4319.442 4360.424 4400.574 4409.998 4410.017 4410.052 4423.068 4409.993 4409.998 4404.893 4410.82 4499.863 4493.396 4440.801 4440.365 4331.713 4050.007 4050.009 4381.643 4392.651 4317.346 4263.815 4222.035 3960 4362.515 4274.573 4062.394 3960 4131.709 4289.99 4138.333 4038.5 4049.995 4071.766 4094.148 4112.894 4127.223 4139.922 4139.887 4095.087 4050.167 4017.074 4050.134 4041.509 3752.994 3865.704
-9999 -9999 -9999 -9999 -9999 -9999 -9999 -9999 -9999 -9999 -9999 -9999 4410 4393.443 4366.863 4342.814 4319.986 4288.53 4275.044 4226.57 4143.847 4167.29 4237.682 4320.553 4409.856 4430.618 4445.506 4434.501 4407.712 4321.825 4320.055 4409.471 4470.225 4500.057 4500.067 4499.67 4411.109 4319.925 4185.885 4221.832 4050.011 4296.642 4263.815 4290.503 4330.147 4389.645 4499.74 4412.848 4291.769 3960 4311.503 4302.456 4038.496 4137.983 4112.859 4111.335 4118.044 4126.434 4127.723 4127.65 4139.937 4141.029 4139.514 4050.823 4125.451 4169.071 3989.151 3755.361
-9999 -9999 -9999 -9999 -9999 -9999 -9999 -9999 -9999 -9999 -9999 -9999 4410.005 4409.994 4382.845 4357.149 4319.995 4305.099 4320.013 4319.474 4216.823 4121.949 4163.524 4319.785 4388.644 4410.036 4436.114 4357.6 4186.492 4071.389 4094.546 4300.632 4499.112 4552.725 4553.646 4543.913 4468.862 4322.626 4243.581 4233.24 4152.629 4050.014 4313.129 4320 4320.222 4409.918 4500.127 4499.337 4328.172 3960 4391.259 4038.491 4220.392 4195.796 4140.06 4139.987 4131.572 4123.577 4093.204 4050.123 4050.533 4094.563 4147.237 4139.572 4185.559 4211.835 4079.873 3756.993
-9999 -9999 -9999 -9999 -9999 -9999 -9999 -9999 -9999 -9999 -9999 -9999 4439.645 4446.228 4410.103 4387.4 4320.093 4320.042 4367.245 4409.608 4320.177 4203.53 4095.76 4306.885 4347.123 4410.231 4451.994 4291.63 3934.831 3797.814 3837.664 4177.418 4496.826 4584.978 4590.025 4589.975 4542.968 4468.24 4383.748 4455.556 4266.051 4050.017 4221.688 4296.36 4324.648 4366.126 4499.445 4553.898 4477.691 4003.581 4059.214 4038.488 4360.339 4234.223 4170.694 4168.669 4140.044 4116.027 4049.457 3969.031 3976.668 3961.759 4044.816 3969.85 4227.548 4159.604 3962.97 3758.601
-9999 -9999 -9999 -9999 -9999 -9999 -9999 -9999 -9999 -9999 -9999 -9999 -9999 4499.949 4461.901 4410.102 4363.072 4367.768 4409.979 4442.064 4409.789 4319.522 4186.995 4064.603 4185.824 4406.672 4479.227 4265.633 3800.238 3708.775 3837.664 4152.441 4497.394 4589.982 4610.086 4613.782 4590.027 4562.398 4529.718 4540.063 4493.533 4251.543 4050.021 4220.014 4325.622 4379.956 4442.509 4500.13 4453.585 3780.003 3729.525 3912.931 4290.405 4363.764 4231.773 4225.698 4169.436 4092.887 3955.242 3870 3870 3870 3870 3870 4123.774 3967.801 3870 3760.182
-9999 -9999 -9999 -9999 -9999 -9999 -9999 -9999 -9999 -9999 -9999 -9999 -9999 -9999 -9999 4458.401 4410.072 4409.999 4435.071 4457.245 4459.839 4409.866 4278.527 4053.56 4027.698 4225.71 4286.479 3802.417 4408.315 3837.666 3717.376 4103.104 4487.705 4546.947 4590.016 4612.686 4606.708 4589.955 4534.977 4500.567 4589.678 4456.568 4178.975 4050.025 4260.995 4344.505 4366.647 4499.349 4454.188 3780.003 3588.705 3786.478 4262.693 4409.86 4320.368 4230.691 4140.298 3964.149 3870 4045.983 3998.208 3960.082 3959.215 3888.125 3870 3870 3870 3761.736
-9999 -9999 -9999 -9999 -9999 -9999 -9999 -9999 -9999 -9999 -9999 -9999 -9999 -9999 -9999 4499.961 4458.927 4447.079 4458.945 4479.71 4500.009 4486.147 4400.189 4065.316 3996.305 3946.885 3820.707 3803.722 3837.669 3725.015 4037.031 4198.079 4410.017 4499.385 4558.178 4589.977 4582.712 4561.522 4499.959 4436.529 4444.869 4586.907 4284.572 4136.791 4050.031 4268.399 4311.448 4390.742 4514.522 4325.75 3780.004 3780.005 4271.317 4324.884 4334.262 4218.562 4125.007 3870 3870 4020.586 4049.977 4023.443 4001.985 3959.71 3908.157 3912.645 3870.218 3763.26
-9999 -9999 -9999 -9999 -9999 -9999 -9999 -9999 -9999 -9999 -9999 -9999 -9999 -9999 -9999 -9999 4472.839 4466.142 4477.515 4500.092 4529.118 4500.419 4394.954 3953.469 3848.341 3836.871 3822.453 3808.165 3805.081 3730.053 4293.111 4257.38 4410.011 4410.015 4499.609 4541.833 4545.013 4545.021 4478.925 4410.013 4402.867 4450.059 4318.745 4197.962 4050.035 4138.96 4230.219 4350.197 4500.644 4474.097 4453.683 4251.326 3780.007 4139.064 4206.369 3870 3870 3870 3944.589 4027.02 4070.294 4050.013 4020.308 3993.505 3960.308 3954.479 3959.778 3847.021
-9999 -9999 -9999 -9999 -9999 -9999 -9999 -9999 -9999 -9999 -9999 -9999 -9999 -9999 -9999 4471.294 4467.285 4472.751 -9999 4557.802 4589.987 4569.143 4500.551 4341.835 3902.896 3857.144 3846.755 3812.367 3791.364 3735.857 3736.49 4306.675 4456.931 4410.011 4442.732 4499.421 4545.087 4589.845 4500.898 4410.165 4362.521 4320.302 4230.51 4196.135 4138.339 4050.041 4138.554 4230.403 4321.907 3870 4347.28 4468.715 4223.826 3780.009 3947.858 4133.37 3827.257 4046.824 3909.704 4002.463 4093.447 4081.367 4050.204 4050.22 4050.046 3959.369 4049.952 3933.003
-9999 -9999 -9999 -9999 -9999 -9999 -9999 -9999 -9999 -9999 -9999 -9999 -9999 -9999 -9999 -9999 -9999 -9999 -9999 4589.493 4622.448 4589.976 4510.577 4422.144 3893.562 3890.38 3871.691 3849.44 3816.126 3742.493 3698.79 4043.086 4400.977 4380.089 4380.089 4411.48 4544.359 4606.384 4589.252 4470.339 4387.757 4319.992 4253.798 4230.142 4190.693 4138.655 4050.048 4075.217 4230.525 4257.26 3870 3870 4380.714 4250.732 3780.011 3780.015 3780.021 3780.029 3780.04 3950.62 4139.154 4140.514 4140.167 4140.906 4100.703 3780 3962.91 4047.794
-9999 -9999 -9999 -9999 -9999 -9999 -9999 -9999 -9999 -9999 -9999 -9999 -9999 -9999 -9999 -9999 -9999 -9999 4462.919 4500.918 4589.523 4563.985 4500.216 4407.35 4079.205 3923.787 3903.323 3891.107 3842.74 3747.435 3728.862 4094.595 4320.662 4347.018 4410.001 4499.218 4545.71 4590.004 4590.001 4516.161 4440.053 4376.001 4320.288 4319.26 4230.479 4140.621 4050.052 4061.212 4098.069 4223.166 3881.304 4265.25 3870 4261.783 4218.86 4179.654 4212.764 4103.767 3780.049 3780.056 4131.151 4230.081 4230.048 4195.472 3780 4103.823 4139.238 4007.523
-9999 -9999 -9999 -9999 -9999 -9999 -9999 -9999 -9999 -9999 -9999 -9999 -9999 -9999 -9999 -9999 -9999 -9999 -9999 4464.713 4500.061 4500.043 4478.839 4411.078 4223.362 3949.142 3947.396 3933.579 4085.412 4007.546 3753.829 4215.79 4353.093 4320.662 4409.872 4472.105 4500.45 4589.531 4585.943 4544.781 4497.854 4454.867 4410.411 4409.747 4320.565 4228.644 4095.165 4084.396 4073.653 4091.892 3891.531 4250.909 4263.662 3870 4126.25 4229.649 4268.014 4230.026 4066.724 3780.07 4085.328 4228.172 4196.593 4016.292 3780 3968.898 4139.806 4005.827
-9999 -9999 -9999 -9999 -9999 -9999 -9999 -9999 -9999 -9999 -9999 -9999 -9999 -9999 -9999 -9999 -9999 -9999 4459.107 4452.859 4448.131 4456.511 4468.069 4479.267 4383.128 4018.599 3974.56 3967.855 4304.926 4295.101 3860.411 3759.665 4195.548 4320.662 4410.098 4442.205 4454.173 4500.312 4538.256 4540.946 4528.979 4506.44 4499.984 4499.703 4409.885 4273.934 4110.021 4110.021 4081.724 3997.714 3909.507 3902.094 4184.602 3870 4144.937 4140.516 4163.174 4200.788 4129.829 3780.085 3946.439 4058.484 4230.08 4266.651 3780 4211.985 4100.716 4011.367
-9999 -9999 -9999 -9999 -9999 -9999 -9999 -9999 -9999 -9999 -9999 -9999 -9999 -9999 -9999 -9999 -9999 -9999 4500.206 4475.98 4454.063 4429.833 4410.094 4404.489 4170.421 4098.944 4098.527 3996.29 4003.712 4095.55 3956.764 3910.061 3764.867 4190.714 4382.732 4410.044 4410.059 4449.664 4499.99 4521.471 4529.63 4499.934 4519.026 4513.75 4454.475 4292.625 4110.021 4169.749 4090.667 3999.243 3925.565 4094.048 3908.532 3870 3965.714 4138.28 4100.942 4140.282 4173.261 4043.879 3780.112 3996.86 4199.78 4320.007 4188.104 3780 4212.503 4097.757
-9999 -9999 -9999 -9999 -9999 -9999 -9999 -9999 -9999 -9999 -9999 -9999 -9999 -9999 -9999 -9999 -9999 4551.461 4589.558 4500.789 4499.939 4452.681 4409.605 4302.911 4214.475 4199.525 4315.823 4169.477 4023.944 4030.367 4013.817 4076.026 4160.532 3769.36 4248.271 4402.712 4403.018 4410.005 4467.511 4499.999 4498.589 4410.948 4499.655 4526.459 4500.089 4402.018 4110.021 4184.999 4096.381 4017.879 3975.513 3943.394 3925.736 3870 4047.356 4052.313 3961.646 4049.811 4139.613 4051.297 3949.673 3780.141 4046.963 4233.577 4287.175 3780 4154.487 4229.469
-9999 -9999 -9999 -9999 -9999 -9999 -9999 -9999 -9999 -9999 -9999 -9999 -9999 -9999 -9999 -9999 -9999 -9999 4600.019 -9999 4589.476 4501.073 4455.893 4409.045 4332.609 4319.628 4320.006 4320.006 4168.167 4057.966 4068.853 4228.968 4229.138 3772.039 3969.327 4313.272 4319.581 4321.051 4409.392 4429.121 4365.882 4350.138 4444.537 4499.938 4499.942 4449.986 4110.021 4318.292 4229.488 4081.811 4030.805 3987.34 3959.596 3870 3959.137 3959.742 3913.848 3960.46 4049.943 4049.948 4015.844 3780.164 3950.222 4095.539 4055.738 3780 4032.088 4229.301
-9999 -9999 -9999 -9999 -9999 -9999 -9999 -9999 -9999 -9999 -9999 -9999 -9999 -9999 -9999 -9999 -9999 -9999 -9999 -9999 -9999 4589.502 4500.174 4456.502 4410.359 4409.654 4350.643 4320.301 4319.752 4311.488 4174.499 4228.893 4035.697 3952.64 3774.841 4157.324 4121.613 4246.759 4320.707 4364.992 4320.053 4340.247 4410 4429.645 4411.631 4489.271 4110.02 4217.409 4274.947 4184.78 4109.778 4036.012 4002.079 3958.823 3870 3870.007 3870.015 3906.815 3959.585 3960.488 3998.475 3953.52 3780.2 3947.122 3780 3941.695 4219.333 4260.167
-9999 -9999 -9999 -9999 -9999 -9999 -9999 -9999 -9999 -9999 -9999 -9999 -9999 -9999 -9999 -9999 -9999 -9999 -9999 -9999 -9999 -9999 -9999 4499.983 4500.183 4499.25 4411.018 4409.636 4410.251 4387.045 4318.93 4273.82 4230.274 4270.094 3986.421 3776.952 3777.757 4147.744 4313.92 4352.11 4315.338 4319.954 4387.683 4364.185 4320.721 4361.454 4110.02 4142.493 4274.897 4227.563 4139.848 4050.153 4027.024 4019.739 3934.077 3870 3870 3870 3870.092 3870.185 3915.065 3914.672 3780.229 3780 3951.593 4093.258 4099.391 4183.951
-9999 -9999 -9999 -9999 -9999 -9999 -9999 -9999 -9999 -9999 -9999 -9999 -9999 -9999 -9999 -9999 -9999 -9999 -9999 -9999 -9999 -9999 -9999 -9999 4589.715 4561.33 4531.732 4500.127 4499.321 4410.581 4320.844 4285.203 4319.695 4320.327 4219.796 4004.944 3964.321 3778.766 4149.922 4211.535 4171.926 4163.305 4317.041 4232.477 4257.065 4256.961 4137.641 4110.019 4289.252 4235.998 4140.052 4072.859 4050.266 4064.451 4004.899 3931.928 3870.08 3856.282 3870 3870 3870 3870 3780.266 3780 3869.636 3916.627 3960.941 4052.473
-9999 -9999 -9999 -9999 -9999 -9999 -9999 -9999 -9999 -9999 -9999 -9999 -9999 -9999 -9999 -9999 -9999 -9999 -9999 -9999 -9999 -9999 -9999 -9999 4679.219 4637.591 4720.64 4593.549 4544.309 4499.763 4454.909 4432.384 4404.425 4360.485 4320.187 4235.736 4308.38 4171.021 3779.419 3779.628 3779.759 3779.833 4123.34 4141.198 4229.745 4230.113 4229.904 4317.771 4320.05 4230.323 4140.126 4112.962 4139.81 4139.823 4061.758 4004.433 3914.024 3870.209 3870.002 3871.798 3870.084 3870 3870 3780.319 3780 3780.77 3869.036 3927.583
-9999 -9999 -9999 -9999 -9999 -9999 -9999 -9999 -9999 -9999 -9999 -9999 -9999 -9999 -9999 -9999 -9999 -9999 -9999 -9999 -9999 -9999 -9999 -9999 -9999 4769.358 4788.935 4722.624 4590.841 4578.648 4590.072 4588.524 4499.972 4411.33 4439.199 4433.331 4499.388 4410.387 4223.257 4014.607 4113.944 3942.171 3779.927 3940.485 4117.925 4138.588 4142.355 4288.082 4318.291 4260.305 4172.796 4140.252 4154.545 4139.903 4050.345 4006.278 3960.332 3959.679 3908.219 3870.048 3873.786 3870.176 3915.333 3854.239 3817.728 3780 3780 3781.02
-9999 -9999 -9999 -9999 -9999 -9999 -9999 -9999 -9999 -9999 -9999 -9999 -9999 -9999 -9999 -9999 -9999 -9999 -9999 -9999 -9999 -9999 -9999 -9999 -9999 4765.213 4739.911 4644.906 4633.187 4650.025 4679.811 4650.207 4595.07 4545.137 4528.953 4547.012 4589.817 4500.564 4408.125 4258.896 4227.286 4142.719 4121.615 3779.974 3779.983 3922.576 4064.876 4143.551 4273.632 4319.924 4231.111 4229.519 4179.313 4139.978 4087.846 4050.377 4049.917 4049.606 3960.041 3930.475 3961.525 3960.786 4049.042 3930.065 3859.426 3822.827 3780.03 3780.053
-9999 -9999 -9999 -9999 -9999 -9999 -9999 -9999 -9999 -9999 -9999 -9999 -9999 -9999 -9999 -9999 -9999 -9999 -9999 -9999 -9999 -9999 -9999 -9999 -9999 -9999 4717.657 4679.981 -9999 -9999 4704.376 4680.41 4680.148 4679.124 4590.952 4590.413 4589.907 4500.202 4418.604 4319.822 4264.257 4276.879 4318.389 4177.09 4136.022 3779.994 4025.712 4050.825 4143.401 4289.124 4319.917 4281.581 4185.338 4137.937 4139.977 4139.739 4083.403 4005.285 3965.538 4008.769 4139.257 4051.559 4049.031 3915.677 3873.519 3870.163 3868.721 3780.884
-9999 -9999 -9999 -9999 -9999 -9999 -9999 -9999 -9999 -9999 -9999 -9999 -9999 -9999 -9999 -9999 -9999 -9999 -9999 -9999 -9999 -9999 -9999 -9999 -9999 -9999 -9999 -9999 -9999 -9999 4731.863 4769.937 4770.113 4793.473 4665.856 4679.63 4591.523 4500.278 4410.318 4320.098 4276.667 4408.186 4405.678 4320.734 4232.516 4064.799 3779.998 3907.246 4047.885 4186.303 4318.879 4320.012 4230.698 4140.421 4149.801 4148.654 4094.667 4017.682 4007.325 4137.731 4030.126 4109.625 3962.263 3912.935 3915.367 3960.184 3959.827 3915.271
