static/jobfarm/user_models/minyf/common/HOME-GBHM/输入文件/Input/Basemap/elevation.asc
ncols         221
nrows         204
xllcorner     -627000
yllcorner     3955000
cellsize      900
NODATA_value  -9999
[rows 120 to 149 of 204, columns 136 to 203 of 221]
3862.904 3870.019 3883.659 3915.308 3958.851 3825.495 3816.002 3825.077 3824.727 3828.069 3844.849 3420 3700.023 3820.429 3870.295 3906.069 3959.429 3870.741 3838.163 3870.042 3880.996 3824.538 3679.18 3510 3813.902 3869.909 3788.298 4044.407 4050.167 4050.019 4049.792 3960.523 3919.236 3903.286 3923.325 3960.342 3901.027 3240 3835.133 3971.227 3900.531 3852 3777.941 3599.991 3823.046 3921.921 3959.983 3964.249 3876.104 3600 3915.012 -9999 -9999 -9999 -9999 -9999 -9999 -9999 -9999 -9999 -9999 -9999 -9999 -9999 -9999 -9999 -9999 -9999
3824.889 3830.256 3870.027 3911.449 3921.243 3830.026 3824.94 3786.417 3690.766 3688.681 3645 3420 3599.642 3734.227 3779.905 3781.251 3869.316 3837.395 3826.659 3867.856 3869.894 3757.041 3510 3716.837 3913.984 3921.708 3869.928 3974.678 4000.582 4016.901 4010.987 3959.825 3899.047 3870.029 3869.587 3900.03 3850.853 3240 3870.386 3943.016 3915.289 3846.059 3772.031 3599.996 3863.952 3927.13 3911.469 3916.257 3600 3876.848 4036.282 -9999 -9999 -9999 -9999 -9999 -9999 -9999 -9999 -9999 -9999 -9999 -9999 -9999 -9999 -9999 -9999 -9999
3748.99 3780.371 3869.953 3903.313 3868.497 3780.48 3786.453 3824.816 3734.651 3602.095 3588.61 3420 3530.441 3646.279 3721.599 3734.125 3780.103 3779.854 3780.187 3831.686 3771.444 3510 3678.741 3826.067 3959.778 3969.477 3942.173 3960.258 3960.038 3981.392 3960.04 3913.966 3870.063 3869.582 3781.511 3952.291 3667.407 3240 3899.333 3870.386 3957.386 3782.907 3599.999 3771.179 3870.07 3908.352 3869.661 3768.621 3600 3896.506 4033.454 -9999 -9999 -9999 -9999 -9999 -9999 -9999 -9999 -9999 -9999 -9999 -9999 -9999 -9999 -9999 -9999 -9999
3690.306 3779.045 3869.757 3869.155 3754.061 3869.921 3780.514 3847.573 3869.14 3774.969 3605.833 3487.417 3420 3652.508 3708.866 3690.071 3726.124 3700.072 3741.283 3778.174 3642.403 3510 3771.288 3886.134 3960.037 3981.103 3973.801 3959.995 3940.756 3959.769 3923.496 3870.088 3839.776 3823.083 3779.762 3686.181 3240 3698.335 3953.437 3928.89 3785.701 3771.796 3600 3864.265 3904.011 3869.995 3768.457 3600 3894.62 3989.138 4027.479 3994.187 -9999 -9999 -9999 -9999 -9999 -9999 -9999 -9999 -9999 -9999 -9999 -9999 -9999 -9999 -9999 -9999
3666.009 3690.639 3779.689 3779.738 3733.007 3781.316 3869.551 3869.986 3905.324 3877.229 3774.164 3561.931 3420 3509.727 3624.091 3601.431 3689.149 3600.204 3643.046 3627.366 3510 3597.659 3760.013 3881.803 3940.195 3960.015 3959.822 3924.856 3870.236 3869.945 3869.893 3841.564 3813.732 3780.088 3777.991 3717.049 3240 3725.003 3872.037 3888.916 3775.718 3600 3798.392 3906.77 3870.29 3770.102 3600 3846.872 3959.969 3960.273 3958.001 3940.998 -9999 -9999 -9999 -9999 -9999 -9999 -9999 -9999 -9999 -9999 -9999 -9999 -9999 -9999 -9999 -9999
3689.715 3696.69 3710.726 3690.245 3720.555 3779.569 3812.324 3780.785 3869.403 3907.035 3877.561 3776.325 3632.046 3420 3420 3507.774 3601.939 3687.981 3512.591 3510 3598.435 3735.794 3868.803 3905.732 3912.169 3911.906 3870.281 3869.646 3814.756 3780.192 3803.52 3813.665 3806.476 3779.329 3655.265 3436.158 3240 3484.921 3775.685 3826.26 3720.173 3600 3759.461 3846.473 3771.828 3600 3681.162 3765.677 3869.312 3867.965 3765.677 -9999 -9999 -9999 -9999 -9999 -9999 -9999 -9999 -9999 -9999 -9999 -9999 -9999 -9999 -9999 -9999 -9999
3653.908 3689.986 3690.004 3673.927 3689.646 3690.646 3749.522 3734.712 3780.908 3869.898 3869.682 3780.364 3704.432 3626.475 3553.076 3420 3509.745 3510 3510 3642.274 3735.897 3868.523 3909.419 3892.131 3858.296 3869.694 3780.447 3791.579 3780.001 3768.643 3780.002 3797.431 3780.05 3723.271 3613.634 3425.322 3240 3453.351 3706.516 3779.658 3689.214 3600 3689.125 3688.557 3600 3773.88 3770.867 3768.142 3765.677 3765.677 3869.176 -9999 -9999 -9999 -9999 -9999 -9999 -9999 -9999 -9999 -9999 -9999 -9999 -9999 -9999 -9999 -9999 -9999
3600.325 3665.987 3689.98 3644.107 3600.211 3621.243 3665.125 3690.208 3779.22 3821.222 3780.54 3723.992 3690.021 3686.716 3683.057 3420 3503.795 3510 3642.861 3778.573 3823.862 3870.045 3888.925 3855.604 3780.07 3824.875 3784.979 3780 3780 3780 3779.877 3801.697 3779.319 3690.532 3630.152 3452.633 3240 3478.195 3689.159 3689.459 3600 3600 3600 3600 3685.198 3779.941 3772.494 3779.157 3794.919 3869.174 -9999 -9999 -9999 -9999 -9999 -9999 -9999 -9999 -9999 -9999 -9999 -9999 -9999 -9999 -9999 -9999 -9999 -9999
3599.336 3647.36 3660.052 3630.168 3599.997 3600 3615.376 3634.69 3690.833 3779.736 3778.781 3690.357 3684.707 3689.582 3601.6 3507.906 3420 3596.41 3696.872 3780.153 3825.529 3855.505 3870.025 3869.906 3839.742 3789.962 3779.947 3784.559 3780 3770.333 3779.864 3779.605 3690.678 3693.06 3687.649 3453.096 3240 3653.818 3693.705 3601.026 3600 3600 3600 3685.206 3779.364 3776.434 3791.353 3821.375 -9999 -9999 -9999 -9999 -9999 -9999 -9999 -9999 -9999 -9999 -9999 -9999 -9999 -9999 -9999 -9999 -9999 -9999 -9999 -9999
3511.217 3599.911 3625.1 3615.258 3600 3600 3596.567 3600.024 3640.794 3689.312 3646.58 3689.648 3652.661 3600.26 3510.548 3463.161 3420 3579.376 3669.97 3751.934 3779.991 3805.509 3817.188 3780.194 3747.233 3690.242 3720.223 3779.977 3771.942 3719.48 3690.231 3709.866 3686.436 3690 3688.623 3476.251 3240 3410.73 3601.955 3600 3600 3689.032 3694.436 3779.38 3780.01 3785.274 -9999 -9999 -9999 -9999 -9999 -9999 -9999 -9999 -9999 -9999 -9999 -9999 -9999 -9999 -9999 -9999 -9999 -9999 -9999 -9999 -9999 -9999
3507.733 3571.842 3600.014 3600 3599.997 3604.858 3600 3600 3603.402 3600.116 3593.764 3600.165 3600.03 3568.826 3509.996 3462.669 3420 3468.251 3582.258 3688.444 3690.578 3719.956 3748.316 3690.457 3689.96 3690.09 3779.581 3802.17 3779.789 3690.177 3675.9 3690 3689.992 3688.124 3690.002 3680.683 3414.303 3240 3590.285 3600 3689.172 3751.693 3779.877 3807.101 -9999 -9999 -9999 -9999 -9999 -9999 -9999 -9999 -9999 -9999 -9999 -9999 -9999 -9999 -9999 -9999 -9999 -9999 -9999 -9999 -9999 -9999 -9999 -9999
3368.899 3511.367 3599.932 3572.927 3571.298 3599.963 3607.125 3600 3601.261 3599.342 3599.997 3591.894 3599.787 3562.735 3509.83 3442.805 3420 3454.296 3511.907 3555.78 3599.319 3600.156 3600.709 3626.395 3658.166 3690.014 3757.164 3779.991 3750.722 3690.034 3689.997 3686.815 3655.679 3664.524 3689.956 3713.586 3572.5 3240 3600 3689.811 3741.964 3771.1 3780.004 -9999 -9999 -9999 -9999 -9999 -9999 -9999 -9999 -9999 -9999 -9999 -9999 -9999 -9999 -9999 -9999 -9999 -9999 -9999 -9999 -9999 -9999 -9999 -9999 -9999
3240 3490.395 3573.361 3510.253 3510.068 3552.726 3599.954 3603.865 3607.407 3599.995 3577.177 3545.318 3510.381 3509.825 3463.438 3420 3420 3462.741 3492.202 3500.521 3510.121 3550.629 3599.897 3633.264 3664.377 3690.018 3730.568 3745.778 3724.787 3698.977 3702.879 3689.774 3600.252 3609.174 3600.352 3597.881 3379.894 3240 3582.646 3689.959 3739.219 3760.729 3770.453 -9999 -9999 -9999 -9999 -9999 -9999 -9999 -9999 -9999 -9999 -9999 -9999 -9999 -9999 -9999 -9999 -9999 -9999 -9999 -9999 -9999 -9999 -9999 -9999 -9999
3290.334 3240 3500.509 3499.98 3494.846 3510.089 3565.205 3599.971 3599.986 3579.556 3545.5 3509.956 3467.934 3448.483 3420.003 3420 3420 3477.447 3509.982 3510.018 3510.164 3550.629 3600.088 3657.38 3689.995 3703.38 3713.237 3717.395 3690.022 3679.31 3689.984 3664.164 3600.053 3599.756 3579.199 3506.464 3300.314 3240 3428.985 3600.021 3689.951 3723.983 3743.705 -9999 -9999 -9999 -9999 -9999 -9999 -9999 -9999 -9999 -9999 -9999 -9999 -9999 -9999 -9999 -9999 -9999 -9999 -9999 -9999 -9999 -9999 -9999 -9999 -9999
3345.967 3240 3344.155 3443.231 3487.594 3509.995 3535.326 3556.756 3554.567 3545.334 3510.059 3472.365 3436.056 3420.005 3420 3420 3420 3509.704 3529.422 3570.575 3599.764 3600.02 3635.246 3689.936 3709.336 3708.119 3690.03 3689.854 3642.843 3630.051 3649.908 3639.79 3599.803 3510.918 3507.322 3366.978 3240 3408.837 3499.721 3599.971 3663.932 3690.021 -9999 -9999 -9999 -9999 -9999 -9999 -9999 -9999 -9999 -9999 -9999 -9999 -9999 -9999 -9999 -9999 -9999 -9999 -9999 -9999 -9999 -9999 -9999 -9999 -9999 -9999
3381.756 3240 3321.683 3438.39 3495.341 3510 3510.006 3519.479 3510.04 3527.89 3509.908 3452.011 3420.008 3420 3420 3420 3438.289 3492.341 3510.311 3599.798 3615.613 3616.927 3634.334 3660.672 3689.967 3689.832 3660.869 3625.25 3570.201 3570.12 3599.847 3600.068 3590.414 3507.364 3366.998 3240 3409.186 3595.447 3600.472 3639.923 3673.693 3689.999 -9999 -9999 -9999 -9999 -9999 -9999 -9999 -9999 -9999 -9999 -9999 -9999 -9999 -9999 -9999 -9999 -9999 -9999 -9999 -9999 -9999 -9999 -9999 -9999 -9999 -9999
3508.29 3367.922 3240 3411.965 3488.377 3507.745 3508.051 3509.988 3499.198 3509.736 3471.752 3420.051 3420 3420 3415.944 3420 3454.837 3509.948 3542.393 3599.995 3600.518 3605.455 3609.943 3600.103 3625.696 3600.356 3599.643 3570.005 3533.911 3510.116 3509.722 3509.83 3504.854 3365.806 3240 3410.495 3596.18 3680.46 3674.426 3678.437 3689.999 3692.932 -9999 -9999 -9999 -9999 -9999 -9999 -9999 -9999 -9999 -9999 -9999 -9999 -9999 -9999 -9999 -9999 -9999 -9999 -9999 -9999 -9999 -9999 -9999 -9999 -9999 -9999
3510.03 3509.31 3412.369 3240 3416.911 3470.589 3482.28 3472.537 3447.557 3420.231 3419.987 3404.903 3420 3411.46 3420 3420.014 3460.334 3509.991 3547.84 3599.713 3615.05 3600.006 3599.945 3576.915 3599.823 3550.808 3510.287 3512.849 3508.353 3507.156 3381.813 3336.044 3285.621 3240 3487.008 3598.937 3670.974 3695.175 3683.18 3680.782 3686.004 3689.998 -9999 -9999 -9999 -9999 -9999 -9999 -9999 -9999 -9999 -9999 -9999 -9999 -9999 -9999 -9999 -9999 -9999 -9999 -9999 -9999 -9999 -9999 -9999 -9999 -9999 -9999
3509.558 3499.985 3418.904 3240 3334.245 3420.108 3450.826 3439.853 3419.999 3401.774 3403.276 3407.163 3406.375 3420 3420.003 3436.506 3469.718 3500.271 3509.998 3510.637 3599.74 3578.952 3546.429 3510.117 3533.934 3510.01 3481.797 3465.333 3410.567 3329.548 3240 3240 3240 3488.351 3600.111 3637.845 3655.637 3655.183 3643.648 3651.583 3659.24 -9999 -9999 -9999 -9999 -9999 -9999 -9999 -9999 -9999 -9999 -9999 -9999 -9999 -9999 -9999 -9999 -9999 -9999 -9999 -9999 -9999 -9999 -9999 -9999 -9999 -9999 -9999
3420.181 3420.427 3416.101 3240 3305.477 3419.515 3440.743 3420.01 3409.578 3403.051 3409.441 3408.385 3413.047 3420.001 3435.074 3461.059 3489.328 3509.998 3510 3509.16 3547.086 3536.292 3510.016 3497.428 3509.982 3487.176 3462.133 3440.394 3335.187 3240 3258.376 3280.2 3495.796 3592.909 3618 3600.053 3600.029 3600.016 3600.021 3618.69 3627.046 -9999 -9999 -9999 -9999 -9999 -9999 -9999 -9999 -9999 -9999 -9999 -9999 -9999 -9999 -9999 -9999 -9999 -9999 -9999 -9999 -9999 -9999 -9999 -9999 -9999 -9999 -9999
3355.354 3320.885 3266.462 3240 3275.931 3367.089 3419.955 3417.928 3410.761 3407.677 3404.666 3409.96 3419.999 3424.597 3451.917 3487.182 3510 3520.144 3516.612 3511.718 3518.221 3510.003 3498.5 3489.632 3482.696 3453.888 3420.167 3416.172 3240 3278.686 3316.572 3373.692 3509.923 3567.423 3584.015 3574.455 3571.088 3573.472 3582.129 3599.99 3600.004 -9999 -9999 -9999 -9999 -9999 -9999 -9999 -9999 -9999 -9999 -9999 -9999 -9999 -9999 -9999 -9999 -9999 -9999 -9999 -9999 -9999 -9999 -9999 -9999 -9999 -9999 -9999
3327.845 3290.404 3253.401 3245.772 3240 3315.364 3380.335 3405.349 3406.785 3406.038 3408.096 3410.914 3415.239 3420.019 3463.008 3509.975 3526.803 3529.617 3523.379 3514.978 3510 3508.874 3499.68 3485.771 3464.207 3420.075 3346.813 3277.886 3240 3321.445 3378.707 3428.495 3490.048 3510.079 3537.267 3545.522 3549.625 3555.584 3565.026 -9999 -9999 -9999 -9999 -9999 -9999 -9999 -9999 -9999 -9999 -9999 -9999 -9999 -9999 -9999 -9999 -9999 -9999 -9999 -9999 -9999 -9999 -9999 -9999 -9999 -9999 -9999 -9999 -9999
3325.344 3294.441 3267.039 3252.152 3240 3293.388 3359.518 3401.239 3407.276 3409.117 3411.644 3414.671 3420 3432.948 3469.452 3509.993 3527.165 3528.65 3523.736 3516.737 3510 3515.181 3500.521 3480.375 3455.008 3419.524 3312.165 3240 3324.209 3419.433 3454.06 3475.995 3498.309 3509.999 3519.32 3527.631 3534.745 3542.116 -9999 -9999 -9999 -9999 -9999 -9999 -9999 -9999 -9999 -9999 -9999 -9999 -9999 -9999 -9999 -9999 -9999 -9999 -9999 -9999 -9999 -9999 -9999 -9999 -9999 -9999 -9999 -9999 -9999 -9999
3334.749 3311.789 3290.52 3273.007 3240 3278.336 3348.932 3408.102 3408.439 3412.161 3415.972 3420 3425.338 3437.248 3463.638 3492.927 3509.989 3509.996 3509.998 3509.998 3509.988 3509.827 3481.74 3456.688 3420.151 3367.575 3280.381 3240 3417.282 3488.931 3507.066 3508.093 3508.053 3510 3510 3517.659 3525.355 -9999 -9999 -9999 -9999 -9999 -9999 -9999 -9999 -9999 -9999 -9999 -9999 -9999 -9999 -9999 -9999 -9999 -9999 -9999 -9999 -9999 -9999 -9999 -9999 -9999 -9999 -9999 -9999 -9999 -9999 -9999
3346.942 3329.682 3309.488 3286.63 3257.168 3240 3320.707 3409.386 3409.825 3414.733 3420 3425.937 3427.518 3431.561 3447.697 3464.376 3470.021 3466.21 3472.431 3472.229 3454.879 3420.321 3420.001 3420.014 3418.975 3325.013 3240 3412.816 3496.097 3531.115 3533.725 3522.068 3510 3508.779 3509.86 3515.081 -9999 -9999 -9999 -9999 -9999 -9999 -9999 -9999 -9999 -9999 -9999 -9999 -9999 -9999 -9999 -9999 -9999 -9999 -9999 -9999 -9999 -9999 -9999 -9999 -9999 -9999 -9999 -9999 -9999 -9999 -9999 -9999
3357.802 3345.169 3326.6 3302.997 3276.143 3254.862 3240 3326.274 3410.857 3410.969 3419.999 3429.32 3426.07 3420.001 3430.406 3439.091 3433.456 3420.03 3436.312 3440.256 3419.99 3383.083 3360.002 3332.441 3288.531 3240 3324.893 3420.616 3500.329 3534.108 3536.148 3522.72 3510 3509.604 3512.234 -9999 -9999 -9999 -9999 -9999 -9999 -9999 -9999 -9999 -9999 -9999 -9999 -9999 -9999 -9999 -9999 -9999 -9999 -9999 -9999 -9999 -9999 -9999 -9999 -9999 -9999 -9999 -9999 -9999 -9999 -9999 -9999 -9999
3363.856 3356.673 3341.535 3319.791 3294.638 3271.289 3252.289 3240 3296.398 3347.174 3389.409 3419.983 3419.999 3414.438 3420.001 3428.063 3420 3411.175 3419.996 3419.986 3393.911 3355.515 3316.777 3276.469 3240 3281.694 3418.722 3465.366 3504.303 3525.808 3527.969 3516.739 3510 3512.714 -9999 -9999 -9999 -9999 -9999 -9999 -9999 -9999 -9999 -9999 -9999 -9999 -9999 -9999 -9999 -9999 -9999 -9999 -9999 -9999 -9999 -9999 -9999 -9999 -9999 -9999 -9999 -9999 -9999 -9999 -9999 -9999 -9999 -9999
3365.469 3363.89 3353.141 3334.633 3311.647 3287.883 3265.872 3248.28 3240 3295.583 3349.672 3384.417 3393.648 3395.526 3406.326 3419.988 3407.943 3396.068 3392.928 3387.509 3366.767 3331.402 3283.416 3240 3258.098 3319.417 3419.876 3457.652 3485.974 3507.339 3517.095 3510 3513.622 3518.257 -9999 -9999 -9999 -9999 -9999 -9999 -9999 -9999 -9999 -9999 -9999 -9999 -9999 -9999 -9999 -9999 -9999 -9999 -9999 -9999 -9999 -9999 -9999 -9999 -9999 -9999 -9999 -9999 -9999 -9999 -9999 -9999 -9999 -9999
3363.683 3367.084 3360.062 3345.585 3326.091 3303.96 3280.698 3257.432 3240 3281.443 3328.154 3355.267 3362.372 3363.042 3374.958 3385.245 3380.52 3369.766 3360.574 3355.857 3343.723 3313.942 3240 3249.633 3278.102 3330.071 3390.873 3420.035 3451.033 3481.41 3509.988 3516.451 3521.823 -9999 -9999 -9999 -9999 -9999 -9999 -9999 -9999 -9999 -9999 -9999 -9999 -9999 -9999 -9999 -9999 -9999 -9999 -9999 -9999 -9999 -9999 -9999 -9999 -9999 -9999 -9999 -9999 -9999 -9999 -9999 -9999 -9999 -9999 -9999
3363.683 3363.683 3359.518 3350.618 3336.727 3318.964 3298.23 3274.34 3240 3283.927 3325.487 3339.896 3338.075 3330.01 3343.695 3351.647 3352.581 3343.41 3330.008 3330.001 3330.006 3329.672 3240 3260.279 3295.084 3336.615 3376.099 3399.836 3420.01 3447.166 3483.864 3509.996 3522.089 3522.207 -9999 -9999 -9999 -9999 -9999 -9999 -9999 -9999 -9999 -9999 -9999 -9999 -9999 -9999 -9999 -9999 -9999 -9999 -9999 -9999 -9999 -9999 -9999 -9999 -9999 -9999 -9999 -9999 -9999 -9999 -9999 -9999 -9999 -9999
