static/jobfarm/user_models/minyf/common/HOME-GBHM/输入文件/Input/Basemap/elevation.asc
ncols         221
nrows         204
xllcorner     -627000
yllcorner     3955000
cellsize      900
NODATA_value  -9999
[rows 90 to 119 of 204, columns 136 to 203 of 221]
4237.882 4207.868 4139.54 4049.844 3960.099 3946.881 3959.991 3960.001 3959.957 3920.082 3951.721 3959.977 3929.968 3893.305 3948.946 4004.889 4061.735 4112.418 4081.545 4050.177 4049.322 3960.808 3959.931 3920.428 3690 3862.873 3920.209 3960.615 4049.401 4075.425 3976.434 3780 4035.806 4049.946 4049.546 3964.451 4047.82 3873.211 3780 4082.249 4187.475 4230.224 4319.447 4409.942 4321.012 4320.001 4320.234 4248.897 -9999 -9999 -9999 -9999 -9999 -9999 -9999 -9999 -9999 -9999 -9999 -9999 -9999 -9999 -9999 -9999 -9999 -9999 -9999 -9999
4261.139 4218.894 4139.971 4049.243 3960.063 3945.523 3932.367 3938.752 3960.003 3959.888 3903.596 3918.58 3912.719 3882.215 3934.052 3960.313 4050.238 4122.085 4004.031 4086.426 4101.995 4050.072 4020.207 3984.551 3860.784 3690 3868.759 4003.297 4053.616 4099.188 4040.777 3780 3950.746 3960.232 3960.001 3934.523 3957.545 3780 3977.092 4139.151 4189.708 4205.057 4230.915 4321.576 4378.77 4320.154 4330.24 -9999 -9999 -9999 -9999 -9999 -9999 -9999 -9999 -9999 -9999 -9999 -9999 -9999 -9999 -9999 -9999 -9999 -9999 -9999 -9999 -9999
4228.63 4181.335 4079.978 3960.825 3923.658 3918.097 3917.167 3916.326 3959.937 3958.891 3890.419 3893.104 3872.192 3869.962 3907.097 3960.131 4050.328 4057.179 3420 3980.969 4106.956 4113.347 4082.398 4005.377 3875.285 3690 3838.516 3917.874 4049.651 4049.514 3894.442 3780 3958.683 3957.838 3917.273 3897.618 3869.542 3780 3916.634 4020.919 4094.486 4139.92 4165.778 4227.754 4188.892 4229.922 4294.207 4319.929 -9999 -9999 -9999 -9999 -9999 -9999 -9999 -9999 -9999 -9999 -9999 -9999 -9999 -9999 -9999 -9999 -9999 -9999 -9999 -9999
4167.509 4139.827 4049.993 3960.148 3922.468 3901.797 3899.448 3915.03 3915.03 3959.771 3912.664 3870.042 3838.352 3820.907 3870.039 3959.902 4079.803 4002.055 3420 3875.989 4105.662 4140.011 4133.715 4050.258 3924.699 3690 3826.432 4002.666 4050 3997.985 3780 3825.077 3946.216 3959.997 3905.49 3869.792 3802.531 3780 3869.911 3919.142 3961.094 4049.837 4093.783 4081.268 4098.477 4140.26 4229.467 4230.644 4274.999 4319.227 -9999 -9999 -9999 -9999 -9999 -9999 -9999 -9999 -9999 -9999 -9999 -9999 -9999 -9999 -9999 -9999 -9999 -9999
4140.055 4094.361 4036.138 4005.026 3947.809 3890.499 3870.014 3884.168 3870.016 3870.292 3869.73 3843.018 3807.724 3780.026 3813.22 3871.081 3960.402 3832.905 3420 3902.067 3965.734 4094.32 4139.839 4049.225 3898.402 3690 3867.468 4008.936 4050.039 4044.466 3780 3874.899 3968.259 3959.848 3870.348 3822.915 3780 3815.425 3870 3870 3895.789 3959.14 3960.625 4011.52 4049.69 4050.67 4139.491 4140.079 4141.182 4231.279 -9999 -9999 -9999 -9999 -9999 -9999 -9999 -9999 -9999 -9999 -9999 -9999 -9999 -9999 -9999 -9999 -9999 -9999
4139.886 4050.142 4020.825 4049.766 3959.545 3870.144 3855.062 3869.945 3839.66 3807.998 3780.228 3794.41 3780.005 3778.716 3761.812 3848.522 3862.622 3575.666 3420 3692.191 3880.309 4006.042 4049.33 3960.964 3869.27 3690 3868 3995.344 4022.06 3957.07 3780 3933.507 3989.77 3914.475 3843.875 3780 3822.915 3870.024 3870.024 3870 3870 3870 3870 3958.645 3969.997 3964.337 4046.452 4100.683 4121.078 4140.067 -9999 -9999 -9999 -9999 -9999 -9999 -9999 -9999 -9999 -9999 -9999 -9999 -9999 -9999 -9999 -9999 -9999 -9999
4066.22 3961.284 4003.895 3960.375 3870.648 3827.788 3819.586 3821.138 3806.39 3780 3762.87 3779.962 3747.504 3743.196 3747.297 3780.039 3716.506 3420 3739.51 3868.568 3938.459 4048.649 3961.216 3937.636 3911.567 3690 3819.982 3960.187 3958.94 3827.329 3780 3780 3926.199 3781.922 3780 3868.732 3870.346 3915.258 3959.719 3960.21 3960.194 3959.746 3958.329 3870 3870 3870 3870 4040.802 4133.549 4140 -9999 -9999 -9999 -9999 -9999 -9999 -9999 -9999 -9999 -9999 -9999 -9999 -9999 -9999 -9999 -9999 -9999 -9999
3976.004 3898.448 3870.672 3869.865 3825.009 3798.593 3790.548 3780.021 3779.98 3759.553 3743.687 3745.274 3722.633 3724.943 3745.976 3780.434 3759.432 3420 3627.065 3779.213 3811.148 3870.948 3870.69 3959.559 3955.634 3862.986 3690 3924.279 3870.15 3824.776 3780 3780 3780 3780 3868.694 3924.975 3960.123 4014.438 4079.366 4095.368 4094.71 4050.798 4050.71 4049.219 4049.163 4049.369 4042.201 3870 4135.139 4166.754 -9999 -9999 -9999 -9999 -9999 -9999 -9999 -9999 -9999 -9999 -9999 -9999 -9999 -9999 -9999 -9999 -9999 -9999
3925.802 3870.283 3850.146 3826.934 3801.091 3783.493 3779.993 3762.185 3751.059 3737.461 3723.049 3713.889 3706.246 3708.328 3732.97 3684.911 3549.843 3420 3542.415 3677.708 3736.544 3779.981 3806.336 3870.522 3915.072 3896.406 3690 3780.44 3780.09 3780 3780.012 3780.013 3780.008 3868.444 3870.495 3960.256 4049.642 4095.397 4145.567 4209.037 4198.538 4138.973 4137.077 4138.579 4140 4144.57 4134.199 3870 4134.916 4209.507 -9999 -9999 -9999 -9999 -9999 -9999 -9999 -9999 -9999 -9999 -9999 -9999 -9999 -9999 -9999 -9999 -9999 -9999
3960.131 3959.207 3870.673 3824.396 3803.31 3780.005 3765.396 3751.899 3736.563 3719.049 3698.991 3689.891 3689.964 3690.009 3705.89 3667.32 3561.75 3420 3543.673 3653.171 3711.774 3745.495 3780.191 3869.816 3860.434 3781.164 3690 3780 3780 3780.17 3851.902 3928.667 3959.592 4004.016 3960.692 4050.075 4139.991 4180.511 4205.472 4239.6 4122.803 3873.16 3807.196 3863.722 4041.469 4141.577 4229.472 4136.297 4190.395 4230.051 -9999 -9999 -9999 -9999 -9999 -9999 -9999 -9999 -9999 -9999 -9999 -9999 -9999 -9999 -9999 -9999 -9999 -9999
4006.339 4008.125 3959.152 3871.866 3869.527 3821.954 3780.656 3779.985 3776.427 3742.881 3699.118 3668.075 3649.045 3668.481 3689.956 3690 3680.922 3420 3579.855 3680.363 3728.899 3751.495 3780.065 3841.139 3838.711 3779.822 3690 3737.608 3779.922 3836.406 3914.764 3981.687 4049.822 4062.752 4050.304 4139.843 4188.356 4140.508 4061.469 4061.016 3771.733 3510 3510 3566.833 4005.353 4228.241 4279.832 4230.256 4230.271 4272.017 4228.781 4061.887 -9999 -9999 -9999 -9999 -9999 -9999 -9999 -9999 -9999 -9999 -9999 -9999 -9999 -9999 -9999 -9999
4043.315 4050.32 4024.385 4018.37 3941.009 3916.022 3913.429 3839.222 3780.298 3779.906 3727.513 3707.271 3689.745 3619.714 3622.16 3600.171 3522.688 3420 3673.039 3724.486 3763.954 3780.038 3806.968 3835.994 3827.367 3778.976 3690 3774.985 3780.682 3869.45 3915.359 3960.234 4049.902 4073.342 4090.835 4151.172 4138.536 3916.238 3510 3510 3510 3729.833 4011.777 3510 4134.057 4288.808 4300.178 4285.842 4286.604 4272.58 4144.112 3856.735 -9999 -9999 -9999 -9999 -9999 -9999 -9999 -9999 -9999 -9999 -9999 -9999 -9999 -9999 -9999 -9999
4050.985 4139.512 4050.861 4054.488 4005.682 4048.813 3991.881 3916.156 3869.934 3869.107 3780.972 3779.93 3779.304 3690.373 3611.778 3615.597 3617.873 3420 3420 3650.307 3779.796 3818.549 3829.483 3822.322 3779.036 3690 3749.429 3780.937 3868.917 3871.202 3917.46 3960.457 4039.169 4050.002 4050.089 4050.644 3919.835 3510 3928.265 3829.524 3836.342 3986.42 4138.924 3901.184 4127.467 4229.62 4230.314 4230.348 4179.019 4033.325 3596.418 3596.319 -9999 -9999 -9999 -9999 -9999 -9999 -9999 -9999 -9999 -9999 -9999 -9999 -9999 -9999 -9999 -9999
4139.615 4139.758 4139.887 4139.833 4098.379 4095.844 4050.679 4048.4 3960.706 3960.019 3899.89 3870.068 3869.93 3823.274 3691.444 3689.885 3620.389 3420 3671.3 3780.057 3833.922 3847.242 3826.225 3779.127 3690.538 3690 3779.887 3869.282 3959.44 4019.442 4005.355 4049.749 4083.325 4066.293 4030.077 3867.761 3510 3922.089 4118.617 4098.84 4135.404 4140.202 4167.789 4075.219 4120.57 4140.105 4180.086 4130.63 3850.26 3596.678 4073.899 4015.139 -9999 -9999 -9999 -9999 -9999 -9999 -9999 -9999 -9999 -9999 -9999 -9999 -9999 -9999 -9999 -9999
4051.278 4139.417 4169.851 4160.351 4140.003 4142.23 4139.824 4108.595 4050.789 4079.161 4012.408 3960.738 3960.144 3957.908 3829.113 3823.215 3686.259 3420 3717.136 3825.584 3836.745 3835.541 3779.185 3690.591 3690 3690.391 3780.077 3829.727 3870.673 3961.165 4049.781 4049.677 4049.565 3943.495 3879.053 3510 3764.288 4048.443 4140.097 4140.007 4143.771 4157.847 4159.825 4132.703 4140.002 4140.105 4139.716 3954.674 3597.008 4081.838 4263.655 4229.542 4218.46 -9999 -9999 -9999 -9999 -9999 -9999 -9999 -9999 -9999 -9999 -9999 -9999 -9999 -9999 -9999
3967.284 4051.201 4139.278 4140.008 4140 4144.824 4140 4140 4139.873 4135.029 4095.154 4079.501 4050.402 4050.198 4004.49 3959.59 3807.542 3420 3494.419 3726.044 3750.744 3779.085 3690.572 3690 3691.077 3779.105 3869.258 3870.525 3959.608 4049.763 4097.348 4049.093 3877.869 3510 3510 3869.735 4045.343 4140.06 4140.018 4132.349 4151.413 4148.871 4140 4145.231 4156.889 4140.059 4141.572 3967.97 3597.278 4177.621 4200.012 4210.812 4230.001 -9999 -9999 -9999 -9999 -9999 -9999 -9999 -9999 -9999 -9999 -9999 -9999 -9999 -9999 -9999
3871.218 4048.442 4050.845 4139.276 4140 4143.636 4140.14 4140 4148.735 4156.53 4150.317 4148.56 4139.989 4139.92 4109.382 4050.376 3958.518 3739.515 3420 3561.75 3690 3690 3690 3691.606 3821.704 3871.009 3959.453 3960.97 4049.787 4084.11 4050.112 3870.018 3510 3682.109 3955.647 4052.471 4140.303 4168.059 4092.86 4045.376 4123.691 4140.025 4152.828 4140.01 4139.654 4051.645 3995.904 3597.702 3965.89 4143.723 4229.949 4140.109 4207.419 -9999 -9999 -9999 -9999 -9999 -9999 -9999 -9999 -9999 -9999 -9999 -9999 -9999 -9999 -9999
3871.987 4049.082 4043.663 4050.733 4139.376 4134.646 4133.19 4139.204 4140.003 4161.013 4173.448 4176.682 4167.461 4148.865 4139.986 4070.952 3961.47 3787.483 3420 3690 3690 3749.881 3780.454 3825.243 3903.41 3959.907 4016.1 4049.974 4076.676 4003.479 3870.091 3510 3872.335 4000.513 4107.17 4140.604 4191.868 4155.46 3937.993 3777.244 3980.576 4156.843 4172.781 4110.195 4048.856 3871.138 3691.397 3598.01 4031.411 4118.159 4169.078 4139.963 -9999 -9999 -9999 -9999 -9999 -9999 -9999 -9999 -9999 -9999 -9999 -9999 -9999 -9999 -9999 -9999
3989.86 4072.359 4062.863 4040.077 4050.194 4077.684 4106.102 4139.988 4144.724 4165.325 4178.03 4170.466 4139.681 4080.439 4103.565 4003.575 3893.744 3698.815 3420 3690 3779.892 3869.263 3912.163 3959.579 3960.051 3987.555 4005.104 4035.271 3999.045 3742.296 3510 3871.085 4049.302 4097.197 4140.167 4200.212 4238.509 4093.99 3645.645 3240 3240 4019.507 4138.435 4050.873 3975.465 3776.197 3598.437 3984.574 4092 4050.434 4139.37 4229.326 4260.695 -9999 -9999 -9999 -9999 -9999 -9999 -9999 -9999 -9999 -9999 -9999 -9999 -9999 -9999 -9999
4048.288 4094.552 4085.378 4061.375 4052.362 4050.013 4075.14 4126.471 4140.021 4168.17 4174.65 4139.999 4050.448 3961.825 4020.99 3797.571 3702.362 3420 3663.754 3767.495 3825.155 3870.107 3913.882 3943.567 3959.898 3959.755 3915.8 3914.629 3793.656 3510 3885.168 3958.622 4025.087 4050.265 4109.79 4140.46 4109.391 3701.82 3240 3416.133 3607.759 4016.163 4139.908 4110.126 4048.875 3856.045 3598.723 3926.121 4049.969 4029.251 4050.407 4140.912 4229.829 -9999 -9999 -9999 -9999 -9999 -9999 -9999 -9999 -9999 -9999 -9999 -9999 -9999 -9999 -9999
3918.335 4049.544 4076.988 4071.019 4072.395 4049.509 4050.195 4139.857 4165.839 4185.658 4183.894 4139.981 4018.73 3870.793 3787.795 3654.542 3420 3590.396 3690.995 3780.426 3869.763 3885.514 3884.407 3870.103 3870.163 3870.274 3848.122 3749.944 3510 3784.234 3871.828 3959.707 3960.138 3991.425 4050.012 3988.354 3785.452 3407.845 3240 3936.218 4121.114 4160.952 4140.024 4139.039 4118.886 4020.076 3598.982 3949.887 4050.055 4050.1 4082.331 4139.959 4185.031 -9999 -9999 -9999 -9999 -9999 -9999 -9999 -9999 -9999 -9999 -9999 -9999 -9999 -9999 -9999
3926.058 4011.661 4050.004 4050.049 4048.773 3930.896 4019.425 4139.666 4169.813 4189.191 4181.416 4138.981 3963.317 3818.628 3682.298 3420 3660.814 3778.729 3768.69 3825.002 3884.34 3891.551 3870.006 3847.586 3844.809 3849.002 3754.667 3510 3752.17 3870.341 3898.615 3911.55 3937.32 3960.637 4049.851 3898.047 3593.358 3240 3352.42 3873.381 4113.872 4140.048 4112.245 4102.304 4050.845 3941.018 3599.205 3982.731 4080.519 4114.261 4139.949 -9999 -9999 -9999 -9999 -9999 -9999 -9999 -9999 -9999 -9999 -9999 -9999 -9999 -9999 -9999 -9999 -9999
3782.97 3928.897 4014.125 4049.569 3960.415 3930.031 4030.482 4119.869 4140.061 4166.872 4140.132 4102.971 3958.022 3722.62 3420 3662.34 3928.823 3958.097 3827.093 3886.83 3920.67 3909.718 3870.009 3818.514 3780.279 3758.51 3510 3637.49 3824.313 3912.445 3940.672 3960.664 4004.934 4049.738 4057.145 3901.75 3593.979 3240 3454.258 3832.146 4038.794 4073.768 4050.073 4050.026 3960.623 3747.472 3599.388 3882.984 4051.136 4139.884 4155.166 -9999 -9999 -9999 -9999 -9999 -9999 -9999 -9999 -9999 -9999 -9999 -9999 -9999 -9999 -9999 -9999 -9999
3869.725 3890.33 3959.988 3958.633 3870.135 3929.261 4049.105 4113.87 4116.513 4139.461 4090.687 4052.725 3902.615 3646.901 3420 3771.463 4019.43 4049.866 3961.049 4004.379 3981.025 3933.852 3869.579 3780.616 3663.815 3510 3651.034 3778.399 3870.21 3938.726 3974.934 4005.039 4051.664 4093.563 4099.344 3985.22 3687.304 3240 3629.042 3910.89 4033.273 4050.012 4061.001 4040.556 3911.32 3599.589 3812.222 4044.049 4139.715 4159.407 4153.72 -9999 -9999 -9999 -9999 -9999 -9999 -9999 -9999 -9999 -9999 -9999 -9999 -9999 -9999 -9999 -9999 -9999
3946.502 3959.944 3981.497 3964.087 3914.709 3870.092 3959.714 4048.679 4005.911 4007.846 3962.135 3954.074 3784.626 3623.271 3420 3845.791 4049.451 4079.145 4049.941 4042.177 4005.036 3933.841 3825.198 3823.345 3675.491 3510 3806.915 3871.032 3915.58 3968.303 4005.02 4038.552 4069.801 4101.322 4137.989 4105.662 3894.747 3240 3928.524 4059.036 4076.227 4074.113 4049.634 3945.92 3599.748 3915.271 4047.431 4096.047 4139.983 4140.009 4140.001 -9999 -9999 -9999 -9999 -9999 -9999 -9999 -9999 -9999 -9999 -9999 -9999 -9999 -9999 -9999 -9999 -9999
3915.005 3870.507 3959.258 3965.757 3954.71 3914.831 3870.071 3915.215 3867.95 3893.388 3877.988 3733.018 3607.806 3420 3659.222 3899.845 4018.608 4050.027 4059.791 4050.015 4030.113 3958.461 3782.348 3858.403 3510 3832.784 3785.062 3957.27 3960.465 4004.987 4034.729 4049.993 4049.985 4050.151 4092.826 4045.3 3670.51 3240 3969.119 4050.276 4050.002 4049.885 3961.197 3862.816 3599.835 3867.794 3961.614 4049.934 4108.457 4126.882 4129.7 4123.785 -9999 -9999 -9999 -9999 -9999 -9999 -9999 -9999 -9999 -9999 -9999 -9999 -9999 -9999 -9999 -9999
3891.349 3869.994 3870.258 3914.881 3959.489 3959.947 3915.208 3912.259 3692.605 3774.009 3609.26 3509.899 3420 3726.392 3868.541 3966.296 4005.133 4049.428 4066.794 4070.23 4049.975 4001.074 3924.402 3738.139 3510 3822.743 3957.687 4049.951 4050.026 4054.886 4049.998 4013.206 4005.147 4017.136 4050.1 4060.019 3833.945 3240 3867.032 4044.818 4068.299 4034.262 3930.411 3788.809 3599.897 3866.042 3949.806 4005.059 4074.98 4100.757 4102.049 4050.82 -9999 -9999 -9999 -9999 -9999 -9999 -9999 -9999 -9999 -9999 -9999 -9999 -9999 -9999 -9999 -9999
3869.765 3889.801 3870.144 3833.46 3825.863 3890.434 3959.887 3951.251 3827.833 3653.182 3503.786 3420 3857.782 3911.685 3960.457 4019.962 4044.151 4064.223 4049.942 4049.871 3992.47 3898.831 3749.768 3510 3676.57 3869.925 4048.573 4114.922 4107.729 4082.581 4049.476 3960.257 3960.004 3989.048 4036.324 4016.429 3668.094 3240 3614.972 3958.341 4049.351 4025.518 3959.771 3860.963 3599.938 3862.194 3928.902 3960.351 4049.974 4050.315 4039.829 3923.578 -9999 -9999 -9999 -9999 -9999 -9999 -9999 -9999 -9999 -9999 -9999 -9999 -9999 -9999 -9999 -9999
3914.29 3959.964 3958.944 3827.54 3777.992 3802.799 3892.848 3959.961 3944.195 3862.791 3646.727 3420 3825.021 3959.66 4006.315 4037.278 4050.006 4049.512 3960.784 3974.822 3928.909 3782.521 3688.274 3510 3657.714 3828.101 4021.489 4121.724 4115.89 4064.441 3990.322 3961.464 3947.739 3960.052 4018.558 4055.417 3871.267 3240 3580.293 3954.233 4017.37 3960.022 3870.438 3771.785 3599.963 3773.399 3893.922 3960.169 4049.971 3966.642 3735.979 3600 -9999 -9999 -9999 -9999 -9999 -9999 -9999 -9999 -9999 -9999 -9999 -9999 -9999 -9999 -9999 -9999
3903.317 3919.986 3915.209 3958.739 3827.899 3788.729 3825.276 3905.857 3959.782 3959.867 3862.006 3420 3691.644 3870.685 3959.792 3996.062 4012.505 3959.559 3870.507 3914.769 3870.273 3780.424 3688.152 3510 3698.952 3870.506 4040.595 4126.788 4108.561 4071.973 4037.064 4004.82 3951.362 3934.796 3960.368 4028.049 3907.997 3240 3623.894 3956.407 3959.947 3870.578 3756.047 3599.983 3771.642 3869.757 3930.333 3960.148 4011.742 3913.625 3600 -9999 -9999 -9999 -9999 -9999 -9999 -9999 -9999 -9999 -9999 -9999 -9999 -9999 -9999 -9999 -9999 -9999
