static/jobfarm/user_models/minyf/common/HOME-GBHM/输入文件/Input/Basemap/elevation.asc
ncols         221
nrows         204
xllcorner     -627000
yllcorner     3955000
cellsize      900
NODATA_value  -9999
[rows 30 to 59 of 204, columns 0 to 67 of 221]
-9999 -9999 -9999 -9999 -9999 -9999 -9999 -9999 -9999 -9999 -9999 -9999 -9999 -9999 -9999 -9999 -9999 -9999 -9999 -9999 -9999 -9999 -9999 -9999 -9999 -9999 -9999 -9999 -9999 -9999 -9999 -9999 -9999 -9999 4403.464 4402.687 4409.982 4402.098 4402.117 4402.136 4405.588 4408.702 4402.177 4320 4320.037 4349.189 4368.818 4320.292 4321.317 4176.611 3855.655 4108.206 4226.513 4224.603 4174.162 4139.994 4101.82 4049.997 4016.601 3963.911 3939.78 3928.201 3932.544 3986.433 4035.213 4050 4050.022 4070.266
-9999 -9999 -9999 -9999 -9999 -9999 -9999 -9999 -9999 -9999 -9999 -9999 -9999 -9999 -9999 -9999 -9999 -9999 -9999 -9999 -9999 -9999 -9999 -9999 -9999 -9999 -9999 -9999 -9999 -9999 -9999 -9999 -9999 -9999 4412.396 4410 4402.076 4403.039 4404.106 4410 4410 4399.776 4366.573 4320 4334.024 4363.924 4380.92 4357.711 4319.929 4230.252 4107.777 3856.146 4108.012 4171.246 4140.045 4135.796 4102.393 4050.08 4024.432 3983.432 3956.545 3931.773 3962.105 4008.831 4050.019 4079.179 4092.666 4102.849
-9999 -9999 -9999 -9999 -9999 -9999 -9999 -9999 -9999 -9999 -9999 -9999 -9999 -9999 -9999 -9999 -9999 -9999 -9999 -9999 -9999 -9999 -9999 -9999 -9999 -9999 -9999 -9999 -9999 -9999 -9999 -9999 -9999 -9999 4407.884 4402.062 4409.999 4410 4410.003 4421.603 4424.872 4409.998 4383.943 4320 4340.562 4359.449 4359.614 4319.531 4230.633 4132.275 4023.595 4147.943 3856.647 4112.435 4147.913 4154.652 4124.578 4086.298 4049.92 3988.032 3936.436 3951.988 4008.82 4050.005 4087.472 4121.145 4139.977 4139.994
-9999 -9999 -9999 -9999 -9999 -9999 -9999 -9999 -9999 -9999 -9999 -9999 -9999 -9999 -9999 -9999 -9999 -9999 -9999 -9999 -9999 -9999 -9999 -9999 -9999 -9999 -9999 -9999 -9999 -9999 -9999 -9999 -9999 -9999 4406.94 4404.376 4412.377 4419.024 4426.01 4431.228 4432.28 4401.359 4409.527 4320 4328.583 4338.49 4319.797 4251.074 4236.794 4229.446 4176.62 4243.819 4158.404 3857.153 4036.035 4122.917 4110.899 4098.139 4050.073 3990.29 3939.542 3970.392 4049.75 4077.105 4107.347 4139.989 4148.575 4156.346
-9999 -9999 -9999 -9999 -9999 -9999 -9999 -9999 -9999 -9999 -9999 -9999 -9999 -9999 -9999 -9999 -9999 -9999 -9999 -9999 -9999 -9999 -9999 -9999 -9999 -9999 -9999 -9999 -9999 -9999 -9999 -9999 -9999 4409.661 4407.301 4407.504 4413.15 4420.436 4427.583 4409.914 4409.319 4320 4320 4322.627 4325.335 4319.972 4278.47 4264.331 4262.701 4257.708 4230.072 4230.007 4216.368 4073.583 3857.659 4039.244 4029.25 4087.352 4049.925 3976.142 3942.445 3950.314 4001.684 4050.04 4084.59 4112.847 4139.801 4139.99
-9999 -9999 -9999 -9999 -9999 -9999 -9999 -9999 -9999 -9999 -9999 -9999 -9999 -9999 -9999 -9999 -9999 -9999 -9999 -9999 -9999 -9999 -9999 -9999 -9999 -9999 -9999 -9999 -9999 -9999 -9999 -9999 -9999 4410.879 4409.244 4409.019 4409.998 4410.001 4409.775 4320 4320 4320 4312.572 4318.056 4320 4303.259 4284.768 4291.207 4290.652 4272.081 4250.416 4230.009 4218.381 4161.288 4078.075 3858.158 3858.533 4043.259 4009.334 3965.796 3947.499 3947.053 3960.139 4035.693 4050.001 4050.023 4050.252 4083.563
-9999 -9999 -9999 -9999 -9999 -9999 -9999 -9999 -9999 -9999 -9999 -9999 -9999 -9999 -9999 -9999 -9999 -9999 -9999 -9999 -9999 -9999 -9999 -9999 -9999 -9999 -9999 -9999 -9999 -9999 -9999 -9999 -9999 -9999 4411.537 4411.438 4410 4405.644 4384.446 4326.129 4313.927 4320.132 4314.819 4317.477 4319.999 4303.259 4319.98 4320.912 4314.891 4270.087 4254.499 4229.938 4183.923 4140.07 4131.107 4043.877 3906.084 3859.004 3891.016 3926.417 3952.137 3953.175 3952.226 4035.887 4035.518 4035.056 4034.389 4033.639
-9999 -9999 -9999 -9999 -9999 -9999 -9999 -9999 -9999 -9999 -9999 -9999 -9999 -9999 -9999 -9999 -9999 -9999 -9999 -9999 -9999 -9999 -9999 -9999 -9999 -9999 -9999 -9999 -9999 -9999 -9999 -9999 -9999 -9999 -9999 4415.855 4416.041 4409.997 4381.55 4341.389 4324.08 4321.719 4320.11 4317.5 4320 4320 4328.798 4320.01 4319.487 4230.346 4229.917 4186.697 4140.07 4131.886 4142.23 4115.467 4048.56 3949.475 3859.454 3907.173 3959.916 3960 3955.617 4009.171 4049.975 4050 4052.363 4066.737
-9999 -9999 -9999 -9999 -9999 -9999 -9999 -9999 -9999 -9999 -9999 -9999 -9999 -9999 -9999 -9999 -9999 -9999 -9999 -9999 -9999 -9999 -9999 -9999 -9999 -9999 -9999 -9999 -9999 -9999 -9999 -9999 -9999 -9999 -9999 4419.52 4418.862 4410.001 4381.622 4348.98 4329.595 4322.214 4319.986 4320.069 4327.739 4329.257 4319.964 4277.024 4230.373 4192.438 4182.715 4140.063 4116.727 4118.28 4129.874 4125.747 4101.063 4049.489 3949.733 3859.878 3907.394 3959.911 4004.906 4049.932 4060.721 4069.171 4097.433 4140.376
-9999 -9999 -9999 -9999 -9999 -9999 -9999 -9999 -9999 -9999 -9999 -9999 -9999 -9999 -9999 -9999 -9999 -9999 -9999 -9999 -9999 -9999 -9999 -9999 -9999 -9999 -9999 -9999 -9999 -9999 -9999 -9999 -9999 -9999 -9999 4424.711 4418.815 4409.986 4377.287 4347.351 4329.715 4322.694 4322.649 4332.827 4334.741 4319.99 4280.583 4230.02 4189.333 4160.569 4140.011 4113.311 4098.205 4097.238 4101.597 4097.732 4096.211 4088.894 4049.529 3957.579 3860.271 3933.302 4049.517 4049.772 4050.004 4072.343 4140.123 4229.603
-9999 -9999 -9999 -9999 -9999 -9999 -9999 -9999 -9999 -9999 -9999 -9999 -9999 -9999 -9999 -9999 -9999 -9999 -9999 -9999 -9999 -9999 -9999 -9999 -9999 -9999 -9999 -9999 -9999 -9999 -9999 -9999 -9999 -9999 4442.661 4435.838 4410 4388.414 4359.835 4336.48 4326.286 4324.974 4334.498 4340.074 4319.778 4287.394 4230.064 4184.418 4160.761 4139.997 4117.846 4095.984 4080.232 4073.092 4069.102 4050.039 4050.033 4049.943 3979.554 3860.632 3959.018 3924.91 4010.624 4049.951 4037.646 4050.141 4139.387 4229.99
-9999 -9999 -9999 -9999 -9999 -9999 -9999 -9999 -9999 -9999 -9999 -9999 -9999 -9999 -9999 -9999 -9999 -9999 -9999 -9999 -9999 -9999 -9999 -9999 -9999 -9999 -9999 -9999 -9999 -9999 -9999 -9999 -9999 -9999 -9999 4461.721 4410.115 4378.583 4346.922 4323.996 4319.999 4320.001 4333.096 4319.716 4230.713 4229.228 4178.832 4140.032 4139.993 4124.529 4103.972 4082.744 4064.035 4050.006 4049.961 4030.873 4027.377 4017.951 3959.859 3860.864 3959.905 3959.618 3983.39 4001.36 4006.674 4028.858 4081.801 4229.393
-9999 -9999 -9999 -9999 -9999 -9999 -9999 -9999 -9999 -9999 -9999 -9999 -9999 -9999 -9999 -9999 -9999 -9999 -9999 -9999 -9999 -9999 -9999 -9999 -9999 -9999 -9999 -9999 -9999 -9999 -9999 -9999 -9999 -9999 -9999 4499.981 4461.432 4410.343 4358.467 4320.009 4311.674 4318.674 4319.976 4278.081 4229.486 4140.409 4140.031 4116.366 4125.73 4114.01 4094.058 4073.462 4050.009 4019.919 4004.284 3997.31 4003.62 3998.394 3959.335 3861.065 3959.487 3972.583 3960.006 3960.019 3985.729 4049.849 4139.275 4230.037
-9999 -9999 -9999 -9999 -9999 -9999 -9999 -9999 -9999 -9999 -9999 -9999 -9999 -9999 -9999 -9999 -9999 -9999 -9999 -9999 -9999 4263.926 -9999 -9999 -9999 -9999 -9999 -9999 -9999 -9999 -9999 -9999 -9999 -9999 4424.583 4456.646 4499.987 4499.534 4410.758 4349.029 4320.024 4319.996 4294.636 4230.114 4224.751 4229.83 4229.42 4140.91 4139.984 4111.787 4086.099 4067.472 4049.928 3989.425 3960.022 3960.011 3974.873 3959.936 3897.708 3861.236 3896.068 3959.916 3954.106 3947.09 3960.042 4023.419 4110.509 4229.834
-9999 -9999 -9999 -9999 -9999 -9999 -9999 -9999 -9999 -9999 -9999 -9999 -9999 -9999 -9999 -9999 4341.773 4320.012 4300.535 4282.886 4269.144 4262.176 4265.381 4283.011 4319.887 4351.003 4409.992 -9999 -9999 -9999 -9999 -9999 -9999 -9999 4275.24 4356.51 4472.723 4519.186 4499.56 4410.951 4365.431 4341.121 4319.949 4267.1 4230.044 4229.516 4230.011 4229.524 4140.268 4098.881 4070.068 4050.007 4031.361 3960.122 3948.755 3951.193 3959.983 3930.846 3883.091 3861.405 3883.791 3927.721 3942.366 3948.661 3960.008 4010.171 4095.57 4229.761
-9999 -9999 -9999 -9999 -9999 -9999 -9999 -9999 -9999 -9999 -9999 -9999 -9999 -9999 4409.963 4395.604 4365.08 4339.938 4316.683 4292.955 4271.319 4255.188 4246.915 4247.394 4262.46 4321.293 4409.317 4415.6 -9999 -9999 -9999 -9999 4503.76 4350.641 4099.64 4274.641 4457.117 4506.804 4538.369 4499.485 4410.05 4353.138 4339.697 4319.933 4275.657 4230.081 4199.176 4140.357 4116.702 4086.717 4058.422 4050.001 4049.884 3984.815 3959.984 3940.108 3930.211 3905.014 3873.32 3861.54 3877.395 3908.697 3935.411 3959.993 3972.654 4009.337 4094.789 4229.583
-9999 -9999 -9999 -9999 -9999 -9999 -9999 -9999 -9999 -9999 -9999 -9999 -9999 -9999 4409.98 4410 4409.95 4365.068 4332.821 4301.002 4271.603 4248.307 4233.876 4226.1 4231.621 4408.058 4320.711 4368.543 4407.989 4410.182 4499.352 4582.499 4541.535 4410.298 4099.64 4336.264 4498.897 4455.369 4499.655 4409.926 4374.092 4320.076 4335.831 4339.98 4319.959 4274.274 4229.952 4170.697 4139.947 4093.069 4050.032 4038.19 3999.993 3960.017 3931.022 3908.521 3898.853 3884.077 3865.994 3861.639 3872.542 3895.042 3924.698 3959.991 3982.88 3998.775 4051.042 4199.55
-9999 -9999 -9999 -9999 -9999 -9999 -9999 -9999 -9999 -9999 -9999 -9999 4413.887 4422.111 4409.996 4399.202 4397.804 4379.903 4340.396 4302.621 4268.405 4241.708 4230.001 4229.978 4199.484 4233.206 4319.248 4349.868 4409.781 4378.949 4412.307 4567.348 4447.661 4103.136 4369.625 4499.824 4411.051 4410.023 4407.994 4200.722 4319.967 4294.897 4319.927 4319.885 4301.48 4278.422 4229.785 4180.05 4140.006 4102.927 4072.063 4049.782 3960.378 3941.966 3897.979 3870.02 3869.991 3870 3870 3861.719 3869.999 3882.471 3910.708 3959.992 4019.106 4032.457 4095.406 4229.774
-9999 -9999 -9999 -9999 -9999 -9999 -9999 -9999 -9999 -9999 -9999 -9999 -9999 4499.994 4410.553 4379.027 4360.977 4320.091 4317.75 4291.55 4259.508 4230.01 4215.851 4203.685 4188.6 4225.143 4239.687 4230.951 4319.532 4320.266 4404.13 4527.456 4499.964 4379.095 4108.821 4364.321 4412.145 4409.896 4312.23 3870 4301.071 4230.382 4251.133 4230.251 4230.16 4229.401 4140.753 4139.889 4111.98 4091.232 4071.653 4050.014 4002.417 3959.353 3870.173 3837.95 3838.079 3849.346 3861.782 3861.828 3865.667 3870.003 3895.235 3960.306 4087.603 4096.538 4179.326 4275.337
-9999 -9999 -9999 -9999 -9999 -9999 -9999 -9999 -9999 -9999 -9999 -9999 -9999 4589.6 4500.529 4410.063 4380.229 4327.722 4319.956 4281.749 4252.176 4229.986 4202.018 4170.225 4140 4140 4140 4140 4228.492 4230.35 4319.131 4325.14 4410.431 4417.12 4114.161 4402.822 4425.068 4365.751 4248.781 3870 4221.814 4226.908 4229.785 4183.266 4184.645 4139.38 4050.479 4075.021 4049.945 4049.923 4049.866 4024.891 3959.445 3870.688 3823.817 3806.016 3810.664 3829.686 3848.468 3861.898 3862.783 3869.994 3889.792 3961.423 4111.315 4228.647 4289.751 4335.309
-9999 -9999 -9999 -9999 -9999 -9999 -9999 -9999 -9999 -9999 -9999 -9999 -9999 4590 4588.903 4458.669 4425.552 4320.208 4284.504 4249.867 4229.999 4209.473 4182.744 4140 4140 4181.609 4229.667 4229.009 4140 4140 4228.55 4230.108 4273.66 4229.755 4120.941 4341.583 4363.779 4329.585 4220.531 3870 4127.323 4140.543 4142.593 4095.588 4139.277 4050.81 4030.145 4049.342 3960.702 3959.995 3960.227 3959.209 3870.649 3826.357 3803.003 3793.238 3799.816 3827.434 3843.059 3855.754 3866.283 3863.615 3916.086 4048.72 4184.107 4270.583 4307.521 4320.101
-9999 -9999 -9999 -9999 -9999 -9999 -9999 -9999 -9999 -9999 -9999 -9999 -9999 4589.122 4545.309 4587.917 4415.661 4320.165 4272.85 4230.041 4214.453 4188.28 4161.931 4140 4161.85 4229.874 4262.595 4262.43 4222.316 4228.974 4140 4140 4140 4140 4128.691 4316.95 4189.521 4229.536 4178.232 3870 3945.638 4049.739 4079.666 4044.337 4049.716 4004.516 3994.51 3960.125 3914.88 3901.748 3890.29 3870.151 3847.757 3832.227 3820.808 3812.631 3817.414 3870.302 3870.045 3870.083 3870.109 3864.13 3975.965 4050.021 4140.531 4229.04 4276.225 4295.594
-9999 -9999 -9999 -9999 -9999 -9999 -9999 -9999 -9999 -9999 -9999 -9999 4559.611 4433.102 4514.323 4500.063 4542.797 4412.566 4320.295 4272.856 4229.936 4177.911 4150.414 4140 4229.405 4281.028 4292.387 4284.818 4266.076 4265.036 4229.251 4151.583 4140 4140.07 4139.957 4169.994 4134.231 4140.401 4139.957 3870 4045.981 4014.073 3986.681 3951.602 3940.628 3935.363 3959.386 3893.559 3885.081 3876.569 3868.343 3863.861 3869.994 3869.99 3869.988 3869.973 3872.41 4002.828 3960.72 3959.953 3959.369 3870.191 3864.725 3959.99 4049.445 4082.04 4183.959 4229.615
-9999 -9999 -9999 -9999 -9999 -9999 -9999 -9999 -9999 4590.012 4574.176 4444.811 4140 4140 4568.109 4589.979 4586.408 4543.586 4412.319 4320.04 4229.998 4158.006 4140 4229.206 4283.933 4319.974 4304.637 4286.168 4264.72 4256.499 4245.234 4229.611 4162.063 4229.44 4229.31 4139.957 4139.957 4139.957 3878.06 4139.957 3870 3875.934 3881.274 3870 3870 3870 3870 3870 3870 3870 3866.193 3869.612 3879.633 3893.9 3918.482 3959.853 4004.544 4063.213 4049.896 4014.274 3980.081 3914.679 3865.083 3904.455 3959.682 3960.808 4049.48 4096.426
-9999 -9999 -9999 -9999 -9999 -9999 -9999 -9999 -9999 4590.007 4564.814 4140 4468.092 4455.741 4582.247 4549.059 4500.525 4499.59 4499.014 4364.446 4230.091 4140 4229.242 4319.527 4320.111 4320.18 4295.12 4276.318 4243.717 4224.813 4207.708 4189.746 4230.275 4320.194 4320.344 4227.389 4138.645 4050 4139.957 3885.352 3887.292 3870 3870 3894.619 3921.837 3959.637 3917.213 3901.945 3885.67 3870 3870 3874.098 3878.626 3893.029 3921.104 3960.038 4010.524 4049.836 4050.012 4019.444 3959.993 3870.239 3865.373 3870.014 3896.749 3909.972 3960.053 4005.819
-9999 -9999 -9999 -9999 -9999 -9999 -9999 -9999 -9999 4555.723 4545.265 4528.419 4140 4485.329 4541.96 4456.32 4366.958 4321.643 4374.984 4323.985 4229.726 4140 4274.051 4353.465 4382.973 4409.437 4320.643 4287.414 4250.678 4230.245 4250.797 4230.191 4319.489 4403.523 4299.554 4050 4050 4139.184 4050.459 4139.957 3972.85 3916.868 3915.243 3931.781 3955.713 3976.749 3960.01 3959.93 3930.848 3899.848 3891.007 3870 3870 3870 3898.064 3929.077 3959.933 3960.566 4019.699 4006.746 3959.996 3870.064 3865.653 3870 3876.247 3887.75 3920.82 3959.997
-9999 -9999 -9999 -9999 -9999 -9999 -9999 -9999 -9999 4547.347 4499.966 4413.781 4140 4388.46 4448.468 4469.208 4321.036 4310.73 4319.993 4289.539 4227.395 4140 4274.359 4364.807 4411.575 4410.722 4409.779 4409.05 4368.549 4318.274 4230.201 4264.394 4321.016 4369.816 4050 4133.032 4224.799 4140.964 4076.22 4050.293 3991.922 3953.232 3951.96 3965.248 3978.161 3984.014 3975.141 3967.939 3959.979 3932.838 3960 3910.014 3893.443 3883.919 3870 3891.389 3915.025 3941.107 3941.788 3959.906 3959.459 3870.157 3865.925 3867.198 3870 3876.557 3899.209 3931.43
-9999 -9999 -9999 -9999 -9999 -9999 -9999 -9999 -9999 4589.621 4500.854 4455.82 4384.61 4140 4140 4364.374 4296.465 4318.49 4279.751 4255.271 4217.305 4140 4274.66 4412.477 4588.134 4530 4500.405 4484.813 4518.73 4230.199 4317.109 4320.189 4397.049 4050 4284.722 4360.379 4321.708 4231.38 4184.093 4106.357 4050.035 3997.811 3994.957 4003.369 4001.739 3993.702 3984.84 3975.057 3960 3960 3960.003 3937.374 3927.211 3914.653 3899.304 3870 3870 3870 3870 3870.092 3870.15 3867.875 3866.194 3868.195 3868.569 3870 3879.642 3894.178
-9999 -9999 -9999 -9999 -9999 -9999 -9999 -9999 4680.007 4631.095 4589.329 4501.161 4492.099 4402.455 4309.693 4140 4140 4140 4170.212 4203.65 4229.427 4140 4273.729 4408.834 4503.524 4557.345 4590.007 4576.57 4230.197 4519.413 4457.172 4360.021 4498.752 4559.497 4545.261 4501.581 4468.732 4379.299 4291.442 4185.691 4139.468 4050.524 4050.034 4049.967 4030.21 4012.349 4005.438 3990.4 3960 3965.996 3971.421 3960.02 3959.985 3944.651 3931.692 3914.845 3917.25 3960 3870.005 3870 3870 3868.712 3867.051 3866.496 3870.672 3872.533 3870 3869.543
-9999 -9999 -9999 -9999 -9999 -9999 -9999 -9999 4634.382 4590.214 4589.963 4589.968 4559.982 4500.027 4410.847 4318.662 4315.5 4186.937 4140 4140 4140 4182.877 4230.27 4321.322 4391.991 4050 4502.518 4589.297 4422.734 4495.215 4589.106 4498.262 4410 4500.026 4589.802 4589.776 4501.517 4431.923 4364.187 4266.111 4229.44 4140 4121.009 4083.739 4050.018 4032.938 4014.067 3960 4018.953 4007.37 4009 3996.139 3972.911 3960 3959.998 3960 3960 3960 3897.312 3870.005 3870 3870 3867.959 3866.67 3875.135 3884.196 3883.503 3870.019
