static/jobfarm/user_models/minyf/common/HOME-GBHM/输入文件/Input/Basemap/slope.asc
ncols         221
nrows         204
xllcorner     -627000
yllcorner     3955000
cellsize      900
NODATA_value  -9999
[rows 116 to 144 of 204, columns 67 to 133 of 221]
5.747347 3.883337 3.50021 4.482967 3.120599 3.55021 5.840818 12.20442 15.32901 15.84426 14.55525 13.56419 13.55795 19.7899 25.07768 10.4421 13.73683 18.10262 21.67589 22.66037 14.56721 4.032969 19.36335 24.61985 14.03175 10.40702 18.70402 20.97456 18.54739 13.72472 12.20396 14.73344 9.363609 14.06334 18.57086 25.7203 18.74113 22.4853 21.66902 8.291442 14.4845 21.37278 22.53102 20.72224 21.34763 21.40635 20.02486 15.11042 18.8288 24.68954 23.51855 19.24335 15.80454 17.72753 12.3105 16.97777 22.69058 21.34077 22.41873 13.9716 20.51493 18.29579 30.22282 18.91144 5.934304 8.405049 18.5209
14.93696 14.11386 9.286645 15.74984 11.1507 6.059958 4.441773 3.145197 4.27056 5.261064 6.540721 7.106415 8.114342 10.64745 16.56116 17.91885 15.35074 9.322049 10.7893 26.02104 22.97552 6.547555 21.02827 24.24494 25.07161 21.14176 14.75609 20.73178 23.43001 21.59831 11.64096 19.36495 12.99832 17.15095 17.84168 20.82874 25.95347 24.78613 21.75317 16.36288 15.01061 16.44131 19.73 27.12816 22.80346 23.95333 15.43966 9.115857 17.37745 21.3921 26.48974 21.87601 20.99649 22.4872 11.9457 12.52384 20.72607 18.37948 24.236 18.90917 20.68281 19.05456 26.14378 20.4576 11.08686 5.368609 21.19159
17.68648 27.93634 20.61455 17.64023 15.03015 15.99023 11.5023 10.30021 3.056816 2.766242 1.822556 3.361024 4.870444 7.396171 11.46007 14.54573 14.04901 13.10311 10.07901 19.89954 27.57684 27.03902 24.6934 23.6782 16.97986 18.13417 19.3811 12.64697 16.16151 12.74295 20.25978 20.79575 14.68097 24.43316 13.95293 18.31373 12.21644 14.80199 14.55995 16.71217 19.79422 22.2186 16.96905 22.9267 17.4983 16.51714 16.19548 10.69668 7.91666 23.89307 24.37357 23.74323 20.95245 18.17377 9.886025 16.67946 15.2918 18.9869 22.8304 11.80707 16.07483 17.194 22.21322 14.7364 7.856013 6.372711 25.16977
24.61934 22.09433 17.93251 13.92364 16.59747 15.59054 14.46266 15.0763 5.613606 12.8293 10.12958 2.999764 2.508458 5.705991 8.149771 10.30885 12.90746 11.56018 14.89953 32.27655 17.07828 34.79123 11.86368 20.30986 20.21437 4.955933 12.68362 17.60913 14.52096 25.66167 21.64762 12.8265 14.37233 26.54508 23.32524 32.07292 25.98211 24.43029 21.43384 17.33933 19.4433 20.41676 19.74858 23.31201 16.85871 18.94128 13.20809 9.599232 15.284 25.93032 18.41233 16.98434 19.57808 17.57166 15.20932 10.30735 17.39167 21.39398 17.35292 18.12189 17.14941 21.59239 20.36044 8.829135 3.904477 12.92171 32.05105
14.38258 15.20769 8.53974 15.83214 13.61028 16.56283 16.37816 8.479069 10.58604 12.64439 13.43264 10.47915 5.545763 1.583079 2.90545 9.460511 15.26147 14.65772 17.17681 16.36927 25.79896 17.71269 7.385021 25.20005 21.5451 25.28159 15.92767 8.868718 19.17129 17.51391 22.69549 21.18982 16.65391 26.87756 27.28125 24.62056 10.57595 10.19059 10.62131 9.092605 13.19486 20.69203 15.02164 17.42735 17.63055 25.51589 22.69403 15.72258 10.61294 16.5265 16.75061 14.49172 15.59431 17.08308 13.77458 16.76686 16.70271 18.5025 14.46781 16.34932 20.06474 26.58579 17.08082 6.958005 5.192214 31.24914 26.1911
10.67286 6.188382 4.418886 8.222476 6.484725 11.0641 11.91559 5.121853 11.91818 12.45521 14.05944 12.42306 11.0209 7.361971 2.860201 1.377461 3.842503 11.25319 11.83644 6.214953 25.00121 20.52355 10.33563 27.68657 26.83873 22.53242 14.31399 6.850911 17.90768 16.44192 14.12381 20.38726 17.64111 20.23366 30.62471 23.1696 19.21672 14.34176 14.23526 8.6106 13.84163 12.31909 17.43207 15.1414 19.59288 20.31073 20.66198 21.99816 18.25995 11.77608 16.80836 19.69568 10.15052 16.18229 11.15203 11.23823 14.56758 14.532 8.728164 18.96386 14.71415 21.42592 14.60913 4.162585 28.33706 16.59853 20.54808
37.63654 13.59378 14.7222 8.932355 5.697617 12.05217 9.167418 5.266982 14.11591 10.28846 12.90875 14.84491 13.52116 14.05085 9.64949 8.91876 5.300359 2.623274 1.825321 4.975471 12.85164 17.0008 17.42089 21.41853 23.39628 13.96013 7.002975 3.525363 20.26435 22.03268 11.88547 16.09498 21.67944 22.40407 22.53283 21.28086 20.71635 18.64532 16.27345 11.27028 21.14516 14.62161 11.55761 12.7148 18.01367 22.90515 24.16956 20.60822 10.63839 13.59353 19.44711 24.66138 14.58976 15.91896 12.68647 15.76733 14.03522 18.22253 8.813434 13.89758 20.83375 18.17988 9.005199 4.078983 20.8396 15.03084 15.45881
37.08875 37.73032 32.08676 16.65096 10.45952 15.02402 10.27817 12.49433 14.60475 9.702179 11.12693 14.25883 12.82162 11.35387 10.74153 10.3785 10.74167 11.05087 7.552806 3.957047 4.385929 19.70624 12.92124 15.13911 19.67728 15.75903 8.305896 3.365711 14.72428 17.27038 19.46167 12.77616 21.00522 23.54144 24.29329 21.81572 19.38337 20.29718 16.16093 16.00557 23.51689 18.47552 13.61084 10.57466 17.56785 15.04788 18.12897 18.9358 14.84774 15.28391 17.18817 17.28401 19.38791 12.40737 11.15993 12.92624 14.12839 13.33778 16.26208 14.49387 18.82719 15.70838 4.303919 11.08543 12.89499 12.02145 14.84455
10.37643 28.9014 37.5406 39.48357 20.03773 18.01259 9.094368 16.68718 10.78769 10.73986 14.74068 10.47795 8.985233 11.35469 9.674301 7.448724 7.781442 5.322483 2.31267 2.314909 4.384242 3.647812 3.690082 17.18356 21.19173 11.84889 10.92521 8.276916 7.93931 18.59627 21.65953 13.11179 6.415631 15.13454 20.75516 26.42201 20.93274 14.20978 18.74816 20.33459 11.08411 20.55268 16.56532 14.31631 10.99762 17.51729 14.6211 13.07022 14.726 17.33343 12.49886 16.24838 15.22744 8.507732 11.57802 11.1186 11.95163 15.13207 16.77904 15.16703 18.31232 23.83941 3.328994 5.306464 11.39791 6.409184 12.69134
11.15944 9.98939 15.51456 20.616 17.92357 8.128061 7.665174 13.7102 7.184228 14.02545 11.8879 10.72401 9.520025 7.132874 6.426403 6.262255 2.925066 2.45727 3.922833 5.926109 7.222201 3.072118 1.682774 10.1287 15.63848 15.36342 9.806268 10.85649 12.27654 11.08148 13.20167 18.7979 8.298592 6.426925 13.97917 20.80404 20.79081 21.91205 23.99467 16.63157 10.71912 16.29851 17.20546 16.16055 12.39142 12.57998 15.91058 12.01405 14.04668 14.89159 10.55083 11.94768 9.36977 9.753644 11.19456 11.84244 13.00014 16.93161 16.28753 12.17464 17.07167 20.95401 7.011431 3.268843 5.074534 12.85762 16.57085
41.46145 24.65364 12.0428 6.671304 8.312236 10.74251 4.109856 12.78562 8.341178 12.11675 8.011272 8.039229 6.684847 8.791121 4.851305 2.457415 2.580699 4.710372 5.983922 7.195998 6.028254 6.792361 2.133519 2.760744 11.57569 19.13002 22.38667 28.25411 29.08355 30.33194 18.56693 12.75724 20.85374 4.653828 3.692739 9.014126 17.88369 26.90042 22.1842 13.83467 16.27575 15.44357 18.39781 17.31166 11.53992 10.65883 12.38465 11.4804 15.83051 10.59616 12.15304 10.45596 10.25215 12.3068 11.45084 10.09912 15.81737 17.83295 11.51223 8.447395 7.15289 12.13137 31.08052 6.704139 3.700932 9.510458 22.03598
37.57458 30.22768 29.5235 10.91414 14.98467 23.09205 7.545633 14.47642 9.503605 14.06885 9.970653 8.547527 8.688595 7.38755 2.462132 3.432728 5.144988 4.500686 7.4265 7.969428 7.714684 6.8655 3.256687 2.658226 1.08309 7.127416 10.44583 19.40461 21.29047 17.64844 20.19257 24.69611 25.54537 11.09075 4.500217 4.30717 9.584775 19.3041 23.13896 19.49036 22.6276 19.0345 11.10935 16.48141 13.28029 11.66203 11.9746 10.47887 11.7188 12.97421 13.45498 8.625445 9.894674 11.85336 13.12745 11.27891 10.68481 14.17824 9.186795 12.9153 7.959015 12.19781 11.31201 29.8134 10.79226 4.389709 7.84303
38.8842 38.23517 32.80131 13.72409 50.88214 54.23801 23.72232 30.77125 33.7396 22.02776 23.67184 20.90253 7.96769 2.769949 5.812965 6.386946 6.602689 6.246554 8.124962 8.578547 9.688248 3.391377 6.718297 9.470769 1.69052 0.8344772 0.9177302 2.703925 6.644337 13.77199 10.96525 9.11648 11.41125 7.821575 4.782756 4.411749 3.616205 9.987606 19.05701 20.4064 19.99913 18.68407 12.33891 13.55089 15.38482 15.9657 12.20644 10.46956 8.55208 11.74909 12.96794 9.190495 9.682573 9.614761 10.49886 10.72125 4.142598 11.03685 11.10063 12.38512 11.60139 13.87506 15.16675 11.16346 24.37446 18.87751 3.239388
43.64125 44.13979 28.3687 15.74258 39.55649 43.46281 46.08537 52.7222 45.57912 29.20933 28.11722 27.76728 6.996697 6.513871 10.71197 14.52245 10.89165 7.401569 6.62364 7.908589 7.271008 6.325817 6.967581 8.669417 8.041907 3.079879 1.624121 0.802183 2.738575 10.93144 9.495518 4.158725 10.92455 4.213768 3.317725 4.580754 3.375694 4.133453 7.784715 14.87567 16.41788 19.91473 14.97879 14.4315 14.87439 14.29392 13.27887 10.88296 7.281029 7.51192 9.728279 13.61592 12.26724 9.382252 9.103481 5.645284 6.608399 8.514985 8.234997 11.66914 11.85868 13.25906 12.80202 7.903368 7.120956 17.7534 24.5475
-9999 43.10025 33.43484 31.23032 26.0118 17.66357 29.78424 40.20686 50.96231 49.21464 39.61606 21.50299 13.71386 34.72994 33.82463 32.43975 18.26885 10.56426 9.243646 10.11357 5.444728 8.821426 7.623299 6.927282 7.105116 5.832136 6.390029 2.899745 1.089913 0.8199302 1.282872 2.500213 3.724012 3.047326 4.0191 3.552623 3.89981 3.424427 3.691504 4.330104 7.269823 16.5745 10.34258 17.65382 14.06478 11.73702 13.08069 11.60185 10.7192 9.913467 4.137774 7.218288 10.85859 9.452963 10.63581 6.674465 8.061939 10.37294 11.01533 11.45478 14.46172 12.4655 10.20364 10.16359 8.020173 13.27904 20.36406
-9999 -9999 42.28315 40.92219 41.71932 38.15428 44.63922 22.83086 20.97899 40.99456 49.60486 15.61091 40.69698 54.96236 49.56118 44.71233 30.58425 23.06953 27.79295 18.35482 10.19793 15.24192 15.34218 15.37894 5.94916 6.472363 8.253697 6.723784 6.48342 3.877502 2.041464 0.8745628 0.8348904 2.940344 4.643993 2.529783 3.046981 3.348384 2.859014 3.462142 3.63764 4.455788 6.813961 14.25424 13.13514 12.51431 10.60838 11.7912 13.02557 10.54501 10.23891 4.106297 2.939005 9.592654 6.802135 8.513811 12.46829 11.09836 8.903888 9.495903 6.660969 9.320131 11.49615 11.49448 8.962763 13.91005 15.03216
-9999 -9999 -9999 51.57211 44.18228 48.03141 57.00212 50.47977 47.48922 33.24849 14.24386 13.68696 27.45812 43.39605 46.48902 43.49961 35.46974 16.47902 28.05575 27.72206 30.24484 32.43937 25.10195 14.10683 11.6862 17.24138 18.79247 16.19873 9.197558 8.246843 6.459617 3.948747 2.940589 1.102268 0.7819765 0.6742157 0.9637046 0.9904945 1.617015 1.76514 1.947343 2.344223 3.291126 11.35005 7.501729 11.66774 11.02759 9.936942 10.2542 8.814542 12.01439 10.7002 4.044708 2.768559 2.547616 5.032948 7.67004 10.14101 11.00601 11.88015 11.04583 10.1787 9.52684 10.12892 9.723428 12.95939 13.44953
-9999 -9999 -9999 -9999 -9999 36.17115 46.98072 48.00034 45.83957 40.07868 43.93379 47.97042 29.21123 21.39539 25.56741 32.16618 26.9124 24.66747 26.60404 35.11435 31.13556 29.90517 37.85581 26.82381 22.17771 17.63107 17.21893 20.19851 16.85406 15.0293 9.098594 6.287361 5.169023 4.227717 1.775433 0.9765248 0.9668953 0.8627954 0.7249407 0.6777938 0.9883136 1.490861 1.875418 1.542903 6.727161 16.83846 11.84373 9.619627 10.03871 8.713686 8.883281 8.315925 9.57537 1.970877 2.62053 5.538953 9.866413 9.02599 8.426311 9.379056 11.56457 9.850051 6.790212 10.16833 5.952452 9.798995 12.8192
-9999 -9999 -9999 -9999 -9999 -9999 44.02436 42.18109 50.11105 41.76088 40.93419 52.92673 47.13674 43.66669 33.94074 34.13129 28.15052 26.35552 28.15676 28.60297 27.23561 22.84176 39.41781 42.93806 40.26144 40.9762 32.6558 29.87623 28.5384 19.97028 18.66862 8.882787 9.5294 7.647681 5.956628 2.863802 1.785995 0.86067 0.8583663 0.7802871 0.9045586 0.913493 0.8145657 0.7624428 1.316945 9.455475 7.090992 7.294379 7.813691 10.50227 5.363074 9.417213 5.2772 1.894749 1.43331 4.233238 8.687294 9.95998 8.295379 6.042709 8.700104 10.10315 8.282456 12.93 5.562902 6.153603 8.913247
-9999 -9999 -9999 -9999 -9999 -9999 37.18768 40.99269 33.29825 26.1756 18.99551 35.37415 45.04882 54.58805 55.68905 50.38762 36.30083 29.06672 33.72743 24.55851 29.21346 30.12809 21.81429 41.73459 40.87023 44.8123 44.57274 53.04153 56.33382 54.75324 46.93167 34.43759 29.71287 9.743813 6.76133 4.585831 3.458835 2.876189 3.181832 3.298428 3.213077 3.086553 2.175846 1.575141 0.8312354 0.8970365 1.722106 6.979663 5.353617 11.73619 3.195671 8.14949 5.209096 1.844576 1.538089 7.325518 8.35734 8.18079 6.150113 5.563592 9.260712 9.868642 10.53319 12.2767 9.018906 5.905298 10.69989
-9999 -9999 -9999 -9999 -9999 -9999 44.58142 30.97395 29.63691 35.81965 29.80101 30.83522 18.68778 45.09515 47.42993 51.25634 50.35177 45.8796 41.94065 49.7931 36.58652 27.6728 17.93978 14.92792 16.72577 22.56951 41.58962 42.12269 54.89647 68.7842 59.72419 44.02639 43.51359 22.91302 7.786024 5.534755 3.599456 2.324227 2.56395 2.401556 2.129815 2.232009 2.216043 2.310796 2.389604 1.616405 0.794077 1.276757 1.428066 1.925134 1.644187 5.821124 6.210381 1.893711 1.509698 5.344385 7.783715 8.849681 4.958759 7.150501 7.631992 10.02432 9.155467 10.81751 9.357976 9.099532 11.78495
-9999 -9999 -9999 -9999 -9999 -9999 -9999 -9999 38.79006 27.15984 26.73031 51.52861 28.83352 21.43624 38.96146 42.76133 41.56205 45.84039 42.65557 50.52719 51.33815 36.29728 27.03242 25.25635 13.1232 6.232824 9.110954 38.11502 50.12691 46.17956 49.78424 44.89372 33.24065 37.13638 11.37462 7.057075 3.984976 3.147712 2.236782 1.99475 1.940371 1.882345 1.733159 1.865377 1.732722 2.04729 2.074658 0.9676671 0.6700611 1.027143 1.426144 1.707905 5.833255 1.803444 1.832142 2.153511 6.384423 6.903925 3.969692 7.154413 8.266987 8.573446 9.133058 9.435253 8.335376 12.53622 12.87823
-9999 -9999 -9999 -9999 -9999 -9999 -9999 -9999 32.54345 41.10376 52.57233 48.5474 46.27713 25.21951 29.79872 37.06702 43.55778 44.9456 45.03845 49.79649 64.8786 63.90625 54.54966 21.91725 13.6064 15.21189 20.00524 14.72756 46.61187 58.31662 33.91127 15.59743 20.48314 38.69233 16.89265 8.514211 4.230604 3.039067 1.949971 2.038588 1.873784 1.811131 1.892915 1.853576 1.581006 1.722483 2.114773 1.884689 0.7911088 0.8189816 0.8047931 1.178239 1.410417 1.478927 1.6864 1.913536 4.735998 5.220555 2.643045 4.966024 8.01241 10.37565 5.566524 8.992298 9.129881 10.67876 9.197274
-9999 -9999 -9999 -9999 -9999 -9999 -9999 -9999 -9999 30.50832 31.8253 34.06486 37.29128 24.80417 37.84997 38.41835 43.14944 39.94913 34.15454 43.2602 53.42012 62.13618 43.01543 30.90512 35.6297 45.29655 29.87184 22.15558 15.05686 34.8224 48.46745 34.53191 39.42415 41.93566 17.14576 7.812545 5.507175 3.184401 2.430055 1.931873 1.896557 1.985491 2.031122 2.261083 2.041734 2.010204 1.784151 1.951958 1.800588 0.9857306 0.7251797 0.8511096 1.278073 1.723446 1.421606 1.941162 4.12537 3.039251 1.54212 3.612826 7.829826 8.664678 4.900925 11.72187 8.404843 10.30945 7.203392
-9999 -9999 -9999 -9999 -9999 -9999 -9999 -9999 -9999 32.90549 32.85044 40.12469 21.41015 26.92768 38.71382 26.95339 37.42035 40.94012 42.44911 40.25378 48.84581 46.45649 38.675 26.08729 51.33999 55.09751 49.75649 40.52171 27.59375 15.42717 37.97416 51.86897 47.53442 39.09885 28.98926 16.22529 8.235714 3.985863 2.315211 2.074697 2.045223 1.725832 2.001735 1.951327 2.003001 1.852009 1.650059 1.550073 2.002551 1.764855 1.086488 0.7027296 0.7894899 1.189036 1.746039 1.454795 1.614163 1.637877 1.70568 3.832464 6.916293 6.791932 2.619526 6.864951 9.706545 11.08465 6.93975
-9999 -9999 -9999 -9999 -9999 -9999 -9999 -9999 -9999 26.48875 29.04662 22.6855 29.90148 47.95348 38.20064 21.27338 24.45336 29.68682 39.04934 48.4624 39.94087 37.01249 42.17021 21.98648 52.53232 62.1162 54.10006 41.37876 27.57267 9.580833 17.86955 41.57528 35.86985 32.22304 39.19723 25.49564 8.476357 3.399866 2.02258 1.771484 1.826923 2.086209 1.746734 1.767749 1.841697 1.712163 1.666225 2.021862 2.170318 2.294251 1.94241 0.9277874 0.6488589 0.8145605 1.15077 1.481455 1.518159 1.581315 1.492193 3.974085 7.832709 8.152616 4.570391 3.264926 7.812909 10.14172 4.492426
-9999 -9999 -9999 -9999 -9999 -9999 -9999 -9999 -9999 -9999 -9999 -9999 31.6779 -9999 28.08342 34.70352 38.10739 19.2433 13.59333 36.89174 37.35057 50.66657 42.68035 47.2738 49.44094 46.05774 56.91182 35.40458 43.75861 41.6562 27.22586 19.30023 35.62425 29.46461 32.1329 29.01231 7.626888 2.562497 2.080131 2.160967 1.933204 2.469222 1.919909 1.994033 1.906704 1.817662 1.828419 1.654668 1.601234 2.05757 2.511315 1.111462 0.940343 0.6908458 0.7283026 1.227942 1.445515 1.497295 1.319051 2.479775 5.887874 7.909243 4.359885 4.336026 8.016611 7.674874 4.690308
-9999 -9999 -9999 -9999 -9999 -9999 -9999 -9999 -9999 -9999 -9999 -9999 -9999 -9999 30.08522 35.24318 38.26058 24.42546 15.24942 16.15982 18.50349 37.36799 38.58252 45.44908 50.05668 49.99974 38.03416 36.01099 30.49832 43.1828 35.57607 16.89742 16.47232 33.10471 27.25093 18.6169 3.436788 2.238704 2.926203 3.507726 1.869613 1.922106 2.179531 1.936141 1.986556 1.844411 1.786496 1.68406 1.805634 1.685934 1.81681 1.291197 1.230484 1.146881 0.745444 0.7505913 1.457395 1.367802 1.421469 1.143387 2.1385 6.830971 7.204077 2.432243 7.830687 7.86104 8.745082
-9999 -9999 -9999 -9999 -9999 -9999 -9999 -9999 -9999 -9999 -9999 -9999 -9999 -9999 -9999 -9999 30.17652 30.0529 34.35487 24.06116 24.74006 28.09155 51.98334 33.38464 51.98619 46.22852 36.71564 39.77285 42.17955 27.52712 40.02705 41.48491 17.79345 22.95021 29.24724 13.48108 21.10811 12.71238 4.869027 2.987006 2.448895 2.34438 1.867755 1.927725 1.754532 1.841195 1.74739 1.594038 1.830984 1.643185 1.799669 1.566669 2.108757 2.062702 1.153161 0.6685788 1.010331 1.601102 1.446746 1.315148 1.844867 4.486363 3.642862 1.509462 4.160455 7.418122 7.05294
