static/jobfarm/user_models/minyf/common/HOME-GBHM/输入文件/Input/Basemap/slope_length.asc
ncols         221
nrows         204
xllcorner     -627000
yllcorner     3955000
cellsize      900
NODATA_value  -9999
[rows 130 to 155 of 204, columns 118 to 176 of 221]
0.1494554 0.1833901 0.1504509 0.1504509 0.0320506 0.1474027 0.1504509 0.1504509 0.07275333 0.209937 0.05060752 0.2018887 0.2018887 0.2018887 0.210476 0.210476 0.05846566 0.210476 0.06494674 0.210476 0.04897563 0.08180306 0.1875658 0.132003 0.05236026 0.132003 0.247982 0.247982 0.04535654 0.247982 0.2568515 0.06421288 0.1129924 0.06677195 0.04616025 0.1129924 0.0728553 0.111493 0.3015926 0.3015926 0.3015926 0.3015926 0.05073575 0.3015926 0.236848 0.236848 0.236848 0.1701296 0.04982973 0.236848 0.14814 0.05486651 0.14814 0.14814 0.05766105 0.14814 0.1197479 0.06619992 0.1353743
0.04845859 0.04790226 0.1504509 0.05563075 0.6254343 0.1504509 0.1504509 0.1504509 0.2018887 0.02980045 0.04851589 0.2018887 0.2018887 0.2018887 0.210476 0.210476 0.210476 0.04564033 0.07608978 0.210476 0.132003 0.02893459 0.132003 0.0601518 0.08850767 0.132003 0.247982 0.247982 0.4457847 0.04735223 0.247982 0.0474402 0.1129924 0.05005927 0.1847267 0.05824441 0.09236334 0.1129924 0.3015926 0.3015926 0.439565 0.03242267 0.1208267 0.3015926 0.236848 0.236848 0.236848 0.236848 0.2697889 0.05049261 0.14814 0.05122609 0.14814 0.14814 0.08327882 0.06455391 0.06792355 0.1353743 0.1353743
0.1041811 0.03995688 0.115646 0.05563075 0.1178146 0.1178146 0.1178146 0.1178146 0.2409978 0.03295778 0.2573125 0.2409978 0.2409978 0.2409978 0.1398597 0.05701384 0.05491333 0.05709631 0.06592212 0.1902259 0.2003759 0.0582596 0.05559087 0.1674396 0.2003759 0.2003759 0.1181446 0.1181446 0.1181446 0.0652834 0.1485949 0.1619713 0.04114464 0.04781577 0.0441783 0.05149804 0.05969089 0.04472372 0.04911453 0.05740763 0.05833203 0.5428168 0.5428168 0.5428168 0.3047805 0.3047805 0.3047805 0.3047805 0.3047805 0.2697889 0.03320061 0.4522471 0.1137232 0.1137232 0.2188152 0.04336586 0.4560465 0.4560465 0.4560465
0.1448879 0.08630697 0.03779646 0.04227703 0.1178146 0.1178146 0.1178146 0.1178146 0.07148275 0.1616372 0.2409978 0.2409978 0.2409978 0.2409978 0.1902259 0.1902259 0.1902259 0.1543422 0.04098752 0.0747664 0.2003759 0.1097548 0.04610034 0.2003759 0.2003759 0.2003759 0.1181446 0.1181446 0.1392864 0.1181446 0.0482311 0.1181446 0.04535073 0.05168819 0.07541708 0.09497911 0.09497911 0.09497911 0.5428168 0.5428168 0.5428168 0.5428168 0.5428168 0.5428168 0.3047805 0.3047805 0.3047805 0.3047805 0.3047805 0.3047805 0.04815007 0.1137232 0.1137232 0.1137232 0.0388771 0.1271294 0.09844373 0.05273781 0.06963369
0.1448879 0.1448879 0.1271641 0.03355592 0.2547453 0.1178146 0.1178146 0.1178146 0.0550417 0.2409978 0.2409978 0.2409978 0.2409978 0.2409978 0.1902259 0.1902259 0.1902259 0.1902259 0.1902259 0.05286781 0.2003759 0.1266285 0.06629039 0.2003759 0.2003759 0.2003759 0.1181446 0.1181446 0.1172773 0.05353308 0.04735223 0.1133899 0.06642237 0.05077621 0.09497911 0.09497911 0.09497911 0.09497911 0.5428168 0.5428168 0.5428168 0.5428168 0.5428168 0.5428168 0.3047805 0.3047805 0.3047805 0.3047805 0.3047805 0.3047805 0.05121483 0.09154936 0.06937779 0.06459226 0.04691524 0.09569887 0.05753436 0.05531673 0.4560465
0.1448879 0.1448879 0.3069996 0.02828442 0.1178146 0.1178146 0.1178146 0.09135141 0.03665959 0.2409978 0.2409978 0.2409978 0.1331032 0.2409978 0.1902259 0.1902259 0.1902259 0.1902259 0.1902259 0.04512547 0.1790794 0.0467763 0.2003759 0.2003759 0.2003759 0.2003759 0.09108064 0.1181446 0.1181446 0.4347603 0.03612118 0.04020903 0.1590942 0.03586994 0.09497911 0.09497911 0.09497911 0.09497911 0.5428168 0.5428168 0.5428168 0.5428168 0.5428168 0.5428168 0.3047805 0.07369658 0.3047805 0.3047805 0.2504328 0.3047805 0.1137232 0.06310846 0.03132439 0.07827207 0.1137232 0.1137232 0.4560465 0.4560465 0.4560465
0.1448879 0.4262002 0.03259582 0.1135913 0.09006593 0.1178146 0.1178146 0.04693306 0.4280924 0.2409978 0.2409978 0.5875441 0.05307055 0.2409978 0.1902259 0.1902259 0.1902259 0.1902259 0.1902259 0.09607894 0.03788614 0.6114131 0.2003759 0.2003759 0.2003759 0.2003759 0.1583705 0.05562743 0.1181446 0.1181446 0.0313431 0.1042367 0.0537916 0.1425249 0.04483999 0.06261662 0.09497911 0.09497911 0.5428168 0.5428168 0.5428168 0.5428168 0.5428168 0.5428168 0.3047805 0.07369658 0.07331973 0.3047805 0.05186629 0.3047805 0.1137232 0.1581321 0.04784428 0.1137232 0.1137232 0.1137232 0.4560465 0.4560465 0.4560465
0.09920635 0.1448879 0.03454318 0.1178146 0.05275943 0.1178146 0.1178146 0.0559093 0.2409978 0.2409978 0.2409978 0.05226052 0.2409978 0.2409978 0.1902259 0.1400965 0.09266523 0.1902259 0.1902259 0.1902259 0.04409879 0.2003759 0.2003759 0.1411968 0.2003759 0.2003759 0.1181446 0.07003807 0.1583705 0.03776299 0.07851876 0.1181446 0.02938176 0.03924365 0.1760183 0.09497911 0.09497911 0.09497911 0.5428168 0.5428168 0.5428168 0.299441 0.5428168 0.1240993 0.3047805 0.3047805 0.03693182 0.3047805 0.05186629 0.2497951 0.4264287 0.04995903 0.1137232 0.1137232 0.1137232 0.1137232 0.4560465 0.4560465 0.4560465
0.04931142 0.175643 0.05416675 0.1082996 0.04705119 0.1082996 0.1082996 0.0559093 0.1585726 0.1585726 0.1585726 0.04705925 0.1585726 0.1585726 0.100585 0.100585 0.04760623 0.05321235 0.100585 0.100585 0.425858 0.0587984 0.4235904 0.05215769 0.1415201 0.1415201 0.07830295 0.2511414 0.05022828 0.02551032 0.05330447 0.04964633 1.169121 1.169121 0.04908774 0.1244639 1.169121 1.169121 0.1551835 0.1551835 0.1551835 0.053269 0.1551835 0.05850088 0.5992011 0.09166149 0.05342542 0.1237533 0.03643472 0.05988039 0.06405807 0.1787331 0.1787331 0.1787331 0.1787331 0.1787331 0.4905211 0.4905211 0.4905211
0.2465571 0.03182817 0.1082996 0.1082996 0.07104313 0.0547032 0.1273727 0.04783265 0.1585726 0.1585726 0.1585726 0.04799177 0.1585726 0.1585726 0.100585 0.07207185 0.04546899 0.02879064 0.100585 0.100585 0.1415201 0.05356843 0.03911827 0.1415201 0.1415201 0.09257963 0.07830295 0.04496082 0.06748559 0.05928883 0.0588473 0.07830295 1.169121 1.169121 1.169121 1.169121 1.169121 1.169121 0.05723209 0.1551835 0.1551835 0.0496133 0.1551835 0.1551835 0.05533607 0.09166149 0.04577071 0.06079629 0.09166149 0.09166149 0.1787331 0.1787331 0.1787331 0.1787331 0.1787331 0.1787331 0.4905211 0.4905211 0.4905211
0.05119904 0.09267747 0.109795 0.1082996 0.1082996 0.1082996 0.08491511 0.03683758 0.05934796 0.1585726 0.1585726 0.04867402 0.1585726 0.1585726 0.100585 0.05898713 0.2460688 0.04268921 0.100585 0.100585 0.1415201 0.04066114 0.1415201 0.1415201 0.1415201 0.1229857 0.04314842 0.05446872 0.06281257 0.03036442 0.2454855 0.0490971 0.4190716 1.169121 1.169121 1.169121 1.169121 1.169121 0.04937673 0.1551835 0.1551835 0.05530661 0.1551835 0.1551835 0.04963972 0.1049614 0.06148474 0.09166149 0.09166149 0.09166149 0.1787331 0.1337142 0.1728784 0.07174037 0.04898743 0.04465945 0.0391948 0.4905211 0.4905211
0.1126631 0.03885924 0.04048585 0.1188904 0.1082996 0.1082996 0.1082996 0.1082996 0.05210404 0.1585726 0.1585726 0.05226052 0.4154604 0.1585726 0.100585 0.04605326 0.5940594 0.2457768 0.05567848 0.1217327 0.1415201 0.4186857 0.0578081 0.1415201 0.1415201 0.1220835 0.04258026 0.04183153 0.08160281 0.07170268 0.04251543 0.07830295 1.169121 1.169121 1.169121 1.169121 1.169121 1.169121 0.1551835 0.04288146 0.1551835 0.0496133 0.1551835 0.1551835 0.05850088 0.0329129 0.09166149 0.09166149 0.09166149 0.08866743 0.04074789 0.08149578 0.07160863 0.04724621 0.1787331 0.1787331 0.101124 0.1088602 0.4905211
0.02725346 0.05840119 0.04803567 0.03556302 0.1082996 0.1082996 0.1082996 0.1082996 0.03480931 0.1213207 0.1585726 0.2433701 0.04642122 0.1585726 0.100585 0.06151721 0.1133139 0.100585 0.05277734 0.04496781 0.1415201 0.5921053 0.06024431 0.1415201 0.2441671 0.04721335 0.05734032 0.0437981 0.08878388 0.07830295 0.07830295 0.07830295 1.169121 1.169121 1.169121 1.169121 1.169121 1.169121 0.1551835 0.2107292 0.04714164 0.0496133 0.1551835 0.1551835 0.243243 0.06081076 0.09166149 0.04489159 0.04636069 0.03561963 0.06346969 0.1787331 0.1787331 0.1787331 0.1787331 0.1787331 0.4905211 0.4905211 0.4905211
0.03735916 0.0520025 0.0520025 0.0277224 0.09732676 0.1082996 0.1082996 0.05542766 0.2407299 0.04784808 0.1585726 0.1585726 0.05226052 0.1585726 0.100585 0.100585 0.03059873 0.03921901 0.04003461 0.100585 0.1415201 0.05079484 0.1415201 0.1415201 0.05492911 0.06097477 0.04280313 0.07830295 0.07830295 0.07830295 0.07830295 0.07830295 1.169121 1.169121 1.169121 1.169121 1.169121 1.169121 0.1551835 0.1551835 0.03271723 0.1551835 0.1551835 0.1551835 0.03167744 0.1215264 0.04407357 0.2430527 0.09166149 0.09166149 0.1532298 0.0463486 0.1787331 0.1787331 0.1787331 0.1787331 0.4905211 0.4905211 0.4905211
0.1115178 0.1321542 0.03669038 0.09993119 0.04201337 0.1525338 0.2402644 0.4101587 0.05542766 0.04218004 0.1412812 0.1412812 0.0449502 0.04867402 0.09033992 0.09033992 0.04598889 0.09033992 0.09033992 0.09033992 0.1367019 0.5921053 0.05266622 0.09231163 0.05243387 0.02148927 0.2209875 0.2209875 0.2209875 0.2209875 0.2209875 0.2209875 0.201334 0.201334 0.201334 0.201334 0.201334 0.201334 0.09771807 0.09771807 0.06744811 0.1525141 0.09771807 0.07420035 0.03756892 0.03176446 0.2047626 0.2069055 0.2069055 0.2069055 0.6192117 0.6192117 0.6192117 0.6192117 0.6192117 0.6192117 0.1408902 0.1408902 0.1408902
0.09750028 0.2416349 0.07490409 0.4098417 0.04353429 0.05392861 0.07037178 0.1698923 0.1412812 0.09127039 0.06164548 0.1412812 0.1412812 0.1085191 0.05834019 0.09033992 0.05375422 0.09033992 0.09033992 0.2050529 0.05238656 0.1368972 0.1368972 0.1341365 0.05005793 0.05157367 0.2209875 0.2209875 0.2209875 0.2209875 0.2209875 0.2209875 0.08662231 0.201334 0.201334 0.201334 0.09908644 0.2392161 0.09771807 0.09771807 0.1525141 0.06744811 0.09002546 0.04368747 0.2069055 0.2069055 0.05997334 0.04797867 0.06690123 0.2069055 0.6192117 0.6192117 0.6192117 0.6192117 0.6192117 0.6192117 0.1408902 0.1408902 0.1408902
0.09750028 0.09750028 0.4055067 0.03805106 0.04128986 0.02634809 0.1201322 0.06275792 0.1412812 0.1412812 0.1899215 0.06453768 0.1412812 0.1412812 0.195848 0.04227118 0.100255 0.07061754 0.09033992 0.07574596 0.1313877 0.1368972 0.1368972 0.1368972 0.5921053 0.05523222 0.2209875 0.2025726 0.2209875 0.2209875 0.2209875 0.05629697 0.407741 0.201334 0.201334 0.07508788 0.1302462 0.05545461 0.09771807 0.09771807 0.05083802 0.06384547 0.09907373 0.2886836 0.2069055 0.2069055 0.2069055 0.2069055 0.1365084 0.0702631 0.6192117 0.6192117 0.6192117 0.6192117 0.6192117 0.6192117 0.1408902 0.1408902 0.4027352
0.09750028 0.06183337 0.02899433 0.4055067 0.07490409 0.07490409 0.02695956 0.2402644 0.1412812 0.1412812 0.1412812 0.2360055 0.04887829 0.1424411 0.09033992 0.2433701 0.04356955 0.04191722 0.09033992 0.05158697 0.1368972 0.1368972 0.1368972 0.1368972 0.1368972 0.03752962 0.03356314 0.2209875 0.2209875 0.2209875 0.2209875 0.0512895 0.201334 0.201334 0.201334 0.4065429 0.06107082 0.05136849 0.09771807 0.1180775 0.03754948 0.05418525 0.09771807 0.09771807 0.2069055 0.2069055 0.2069055 0.2069055 0.2069055 0.2069055 0.6192117 0.6192117 0.6192117 0.6192117 0.1084052 0.6192117 0.1408902 0.04375618 0.1493932
0.09750028 0.0350144 0.571211 0.07490409 0.07490409 0.1048238 0.04402759 0.03304098 0.1412812 0.1412812 0.1412812 0.1412812 0.1412812 0.08882862 0.0422511 0.04501648 0.09033992 0.0365379 0.028255 0.06005837 0.1368972 0.1368972 0.1368972 0.1368972 0.1368972 0.06770606 0.04462327 0.2209875 0.2209875 0.2209875 0.2209875 0.04470187 0.201334 0.201334 0.201334 0.201334 0.03527958 0.07377183 0.09781851 0.05149719 0.05066624 0.09771807 0.09771807 0.09771807 0.2069055 0.2069055 0.2069055 0.2069055 0.2069055 0.2069055 0.6192117 0.6192117 0.6192117 0.6192117 0.2009353 0.03877554 0.06127285 0.1408902 0.06188052
0.04575105 0.09750028 0.2350828 0.05325584 0.04798087 0.0587707 0.09069715 0.07828059 0.04280832 0.1412812 0.3991484 0.03896913 0.09042317 0.1323356 0.09033992 0.09033992 0.05261761 0.08396664 0.04174336 0.05111511 0.1368972 0.1368972 0.05865234 0.1479453 0.1368972 0.1368972 0.04927364 0.2209875 0.2209875 0.2209875 0.1688909 0.05020612 0.201334 0.201334 0.201334 0.201334 0.0319408 0.201334 0.2015717 0.06168453 0.02714348 0.041922 0.04683345 0.04325045 0.05220777 0.09055948 0.1472595 0.2069055 0.2069055 0.2069055 0.6192117 0.6192117 0.6192117 0.6192117 0.5644048 0.0610656 0.04055556 0.2334926 0.1408902
0.1159602 0.1159602 0.04545677 0.401313 0.2284613 0.2284613 0.2284613 0.2284613 0.03777296 0.04994551 0.06072488 0.04000584 0.05212919 0.07332662 0.04816479 0.07752012 0.07311518 0.09775659 0.04130015 0.02784377 0.05037927 0.0543867 0.03957034 0.2053386 0.2053386 0.2053386 0.04745829 0.128195 0.128195 0.128195 0.08662231 0.06995697 0.1157683 0.1157683 0.1157683 0.1157683 0.05429103 0.1157683 0.1351288 0.02566063 0.2341673 0.1351288 0.1351288 0.1351288 0.2233139 0.09699517 0.04588213 0.05182365 0.05182365 0.04648887 0.1162222 0.2621643 0.2621643 0.2621643 0.2621643 0.165311 0.05020234 0.04171237 0.08629909
0.1294031 0.2350828 0.0587707 0.2284613 0.2284613 0.2284613 0.2284613 0.04296438 0.1466898 0.0960898 0.05058298 0.03613784 0.0371884 0.09326645 0.07311518 0.07752012 0.04352507 0.07311518 0.03027221 0.09983719 0.2053386 0.2053386 0.2053386 0.2053386 0.2053386 0.2053386 0.04358181 0.128195 0.128195 0.128195 0.09893407 0.05499441 0.1157683 0.1157683 0.1157683 0.1157683 0.04383131 0.1157683 0.1269694 0.05702539 0.1351288 0.1351288 0.1351288 0.1351288 0.2233139 0.2233139 0.2233139 0.2233139 0.2233139 0.2233139 0.2621643 0.2621643 0.2621643 0.2621643 0.2621643 0.2781211 0.2304044 0.04647149 0.06188052
0.1159602 0.1135074 0.2284613 0.2284613 0.2284613 0.2284613 0.04164472 0.3971061 0.09326645 0.185437 0.03840548 0.1112952 0.02562552 0.03598418 0.07311518 0.07311518 0.5614473 0.04163433 0.03161579 0.1625987 0.2053386 0.2053386 0.2053386 0.2053386 0.2053386 0.2053386 0.07366893 0.04577196 0.128195 0.128195 0.128195 0.04776964 0.04946703 0.1157683 0.1157683 0.1157683 0.04246768 0.1157683 0.0961616 0.0961616 0.1351288 0.1351288 0.1351288 0.1351288 0.2233139 0.2233139 0.2233139 0.2233139 0.2233139 0.2233139 0.2621643 0.2621643 0.07395436 0.1605976 0.2621643 0.3933265 0.03840073 0.1270802 0.03064411
0.1159602 0.1159602 0.2284613 0.2284613 0.2284613 0.06487241 0.1466898 0.2284613 0.09326645 0.09326645 0.09326645 0.0348087 0.09326645 0.02652726 0.07311518 0.07311518 0.07311518 0.04285142 0.04151827 0.03353688 0.2053386 0.2053386 0.2053386 0.2053386 0.2053386 0.2053386 0.1051259 0.128195 0.04136275 0.128195 0.128195 0.128195 0.1157683 0.04776964 0.04946703 0.07530919 0.05221433 0.1157683 0.1351288 0.04287877 0.1351288 0.3891416 0.1351288 0.1351288 0.2233139 0.2233139 0.2233139 0.2233139 0.2233139 0.2233139 0.2621643 0.2621643 0.2621643 0.04542394 0.08783398 0.2621643 0.08629909 0.0373332 0.02896288
0.1159602 0.1159602 0.2284613 0.2284613 0.1644858 0.05576283 0.2284613 0.2284613 0.09326645 0.09326645 0.09326645 0.09326645 0.09326645 0.09326645 0.05297319 0.03963568 0.1043209 0.1601877 0.06986267 0.0941855 0.034668 0.228316 0.2053386 0.2053386 0.2053386 0.2053386 0.06828557 0.09455989 0.08015182 0.09854727 0.128195 0.128195 0.1157683 0.1157683 0.192709 0.04411501 0.0539234 0.2341967 0.1351288 0.06657857 0.03161818 0.1611868 0.06211536 0.04479271 0.04479271 0.04542948 0.5483792 0.2233139 0.2233139 0.2233139 0.2621643 0.2621643 0.2621643 0.2621643 0.09407597 0.04803774 0.02754526 0.0329768 0.08803679
0.1159602 0.1159602 0.2284613 0.2284613 0.1123175 0.0899605 0.2284613 0.2284613 0.09326645 0.09326645 0.09326645 0.09326645 0.09326645 0.09326645 0.07311518 0.05671083 0.08009387 0.07376561 0.07546578 0.03729003 0.04691223 0.04221548 0.2053386 0.2053386 0.1285349 0.03875505 0.04216455 0.128195 0.128195 0.04745829 0.128195 0.128195 0.1157683 0.1157683 0.09351763 0.0290928 0.03118353 0.04067785 0.1351288 0.1136568 0.06657021 0.04066527 0.08784469 0.1351288 0.2233139 0.2233139 0.2233139 0.2233139 0.04378362 0.2233139 0.2621643 0.2621643 0.2621643 0.2621643 0.2737893 0.03536141 0.07560524 0.08629909 0.08629909
