static/jobfarm/user_models/minyf/common/HOME-GBHM/输入文件/Input/Basemap/slope_length.asc
ncols         221
nrows         204
xllcorner     -627000
yllcorner     3955000
cellsize      900
NODATA_value  -9999
[rows 78 to 103 of 204, columns 118 to 176 of 221]
0.1494619 1.139642 0.3166201 0.3166201 0.3166201 0.3166201 0.37035 0.04499433 0.1759631 0.1759631 0.1759631 0.1759631 0.1759631 0.1759631 0.1599143 0.0896593 0.1599143 0.1599143 0.1599143 0.08058451 0.261173 0.261173 0.1301881 0.233451 0.05836275 0.06837609 0.4468719 0.7280945 0.7280945 0.7280945 0.7280945 0.7280945 0.3713278 0.3713278 0.3713278 0.3155505 0.1082793 0.3713278 0.1911392 0.1911392 0.9120389 0.0730496 0.1911392 0.1911392 0.2440409 0.2440409 0.2440409 0.2440409 0.2440409 0.2440409 0.4431412 0.4431412 0.4431412 0.4431412 0.08772795 0.2995208 0.3653454 0.3653454 0.3653454
1.139642 1.139642 0.3166201 0.3166201 0.3166201 0.3166201 0.3166201 0.1533734 0.143197 0.1759631 0.07618724 0.1759631 0.1759631 0.1759631 0.1599143 0.07974961 0.2599654 0.07614216 0.06067526 0.07788511 0.0572674 0.06509407 0.1257215 0.045607 0.261173 0.261173 0.7280945 0.7280945 0.7280945 0.7280945 0.7280945 0.7280945 0.3713278 0.3713278 0.3713278 0.3713278 0.1848444 0.07938582 0.07938582 0.1702405 0.1911392 0.1335655 0.2066148 0.6235569 0.2582843 0.2440409 0.2440409 0.6230686 0.08142121 0.199733 0.4431412 0.4431412 0.4431412 0.4431412 0.4431412 0.1147824 0.165964 0.3653454 0.3653454
1.139642 1.139642 0.3166201 0.3166201 0.3629935 0.2566747 0.3166201 0.3166201 0.07951197 0.1759631 0.1839325 0.1159883 0.1759631 0.1759631 0.1599143 0.0469715 0.03982065 0.07803924 0.07268362 0.620396 0.09137116 0.3654846 0.261173 0.2953337 0.261173 0.261173 0.7280945 0.7280945 0.7280945 0.7280945 0.1086117 0.7280945 0.3713278 0.3713278 0.3713278 0.3713278 0.3713278 0.3713278 0.1911392 0.1082793 0.1648448 0.1911392 0.07557395 0.06738445 0.2440409 0.2440409 0.1214709 0.06650529 0.2440409 0.1512699 0.4431412 0.4431412 0.4431412 0.4431412 0.4431412 0.4431412 0.1797125 0.1349841 0.3653454
1.139642 1.139642 0.3166201 0.3166201 0.3166201 0.0679364 0.3098356 0.3166201 0.09095289 0.2025104 0.1759631 0.09790535 0.1569968 0.08185028 0.07758544 0.08903436 0.1599143 0.1599143 0.1599143 0.1405447 0.261173 0.07569427 0.261173 0.261173 0.261173 0.261173 0.7280945 0.7280945 0.7280945 0.7280945 0.1737787 0.1032652 0.07453963 0.08343355 0.1086117 0.8675535 0.3713278 0.3713278 0.1911392 0.1911392 0.07148488 0.1911392 0.1911392 0.07793289 0.2440409 0.622094 0.07659992 0.2440409 0.2440409 0.2440409 0.4431412 0.4431412 0.4431412 0.1202252 0.08170774 0.4431412 0.3653454 0.128366 0.1211948
1.139642 1.139642 0.09626492 0.3166201 0.3166201 0.3166201 0.08916394 0.0725987 0.2566747 0.07405528 0.1851382 0.1759631 0.05816604 0.2554807 0.1599143 0.1599143 0.1599143 0.1599143 0.1599143 0.1599143 0.261173 0.8823529 0.261173 0.261173 0.261173 0.261173 0.7280945 0.7280945 0.7280945 0.1786098 0.7280945 0.22696 0.3713278 0.3713278 0.4344468 0.06539892 0.3713278 0.3713278 0.1911392 0.1911392 0.1030985 0.2614091 0.2288602 0.1062976 0.3644128 0.07046466 0.2440409 0.2440409 0.2440409 0.2440409 0.4431412 0.4431412 0.4431412 0.4431412 0.1803378 0.1137215 0.3653454 0.3653454 0.2995208
1.139642 0.07774816 0.04488316 0.3166201 0.3166201 0.3166201 0.3166201 0.3166201 0.07517834 0.1759631 0.1309123 0.07951197 0.04934959 0.06483906 0.07377045 0.07941408 0.09303955 0.1599143 0.1599143 0.1599143 0.261173 0.261173 0.261173 0.261173 0.261173 0.261173 0.7280945 0.7280945 0.7280945 0.07964237 0.7280945 0.7280945 0.3713278 0.3713278 0.3713278 0.4328588 0.0919587 0.3713278 0.1911392 0.1911392 0.1911392 0.07393778 0.06200306 0.07138918 0.0652339 0.07632785 0.07632785 0.0792475 0.1096167 0.2440409 0.4431412 0.4431412 0.4431412 0.4431412 0.4431412 0.04368051 0.3653454 0.3653454 0.3653454
0.291813 0.291813 0.1373777 0.09253617 0.1434339 0.1434339 0.1434339 0.1434339 0.06498523 0.1979445 0.1979445 0.1979445 0.1979445 0.07077925 0.3565845 0.3565845 0.3565845 0.3565845 0.3565845 0.3565845 0.3229272 0.3229272 0.3229272 0.3229272 0.3229272 0.2490599 0.19862 0.19862 0.19862 0.126296 0.07789715 0.19862 0.3130319 0.3130319 0.3130319 0.3130319 0.1105868 0.179297 0.1471385 0.1471385 0.1471385 0.07393778 0.07382689 0.1471385 0.3530627 0.3530627 0.3530627 0.3530627 0.3530627 0.3530627 0.4509957 0.4509957 0.4509957 0.4509957 0.4509957 0.1938355 0.08325594 0.1711101 0.08418118
0.07172813 0.295616 0.1434339 0.08334779 0.347691 0.1434339 0.1434339 0.1026018 0.06704451 0.1979445 0.1979445 0.2472378 0.1979445 0.08017194 0.6041411 0.3565845 0.3565845 0.3565845 0.3565845 0.3565845 0.3229272 0.3229272 0.3229272 0.3229272 0.3229272 0.0797932 0.170068 0.1563483 0.19862 0.19862 0.6098143 0.08419731 0.3130319 0.2987804 0.3130319 0.3130319 0.3130319 0.0717188 0.1471385 0.1471385 0.1471385 0.0983908 0.06301727 0.1471385 0.3530627 0.3530627 0.3530627 0.3530627 0.3530627 0.3530627 0.4509957 0.4509957 0.4509957 0.4509957 0.4509957 0.4509957 0.07061835 0.1711101 0.07669348
0.291813 0.08658358 0.05704658 0.4180602 0.06723125 0.05967532 0.06061692 0.04198683 0.08099739 0.04620026 0.07508221 0.04324563 0.07208978 0.04830565 0.04822338 0.1019313 0.3565845 0.3565845 0.3565845 0.3565845 0.3229272 0.3229272 0.3229272 0.1735218 0.3229272 0.3229272 0.1174081 0.04574222 0.07747462 0.19862 0.19862 0.07398252 0.3130319 0.07000832 0.3130319 0.3130319 0.8422235 0.05318729 0.1099762 0.1471385 0.1471385 0.1471385 0.07004778 0.1471385 0.3530627 0.3530627 0.3530627 0.3530627 0.3530627 0.3530627 0.4509957 0.4509957 0.4188384 0.4509957 0.4509957 0.4509957 0.07872207 0.3571511 0.1077793
0.291813 0.291813 0.1956235 0.05064294 0.04380684 0.1155736 0.1434339 0.07226522 0.1979445 0.3485362 0.1979445 0.08433283 0.1979445 0.1979445 0.07720117 0.3565845 0.3565845 0.3565845 0.3565845 0.08018228 0.8350343 0.3229272 0.3229272 0.1306216 0.2094582 0.3229272 0.19862 0.19862 0.19862 0.06757795 0.19862 0.06736779 0.06768578 0.3130319 0.3130319 0.3130319 0.3130319 0.3130319 0.07489957 0.1471385 0.1471385 0.1471385 0.07253678 0.1471385 0.5896981 0.08792129 0.3530627 0.0583927 0.3530627 0.3530627 0.07168817 0.4509957 0.07186165 0.4509957 0.4509957 0.4509957 0.1365511 0.04861648 0.07680167
0.06460004 0.07664586 0.04630145 0.1537739 0.1434339 0.1434339 0.1434339 0.2467287 0.1979445 0.1979445 0.1979445 0.8433284 0.1979445 0.1979445 0.04589074 0.1058619 0.3565845 0.3565845 0.3565845 0.3565845 0.08869945 0.09924108 0.3229272 0.3229272 0.06134913 0.3229272 0.19862 0.19862 0.19862 0.4194631 0.08687413 0.09406138 0.4152057 0.3130319 0.3130319 0.3130319 0.411485 0.1318313 0.1471385 0.08085747 0.1312815 0.1471385 0.07520919 0.06415106 0.04981111 0.05158481 0.05926914 0.3530627 0.3530627 0.3530627 0.08024184 0.4509957 0.4509957 0.06493921 0.4509957 0.4509957 0.07218286 0.08994835 0.1711101
0.291813 0.291813 0.07100253 0.1434339 0.1434339 0.1434339 0.1434339 0.1434339 0.1979445 0.1979445 0.1979445 0.1979445 0.1979445 0.1979445 0.08269019 0.3565845 0.3565845 0.3565845 0.3565845 0.3565845 0.3229272 0.1729422 0.05649098 0.3229272 0.3229272 0.06940873 0.1130038 0.19862 0.19862 0.19862 0.06719365 0.19862 0.07123838 0.3130319 0.3130319 0.3130319 0.3130319 0.1318313 0.07320104 0.06957576 0.05434836 0.06295125 0.03347734 0.1471385 0.3530627 0.3530627 0.3530627 0.3530627 0.3530627 0.06478244 0.4509957 0.4509957 0.4509957 0.08043602 0.4509957 0.2428196 0.09576687 0.1711101 0.1711101
0.8860251 0.111632 0.0794744 0.3149233 0.3149233 0.3149233 0.3149233 0.3149233 0.3103178 0.3103178 0.3103178 0.3103178 0.3103178 0.3103178 0.0709373 0.3227066 0.3227066 0.3227066 0.3227066 0.3227066 0.2389022 0.2389022 0.1529533 0.08120637 0.2389022 0.2389022 0.189804 0.08179884 0.1507797 0.1507797 0.06949931 0.1719848 0.1146566 0.6484532 0.6484532 0.6484532 0.6484532 0.6484532 0.2943676 0.2943676 0.2943676 0.2943676 0.05422459 0.2943676 0.4352846 0.4352846 0.4352846 0.4352846 0.4352846 0.07717249 0.1391229 0.3372483 0.1391229 0.07450917 0.1391229 0.07374047 0.2837243 0.2837243 0.2837243
0.1325829 0.2161901 0.3149233 0.3149233 0.8086253 0.3149233 0.3149233 0.3149233 0.3103178 0.3103178 0.3103178 0.3103178 0.3103178 0.3103178 0.07636418 0.3227066 0.3227066 0.3227066 0.3227066 0.3227066 0.2389022 0.2389022 0.2389022 0.1273033 0.1195813 0.2389022 0.1507797 0.1675666 0.1547473 0.1507797 0.279642 0.04479024 0.6484532 0.6484532 0.6484532 0.6484532 0.6484532 0.6484532 0.2943676 0.2943676 0.2943676 0.08287001 0.08086529 0.1063541 0.4352846 0.4352846 0.4352846 0.4352846 0.08356546 0.4352846 0.1192351 0.1844468 0.1391229 0.07450917 0.1391229 0.06867986 0.2837243 0.2837243 0.2837243
0.8860251 0.8860251 0.3149233 0.3149233 0.06442188 0.04883164 0.1004644 0.3149233 0.3103178 0.3103178 0.3103178 0.3103178 0.3103178 0.3103178 0.05308457 0.1000093 0.3227066 0.3227066 0.3227066 0.3227066 0.2389022 0.2389022 0.08885661 0.2105366 0.1508161 0.07840724 0.3382275 0.1507797 0.07187503 0.1507797 0.1507797 0.06482495 0.6484532 0.6484532 0.6484532 0.6484532 0.189169 0.6484532 0.2943676 0.2943676 0.2943676 0.2943676 0.2943676 0.06746187 0.4352846 0.4352846 0.4352846 0.4352846 0.06693162 0.4352846 0.1391229 0.07241963 0.1391229 0.07450917 0.1391229 0.06867986 0.2837243 0.2837243 0.2837243
0.8860251 0.1025384 0.07139909 0.05952536 0.2351096 0.3149233 0.3329115 0.06069162 0.07148835 0.07422287 0.1598522 0.3103178 0.3103178 0.3103178 0.08061627 0.3227066 0.3227066 0.3227066 0.3227066 0.3227066 0.2389022 0.07213262 0.07103164 0.04479337 0.2389022 0.2389022 0.09249114 0.2886963 0.1598125 0.1156812 0.1507797 0.06943179 0.6484532 0.6484532 0.6484532 0.09090755 0.2837534 0.6484532 0.2943676 0.2943676 0.2943676 0.2943676 0.2943676 0.07819442 0.4352846 0.4352846 0.4352846 0.1338632 0.125534 0.4352846 0.1391229 0.07518977 0.1391229 0.08317713 0.09008208 0.1531223 0.2837243 0.2837243 0.2837243
0.1662479 0.2675705 0.3149233 0.3149233 0.3149233 0.3149233 0.3149233 0.3149233 0.3103178 0.1364825 0.06975 0.07967422 0.06381494 0.1276299 0.07444892 0.3227066 0.3227066 0.3227066 0.3227066 0.3227066 0.2389022 0.2389022 0.2389022 0.1101247 0.1368454 0.2389022 0.1507797 0.06669733 0.1507797 0.06710608 0.1507797 0.07474349 0.6484532 0.6484532 0.6484532 0.07411697 0.6484532 0.6484532 0.2943676 0.2943676 0.2943676 0.2943676 0.2943676 0.07243273 0.4352846 0.4352846 0.4352846 0.07168817 0.4352846 0.4352846 0.1391229 0.07818027 0.1391229 0.1391229 0.03169565 0.7894737 0.2837243 0.2837243 0.2837243
0.8860251 0.8860251 0.3149233 0.3149233 0.3149233 0.3149233 0.3149233 0.3149233 0.5624909 0.06460131 0.3103178 0.3103178 0.3103178 0.1367 0.04642306 0.3267832 0.3227066 0.3227066 0.3227066 0.1964722 0.2389022 0.2389022 0.2389022 0.2389022 0.07365719 0.2389022 0.1507797 0.07004913 0.1507797 0.06710608 0.1507797 0.06943179 0.6484532 0.6484532 0.6484532 0.07411697 0.6484532 0.6484532 0.06534519 0.2943676 0.2943676 0.2943676 0.2943676 0.07520337 0.4352846 0.4352846 0.4352846 0.1433763 0.154345 0.4352846 0.1391229 0.07241963 0.1849791 0.05379492 0.2062512 0.07131006 0.05148682 0.06524226 0.06756052
0.2660086 0.2660086 0.2649005 0.2649005 0.2649005 0.2649005 0.2649005 0.2649005 0.3294982 0.6689441 0.6689441 0.6689441 0.6689441 0.6689441 0.2622552 0.06911742 0.2622552 0.2622552 0.2622552 0.06990278 0.1525656 0.1525656 0.1525656 0.1525656 0.08792741 0.2658632 0.09739863 0.08107921 0.4082744 0.1675666 0.1342122 0.06943179 0.1620769 0.1620769 0.1620769 0.0664873 0.1620769 0.06317734 0.5577583 0.2560255 0.2560255 0.2560255 0.2560255 0.07520337 0.16543 0.16543 0.16543 0.16543 0.07168817 0.16543 0.3275763 0.06599666 0.1002494 0.06500337 0.3275763 0.3275763 0.3568771 0.3568771 0.3568771
0.2660086 0.2660086 0.2649005 0.2649005 0.2649005 0.2649005 0.2649005 0.2649005 0.6689441 0.6689441 0.6689441 0.6689441 0.6689441 0.6689441 0.1214627 0.05257854 0.2622552 0.2622552 0.2622552 0.06294565 0.1525656 0.1525656 0.1525656 0.1525656 0.1525656 0.06301668 0.09739863 0.09739863 0.06055147 0.09739863 0.06940873 0.0719898 0.1620769 0.1620769 0.1620769 0.04069409 0.06317734 0.1859194 0.2560255 0.2560255 0.2560255 0.2560255 0.2560255 0.07520337 0.16543 0.16543 0.5484335 0.5484335 0.07717249 0.1756439 0.09214511 0.06257577 0.3275763 0.1002319 0.3275763 0.3275763 0.3568771 0.3568771 0.3568771
0.06746015 0.2660086 0.2649005 0.2649005 0.2649005 0.2010994 0.2649005 0.2649005 0.6689441 0.6689441 0.6689441 0.6689441 0.6689441 0.6689441 0.2622552 0.06238995 0.2622552 0.2622552 0.2622552 0.201306 0.04602126 0.08890415 0.07107472 0.7684426 0.2561475 0.06842268 0.09739863 0.09739863 0.06764549 0.09739863 0.07452305 0.06943179 0.1620769 0.1620769 0.775461 0.07570939 0.1620769 0.1620769 0.2560255 0.1593138 0.1742628 0.2560255 0.2560255 0.06985899 0.16543 0.16543 0.1423198 0.04709123 0.0505982 0.1135445 0.3876637 0.0641753 0.3275763 0.3275763 0.3275763 0.3275763 0.3568771 0.3568771 0.3568771
0.2023805 0.073894 0.06826936 0.06931572 0.2649005 0.06378004 0.2649005 0.2649005 0.6689441 0.6689441 0.112096 0.6689441 0.6689441 0.6689441 0.2622552 0.06928567 0.2622552 0.2622552 0.2622552 0.2622552 0.08879174 0.06937106 0.1153388 0.06591543 0.1036447 0.04064981 0.04066102 0.05139019 0.04394889 0.09739863 0.05750336 0.08381167 0.1620769 0.1620769 0.08390073 0.3212083 0.1620769 0.1620769 0.3186276 0.0694816 0.2560255 0.2560255 0.2560255 0.07243273 0.1195991 0.05235662 0.06367113 0.16543 0.16543 0.16543 0.3275763 0.1163712 0.3275763 0.3275763 0.3275763 0.3275763 0.3568771 0.3568771 0.3568771
0.2660086 0.1604659 0.04914938 0.05504202 0.2649005 0.1320926 0.1320926 0.2649005 0.6689441 0.6689441 0.1585279 0.05749281 0.6689441 0.6689441 0.2622552 0.06928567 0.2622552 0.2622552 0.2622552 0.2622552 0.06356254 0.1525656 0.1525656 0.1525656 0.04765274 0.5415267 0.05748303 0.09739863 0.1225528 0.05667445 0.0343117 0.0602986 0.1620769 0.1223029 0.2005714 0.07890002 0.07166761 0.1147319 0.06372552 0.2560255 0.2560255 0.2560255 0.2560255 0.05963501 0.1588793 0.16543 0.06577624 0.1228239 0.16543 0.16543 0.3275763 0.3275763 0.3275763 0.3275763 0.3275763 0.3275763 0.3568771 0.3568771 0.0703766
0.06768064 0.09231387 0.5478669 0.06214719 0.2649005 0.2649005 0.0684796 0.2649005 0.6689441 0.6689441 0.6689441 0.6689441 0.05506973 0.6689441 0.1613269 0.1075513 0.2622552 0.2622552 0.2622552 0.2622552 0.1525656 0.1525656 0.1525656 0.1525656 0.06344355 0.1525656 0.07348679 0.09739863 0.09739863 0.09739863 0.04035465 0.06192844 0.316249 0.0632498 0.1620769 0.03745374 0.200396 0.05963307 0.1742628 0.2560255 0.2560255 0.2560255 0.2560255 0.06113395 0.06291887 0.07864859 0.16543 0.1001385 0.0761335 0.16543 0.3275763 0.3275763 0.3275763 0.3275763 0.3275763 0.171767 0.06744117 0.06504478 0.05236315
0.8818228 0.1575897 0.06303589 0.06968588 0.1930468 0.1930468 0.0469984 0.07242747 0.3678411 0.3678411 0.3678411 0.3678411 0.2706252 0.08670159 0.06928567 0.2242053 0.2242053 0.2242053 0.2242053 0.2242053 0.670925 0.670925 0.670925 0.5415267 0.09488627 0.670925 0.07348679 0.4842206 0.4842206 0.0606779 0.3137999 0.07824909 0.03385964 0.2202581 0.1469171 0.04493523 0.0694816 0.1469171 0.2373722 0.2373722 0.2373722 0.2373722 0.2373722 0.06505574 0.4196735 0.4196735 0.4196735 0.4196735 0.2710863 0.08684932 0.2320871 0.2320871 0.2320871 0.2320871 0.1329161 0.04352604 0.5144638 0.5144638 0.5144638
0.8818228 0.8818228 0.1954158 0.05388203 0.1930468 0.1930468 0.07544006 0.1930468 0.3678411 0.3678411 0.3678411 0.3678411 0.0747881 0.04571028 0.03841092 0.06205998 0.2242053 0.2242053 0.2242053 0.2242053 0.670925 0.670925 0.670925 0.670925 0.670925 0.07471795 0.4842206 0.4842206 0.4842206 0.1569 0.4842206 0.06230893 0.1469171 0.04783338 0.1091442 0.06677733 0.1469171 0.1469171 0.2373722 0.2373722 0.2373722 0.2373722 0.06659212 0.06442168 0.4196735 0.4196735 0.4196735 0.4196735 0.4196735 0.4196735 0.2320871 0.2320871 0.2320871 0.1321872 0.0408738 0.2200743 0.05824903 0.3756888 0.5144638
