static/jobfarm/user_models/minyf/common/HOME-GBHM/输入文件/Input/Basemap/slope.asc
ncols         221
nrows         204
xllcorner     -627000
yllcorner     3955000
cellsize      900
NODATA_value  -9999
[rows 58 to 86 of 204, columns 67 to 133 of 221]
3.661998 3.489913 2.795196 3.014484 4.660429 5.205087 7.003405 9.564775 9.301877 11.87253 18.93393 16.62387 21.08481 24.24226 24.85614 18.63545 25.18365 33.54969 39.78554 34.4777 39.49171 37.40823 42.76734 44.84737 29.30212 33.81115 41.80113 50.14504 43.51299 43.39677 49.83081 47.6389 42.25076 16.57662 18.67869 11.8327 15.73833 11.76375 4.793 4.588343 18.44905 22.79621 26.70251 26.47481 24.96803 35.21685 29.95862 41.41093 23.68955 12.04683 14.4387 13.2602 11.85966 9.208756 5.453089 4.581855 1.903937 3.941759 11.48364 7.428989 39.67915 11.33606 2.269614 2.601666 16.0035 40.73338 46.61625
2.616329 2.213301 2.421657 4.394041 6.118139 6.591033 7.382784 10.3293 12.00806 16.57484 16.04572 27.31828 22.74809 19.67551 17.72701 9.024866 26.50944 32.78484 25.796 36.51294 40.49958 45.71449 29.39115 30.84855 36.10453 26.66062 19.36715 45.66592 36.01379 47.66074 51.64504 47.16434 35.45923 22.50326 9.755172 7.859759 24.17785 20.53716 20.54461 7.617507 14.02854 17.37896 32.81248 37.97287 41.40819 30.0647 41.98207 42.05259 29.67524 16.35805 10.12421 5.709582 4.237072 4.585027 9.114906 13.84131 5.806343 2.464212 6.320386 3.969657 6.558062 2.165002 11.49749 23.63983 15.44656 34.35656 39.40388
1.804749 2.278342 2.520721 5.019274 4.292754 8.675115 8.147429 8.822893 12.74403 16.79855 20.09745 34.07668 29.74726 34.13074 35.50936 34.83323 18.7056 20.62737 25.81383 28.69967 27.61739 32.22105 31.73114 30.10113 39.2956 38.24203 25.33829 16.24734 27.16945 38.14648 43.8666 41.7696 33.62431 16.22792 8.942766 18.64976 34.92018 23.91069 31.78966 23.19056 35.51583 32.21093 15.61424 22.40316 32.61496 41.87513 43.89821 45.47607 26.53314 12.6575 5.426273 4.335171 7.523808 15.87372 36.80079 39.30723 20.68817 10.73068 8.7415 3.687907 2.091361 3.905693 16.54828 26.6109 31.02545 32.94012 28.9332
2.158161 2.374158 2.791995 5.584506 7.019559 10.34291 10.15486 9.81116 14.68845 16.66623 25.31555 27.87645 29.30979 34.39269 33.14867 23.22185 22.79447 19.92019 27.36047 34.72715 30.50044 27.69234 33.23812 37.6188 36.90742 34.7364 37.62799 28.82089 18.11888 26.25691 49.61905 44.99909 47.34634 21.48856 8.112181 19.081 29.50385 28.79 12.62541 29.09125 31.26131 33.58637 39.28406 13.99751 24.7488 32.34563 41.20784 33.93249 16.49501 9.844392 9.338652 17.84848 35.85892 32.12354 37.37297 49.35633 15.04663 44.48576 34.34136 9.620885 4.312221 3.771671 9.77035 8.714618 20.19384 28.32582 40.69672
2.383922 3.020436 4.007008 6.105379 11.63433 11.26034 9.779181 14.12703 20.11522 16.2922 19.31619 39.93853 42.23534 41.76346 37.07989 38.20821 30.22473 22.21056 30.68626 20.73847 28.60005 28.32759 23.47274 31.83148 32.68141 35.18769 37.34676 37.01042 27.01346 29.1312 47.4659 45.79784 42.91569 14.82533 11.0732 17.44459 35.2285 6.170359 17.03125 24.13413 28.85194 36.66243 42.24844 33.84237 10.03766 21.43868 22.34946 12.02992 10.6547 10.68897 14.87926 31.00378 38.67115 51.7266 32.02774 43.54222 12.0588 47.55103 24.16845 13.95857 4.09046 3.205106 4.46107 7.517574 14.90613 25.93974 27.85333
3.321991 7.868762 10.9075 11.27082 9.989599 10.65073 17.27011 18.47393 26.55774 23.07218 23.92949 24.62801 32.45284 16.80401 32.90759 38.31656 28.41463 25.6216 28.6475 34.08419 38.46078 43.83395 14.69722 22.80663 29.1578 32.07109 33.96857 34.86971 27.07456 27.62123 45.16836 44.16893 19.49176 10.93594 12.38214 13.38995 26.50704 11.48803 23.84164 32.12067 29.75457 29.41771 29.72808 36.13405 18.62005 7.152327 8.904633 15.96609 13.04436 10.92143 16.32709 29.77831 31.60048 32.9311 35.8079 37.1224 21.09239 43.69007 26.58309 22.30567 3.475495 2.685047 4.060498 5.647621 8.833435 13.09124 11.32463
6.224176 9.316174 13.34971 15.30247 27.4937 21.32189 16.47645 28.10824 12.33029 36.61319 33.42737 20.56127 20.8308 24.56804 39.77468 35.18872 29.34785 33.92611 38.63594 36.28345 36.44157 20.52254 28.86852 16.10308 14.3582 33.22506 29.53543 29.69408 22.54255 26.33593 28.72224 47.30102 28.89369 11.70466 16.44798 13.20362 9.667835 27.38147 30.28724 37.40273 30.3467 34.95716 32.90171 23.16069 36.00739 26.24583 12.71796 35.40325 22.901 11.89855 24.1681 37.05974 43.00739 36.56741 33.14168 23.96334 40.91939 32.19971 23.49431 20.48127 3.451049 6.529443 9.659321 5.267447 9.396801 14.15979 13.30076
17.45809 14.07991 19.53512 17.20224 26.447 31.05227 21.03256 26.79064 32.88227 19.90796 34.37064 44.56519 32.00109 30.19349 29.80574 35.56268 27.0572 20.88615 29.2718 18.22245 22.23283 37.26764 25.01168 26.91168 16.59852 13.86954 24.09519 24.87785 29.14409 24.875 29.88721 29.36271 18.22342 10.85506 18.07417 23.58153 18.25011 30.59135 33.37757 38.84928 51.91626 27.29804 37.38848 27.07702 20.09973 31.48088 17.61699 32.90197 28.69203 17.97596 23.3878 45.0842 48.73773 33.8963 51.00024 24.84909 42.20742 23.30887 21.75179 6.23621 3.707961 13.06832 14.44387 10.90543 6.635183 12.11838 12.63213
32.89159 26.62213 22.17865 20.74358 30.96634 28.01903 32.79798 17.52979 40.45063 48.20418 22.76641 17.3966 29.94277 42.93922 41.76888 39.00882 30.86614 27.5745 21.13131 36.6111 40.87577 28.73514 19.68713 24.45813 29.30459 24.0769 10.77671 12.04952 27.16269 28.24274 38.01517 27.9366 18.04958 8.649441 17.71028 22.68933 39.38361 17.60799 32.46793 35.74098 42.90949 55.3566 39.01038 29.42016 19.41783 30.01265 13.53738 15.4314 40.78576 29.83769 24.00406 38.86964 25.13695 35.10532 27.46977 29.29149 35.77659 23.00222 16.1396 6.120578 3.388721 16.0092 15.68833 20.13053 13.41041 9.997132 16.19868
29.15557 37.0332 22.74096 14.50923 15.98836 35.90887 32.52647 37.07322 15.99589 31.12025 29.567 23.9713 23.32273 36.39972 39.57735 43.64364 40.23683 39.0456 33.74013 41.44396 38.5617 39.28597 32.13391 28.59745 26.49135 29.97712 23.35041 10.14585 22.28853 30.17522 28.71132 23.08995 10.44367 13.70985 16.16342 23.7546 43.2138 13.83356 29.67855 34.34365 40.30095 41.09993 50.48237 28.28317 18.94915 18.06473 28.20839 21.16523 24.34189 40.80189 35.46742 49.22408 35.63746 44.64925 39.68614 29.28572 23.53417 26.59352 12.57797 3.467709 2.707999 13.33339 15.67014 19.17721 16.60964 12.27329 15.0518
14.29177 46.9393 26.51419 25.9911 28.92261 31.26881 37.23765 34.99016 27.17657 42.10169 37.55215 34.11475 35.29758 56.89961 63.87998 37.85871 37.69413 35.74605 44.90033 40.75195 41.5237 41.3605 37.37071 29.13062 23.68284 21.81822 27.58177 20.18387 9.180746 21.04231 19.91248 10.5156 15.04566 14.98859 16.46823 32.49106 37.713 16.07031 22.65541 28.35905 34.37511 41.90739 40.00566 45.6462 49.27117 25.47114 28.01227 27.51257 27.84297 25.98465 38.92356 37.87262 41.76289 33.47741 28.73025 20.43836 33.34046 22.22709 10.88172 2.069427 2.424591 8.843557 13.69674 17.12727 11.6847 18.55959 14.11213
12.70313 33.02304 40.48174 31.58677 28.53128 29.95414 34.61642 47.02468 49.28574 44.27723 32.67345 39.95549 49.17031 50.06374 46.44511 43.91589 31.42382 51.53083 37.14469 33.61491 27.27923 26.6479 26.02439 19.15601 23.93978 27.39055 30.44123 27.4201 15.5888 7.0714 8.480529 15.48259 21.69631 21.48393 23.73567 29.72589 17.65373 28.59948 26.25334 27.772 34.33005 44.56145 40.18465 44.22405 39.18306 19.22913 29.50222 24.7149 45.2486 34.34478 26.33856 40.46227 35.67962 36.16201 30.53186 36.18919 36.38906 22.48755 3.546868 1.457131 3.062984 9.27236 12.46653 13.09442 12.61682 17.27183 19.22177
7.185479 19.41117 28.14395 17.39434 23.61989 22.60498 24.61728 29.90784 34.75348 40.88848 40.86616 37.83644 35.08522 36.23039 40.02612 53.11175 30.08225 49.13868 40.15854 50.37436 35.34591 38.32962 33.27119 36.54142 17.04622 16.30341 27.14736 31.34046 21.6386 5.523462 5.523397 15.01875 16.39608 23.28154 30.34814 28.52639 9.322761 30.08069 30.98107 31.99463 35.16911 31.91333 31.63008 33.62103 35.86499 30.26685 40.02966 50.79959 49.99199 26.35168 14.30079 36.85879 24.86468 34.19219 22.17979 8.587823 4.185318 3.435161 2.885496 1.881313 3.837717 8.945477 18.41108 10.93699 8.845872 16.38502 17.1855
4.943354 11.98506 17.3112 24.09031 36.57784 31.45287 27.11232 28.41735 29.34981 37.15296 37.53102 39.40777 51.30892 40.03784 22.06098 39.03589 27.06609 31.51435 32.48055 45.0854 46.30168 36.65944 36.41851 33.96392 34.17431 16.13901 10.73255 20.31631 13.72999 6.094067 8.302285 11.36929 21.64865 26.5217 22.32594 14.64091 25.07417 22.09768 28.75139 25.91557 35.79683 25.99434 25.46068 31.18206 34.19923 39.91953 47.12349 48.67633 42.34816 28.25081 39.24649 42.02643 37.88474 34.37663 51.30787 20.43044 21.58725 28.33228 13.26935 4.700481 6.052477 11.56297 19.26183 12.61637 10.33377 18.42539 19.18146
6.185963 18.44271 18.5367 25.71008 26.00758 28.99081 25.76449 31.94321 28.94356 33.10535 32.6967 35.03987 46.29464 37.47305 24.25411 37.00696 22.46181 30.81977 34.5005 32.86333 43.13747 53.74124 49.81535 46.56438 43.60186 25.59332 8.754514 7.037257 6.664363 7.241424 11.10183 21.82573 17.1987 25.98853 19.95699 23.67831 23.85379 24.47592 27.30385 33.04459 39.14656 23.96787 14.60959 17.54411 26.19703 36.05484 37.38374 39.66055 38.41792 24.97253 32.39565 35.40429 36.30362 28.34653 34.82515 26.68731 37.75459 30.95166 10.77357 4.113258 12.50662 11.11238 17.5625 24.89408 20.66209 26.19811 20.92183
20.72685 12.0629 28.70319 24.6801 24.7893 33.60025 27.52535 29.14226 28.62824 31.24617 29.88794 34.16672 26.90456 28.54102 28.43408 28.17428 20.36851 36.70775 33.96221 33.80983 31.26603 45.5985 46.42083 47.60658 37.91821 18.89468 8.313802 6.200292 3.01344 4.209368 14.10862 18.94445 27.2235 13.5924 16.68349 24.96955 23.05898 22.51794 28.26671 50.13918 42.42233 24.13677 17.4717 17.92536 16.08239 22.18343 34.98684 35.56068 40.79295 39.04603 39.43414 46.21515 33.13967 18.05182 21.55924 36.33556 32.92258 16.08959 6.142739 18.35743 15.36755 10.09594 9.967232 14.94566 17.27609 8.513893 5.86956
28.02959 13.46812 24.14075 25.58407 26.38514 28.18525 23.55308 22.52827 28.92689 34.53058 25.45452 30.09833 23.40653 30.10334 26.70377 13.26494 27.96708 34.98146 30.72459 39.54598 27.96169 32.25051 51.62857 49.1101 53.07513 27.29475 12.31432 7.917229 7.891333 9.507951 14.4131 20.97426 35.0308 12.40175 29.70049 24.59174 24.78963 27.48358 28.66523 52.01298 40.10212 26.29797 25.15088 21.16494 18.63899 22.15262 21.81801 28.45647 38.06034 46.98886 34.45108 46.40384 45.83339 38.5826 46.74181 18.55394 21.77979 27.7143 20.37924 31.67654 20.59996 19.47336 16.50417 9.557493 5.326312 8.568463 14.32761
27.48817 18.94178 9.131366 20.15707 25.81852 23.49261 30.25478 31.23182 29.97839 28.42874 23.72586 23.11445 24.08329 28.86991 28.25533 17.66346 27.72803 40.1071 33.42022 38.04843 24.31755 31.59375 52.63987 43.67416 49.69921 22.13608 9.376599 5.899087 9.477702 12.54352 14.99453 31.50449 13.53897 27.10949 28.15056 24.33679 25.12694 27.6797 23.54226 28.77577 42.85515 38.34096 15.11978 23.40742 22.99135 21.92463 27.9335 31.56281 46.57073 50.79464 40.57885 52.89574 28.50497 15.86303 43.64844 43.40904 22.0229 21.35165 40.24743 23.53248 19.82889 29.1564 29.35574 27.74375 27.93115 26.76028 19.63988
25.36783 25.53704 8.947249 32.82036 23.10842 29.73477 34.36048 26.48432 23.86761 25.96651 29.66535 17.26594 29.78973 30.97646 16.57111 26.08303 27.44821 37.84995 32.94273 30.51237 26.78829 34.73152 53.32637 49.71294 40.85824 27.67854 12.4846 9.627038 12.01572 11.95063 14.97352 40.02353 4.823092 13.89024 19.74627 22.32236 22.64285 19.74839 28.06402 24.8063 28.38205 43.4858 15.5826 12.25794 17.59567 30.07087 21.47326 15.36604 14.98633 16.31666 18.40662 43.76885 29.09637 11.11882 30.07101 32.01788 20.51696 24.18774 20.47591 42.07477 13.39581 27.44909 21.10773 25.5522 15.15524 15.87733 12.32921
21.80469 24.71278 12.29141 29.47839 28.27188 29.7747 36.33415 27.28617 30.13039 24.51703 25.4348 13.32949 24.58742 24.34692 20.08796 18.34487 27.14673 35.45498 34.41104 19.96901 24.47944 45.64611 52.20192 52.05545 39.23448 31.55836 14.58878 7.694397 17.72446 10.86747 17.71118 39.89136 5.962748 26.36407 25.37135 22.54674 16.22956 9.604934 24.16252 26.17635 17.36364 19.45282 9.480791 9.154479 15.83021 13.71143 27.38893 37.8333 42.68031 44.32819 24.85616 11.391 11.00028 19.8171 37.8594 32.2676 23.87756 18.46498 17.29151 35.60337 27.54904 34.45421 16.12853 12.10838 10.81753 22.35424 20.5471
33.34353 27.55374 14.34742 11.14258 28.75681 28.39927 31.54462 32.20951 34.89417 27.99238 25.14354 14.52168 20.04005 25.5916 14.26768 13.15552 20.09407 28.49003 29.09824 28.09608 25.5826 41.15158 57.06709 48.58871 33.09403 8.9606 8.379218 8.310081 15.06626 15.82323 23.54142 33.30151 4.189072 29.9013 30.40944 26.60477 24.9575 16.837 46.70618 31.10574 32.52502 17.30488 7.556391 15.25301 20.6489 16.51096 12.16003 20.47683 37.91071 49.4846 39.88883 30.17347 44.47032 33.60803 21.99218 21.36033 34.40098 28.83826 14.7667 45.90348 38.0967 34.85056 27.37125 29.80173 12.8762 31.12068 34.91393
38.83533 36.98705 23.86937 6.345285 18.14244 23.00941 29.60865 25.08276 40.12539 28.04885 23.83925 14.18698 9.389356 13.27181 9.145761 15.00425 22.31757 31.0769 33.15491 33.46752 22.74003 31.89675 53.50798 53.6222 28.19042 9.880771 7.179983 9.699529 22.05535 23.3323 30.24938 25.55021 8.566951 20.63729 32.8283 31.19267 26.40706 32.53258 28.80988 44.41025 20.75407 15.93348 14.37656 14.46715 19.40089 15.94757 14.56522 24.12906 27.70452 47.57936 35.36793 30.7035 34.90113 31.9722 20.96456 17.56207 37.09251 42.86682 26.20999 35.03064 49.08768 40.3246 37.44582 40.4838 33.92891 29.58848 15.94133
43.19294 38.93695 39.76437 9.588014 11.15451 22.54136 21.52216 31.73233 34.79111 32.84729 21.78946 17.15809 12.85609 6.888159 13.76304 18.27621 28.03002 29.04443 27.22788 18.79374 27.05616 45.9833 52.04932 46.22534 18.69914 10.21471 3.844204 17.56925 28.12353 32.67775 26.11296 5.186696 6.87381 12.55605 20.43744 23.38273 33.20321 31.04815 28.24031 29.4175 23.63694 15.36774 18.24679 17.65426 17.94068 29.47631 25.62136 25.00629 34.59933 43.41005 36.03024 35.79762 24.84248 22.73447 24.6724 17.34978 25.16633 30.91468 32.70551 13.61791 38.93719 22.23902 22.73939 14.7261 18.14696 7.755 3.797631
47.2387 35.55144 29.47173 18.06505 11.76434 12.62911 24.51997 25.76216 27.79522 35.61594 27.46753 18.70015 19.03018 14.50817 25.1865 26.8672 24.26426 32.74909 31.77148 17.13254 43.04292 45.0239 46.95842 32.06822 13.68393 5.850923 10.03963 18.88632 35.4408 35.24191 17.14129 13.71982 25.58641 15.01252 9.093078 16.60832 27.89024 24.92257 28.87382 28.3289 28.17249 15.90026 15.27967 19.10943 23.25541 22.16096 24.10965 31.08436 35.06742 17.33425 34.6757 23.03601 20.21556 20.63722 22.76589 24.79352 14.4238 24.50514 29.82012 16.99741 11.88238 10.17974 5.544061 5.878953 3.337738 1.581519 5.075719
38.60884 54.6137 30.42083 22.69086 19.23712 7.624827 18.18409 20.41448 22.76969 22.6665 24.2909 17.96773 13.69401 13.00401 30.66714 31.22639 21.59149 23.72669 29.42694 19.31644 38.90631 44.61998 48.99895 40.90622 17.70656 10.31811 13.83334 16.10551 14.27751 11.72229 15.07146 28.66858 27.74708 25.78047 24.14126 13.73421 10.85901 10.12099 12.88658 15.6902 20.69443 19.43662 15.73011 18.61733 18.73557 16.40127 26.34578 34.8809 34.85453 16.27948 27.75421 24.89932 31.70287 23.39388 17.28627 20.0455 27.19911 17.23227 9.328423 10.53175 4.764067 4.25603 3.83074 3.130297 1.302343 9.546945 27.46511
47.7334 49.78348 45.6654 27.03875 13.68951 7.875387 32.01903 43.23206 21.66674 19.20224 21.36194 22.97436 13.97544 10.0934 21.47781 22.12514 21.2843 43.45627 45.80325 32.82902 22.33 29.21833 32.13366 17.12344 9.405565 13.36491 18.5064 14.21678 4.034008 23.06766 22.30541 20.73451 29.28046 21.83202 23.92644 28.13585 21.78001 25.84169 16.66619 17.55447 11.4073 11.26086 9.188493 18.66722 16.11565 12.01272 17.14742 23.63287 34.35484 24.23394 21.05451 20.74825 17.91169 16.79855 17.23384 17.90852 19.68188 17.80469 23.97677 5.650135 5.582745 3.885896 2.265307 6.494526 4.054346 17.37143 25.73939
25.03879 29.57466 31.77323 32.49855 16.70475 10.867 39.0502 37.2499 26.59984 23.55533 20.39917 23.0099 22.15422 6.947557 16.16375 17.31167 46.64721 33.89328 48.91198 32.49471 22.70408 25.96731 10.75461 9.516214 9.164302 14.51077 21.261 6.406386 6.655983 12.68139 16.15339 8.061012 20.45447 25.39822 28.77725 23.35954 28.21524 27.96563 27.67657 23.23955 18.3901 19.96111 14.70451 16.5527 21.93058 20.42855 20.92274 12.20052 11.07066 15.51647 19.5107 22.93709 17.62576 15.15197 11.14024 14.67775 14.47413 15.16707 9.835107 4.198011 3.526697 7.298478 5.533867 17.93342 9.540754 26.61509 21.02091
22.10377 21.00859 20.99935 26.84171 17.28779 10.35502 39.78769 44.80122 42.1709 27.7889 29.21678 29.07296 12.7675 3.928487 6.974468 19.57745 40.15611 44.051 42.19595 36.83498 17.34317 9.455971 8.601215 7.583302 8.12574 15.23959 23.82662 3.713474 12.96504 23.31602 28.256 14.51727 12.39478 25.44595 32.03776 34.97623 33.49007 31.01458 27.49565 23.52059 24.51439 24.56567 18.2059 24.1992 18.76914 24.62406 30.11055 30.45417 26.40321 25.16594 14.94669 15.39047 13.01702 13.63318 7.495377 7.479261 8.31195 5.473816 3.788887 6.94078 11.99694 11.19326 9.647513 12.06852 12.31529 18.72039 26.63194
13.70617 19.42439 23.03329 22.7063 18.75544 2.032964 19.55785 42.79611 43.72558 32.01558 14.22169 16.35526 6.197515 4.015208 5.136569 9.613347 13.05099 12.79199 14.09513 10.56084 7.819141 6.469307 6.846992 8.269236 12.42653 19.09731 8.525293 2.237786 18.15346 23.36104 22.20578 21.52459 16.86325 12.24817 21.98646 19.67287 21.69311 24.12228 26.07145 25.91286 23.09404 23.70351 23.25943 25.24362 30.02451 21.92037 20.26752 35.76109 24.74811 19.13816 25.27091 19.85175 10.92346 6.357221 4.330584 3.514992 3.126746 3.272493 4.076725 7.72486 11.66403 14.78753 11.11509 8.261398 8.049095 6.464781 16.10666
