static/jobfarm/user_models/minyf/common/HOME-GBHM/输入文件/Input/Basemap/slope.asc
ncols         221
nrows         204
xllcorner     -627000
yllcorner     3955000
cellsize      900
NODATA_value  -9999
[rows 29 to 57 of 204, columns 67 to 133 of 221]
3.131024 4.40891 5.253096 4.442872 4.679998 4.154469 3.1161 4.228981 5.635786 6.213221 3.954156 3.779412 3.833975 4.75184 4.371226 5.62652 5.207726 6.482617 7.189398 3.522112 3.376746 12.51687 18.38443 19.86992 19.23031 22.77956 23.35627 11.15399 29.05612 28.85583 17.76817 9.293917 18.85069 28.11717 22.05673 21.60503 17.92257 8.478996 2.877639 2.954945 3.141668 12.79466 14.03335 11.67299 11.5438 12.05583 8.192852 14.62734 -9999 -9999 -9999 -9999 -9999 -9999 -9999 -9999 -9999 -9999 -9999 -9999 -9999 -9999 -9999 -9999 -9999 -9999 -9999
7.582397 5.180378 3.114863 3.708233 4.722074 2.322642 1.831563 1.748682 1.547303 2.428951 4.447142 5.527301 6.607229 4.905263 5.636123 10.62201 8.275702 6.310067 3.47092 4.675093 4.070321 3.978243 12.48909 20.39975 19.84729 19.01203 9.99984 15.51723 34.98869 31.95425 14.10692 12.71515 17.82286 13.71352 15.55241 22.4416 26.00143 27.16257 6.17877 2.612953 2.838396 5.521144 10.36692 15.5317 14.02039 11.65703 16.18242 11.66295 -9999 -9999 -9999 -9999 -9999 -9999 -9999 -9999 -9999 -9999 -9999 -9999 -9999 -9999 -9999 -9999 -9999 -9999 -9999
7.935915 7.901198 4.850743 4.900153 5.101219 4.017334 3.114906 3.051322 3.662395 4.721014 4.31475 5.249622 6.422176 7.770742 8.863476 9.62874 5.619928 4.010609 3.077228 3.777169 7.523275 4.607947 9.494884 14.90723 16.13557 13.93716 13.46857 15.88837 23.82309 24.95034 8.806211 20.49999 31.9943 36.12641 16.07788 7.629979 14.59526 15.51947 6.400435 2.538944 2.409258 2.970537 7.177265 14.02584 16.72663 19.13035 22.34897 7.911903 6.209992 18.93314 22.18375 -9999 -9999 -9999 -9999 -9999 -9999 -9999 -9999 -9999 -9999 -9999 -9999 -9999 -9999 -9999 -9999
9.715277 11.43592 12.53453 6.552909 8.495456 6.672327 4.559936 2.94263 5.562801 11.82745 10.20292 12.61316 10.09261 10.22427 9.598798 8.617643 4.964036 5.475641 3.582268 6.043899 8.202615 12.37262 14.23635 18.42433 15.56823 12.66813 14.93902 21.47834 22.7849 11.09197 6.617542 17.69688 32.78878 28.17043 26.02799 27.58075 14.62963 9.439795 4.17659 2.082643 2.289962 2.187579 4.927016 8.800856 18.96964 20.35992 9.310045 11.95918 7.279933 13.68408 8.224674 18.29349 -9999 -9999 -9999 -9999 -9999 -9999 -9999 -9999 -9999 -9999 -9999 -9999 -9999 -9999 -9999
9.190131 7.832308 6.315662 11.04046 10.03746 7.690572 10.11384 6.321534 4.612315 8.071832 6.40496 4.839718 9.868631 7.201348 7.921738 7.377986 6.57441 5.500929 4.730488 7.526264 9.186563 10.5782 14.61554 19.56512 16.72518 18.22557 18.61094 16.87285 16.18186 7.263583 16.03089 21.65111 26.92071 19.10359 17.23295 19.02202 18.75379 22.33084 11.28837 3.138255 1.83328 3.574167 4.580966 8.4353 10.1363 7.00021 8.46376 12.614 17.24443 10.0128 11.3686 17.73455 26.63958 -9999 -9999 -9999 -9999 -9999 -9999 -9999 -9999 -9999 -9999 -9999 -9999 -9999 -9999
11.83835 13.06988 13.44164 9.472968 7.535377 7.922588 7.114383 10.71314 7.259551 4.579235 7.608541 4.750077 8.093239 8.511996 4.926758 2.202976 2.850508 1.932114 5.133271 8.738086 9.27 9.819047 11.27325 16.71027 18.46914 17.37682 26.77416 15.57073 8.17539 19.63655 19.25406 16.88685 21.46155 16.21345 18.68975 18.71691 14.22293 18.05417 14.30544 6.399121 2.273392 1.874262 2.566923 6.232071 11.5802 11.69752 4.764582 12.59141 13.41039 9.795464 11.50609 15.67937 -9999 -9999 -9999 -9999 -9999 -9999 -9999 -9999 -9999 -9999 -9999 -9999 -9999 -9999 -9999
10.42764 10.04215 9.681993 10.55188 14.08477 10.70614 4.91732 3.546947 5.809285 7.293035 6.099693 3.73883 5.93855 7.119525 3.868921 2.496469 1.723687 2.290103 4.858683 8.434019 10.43969 13.27318 15.7649 18.30915 17.48588 12.67242 21.99773 13.80157 15.38541 19.88772 14.81667 9.776078 18.71902 22.83857 22.84576 24.48501 17.00688 17.3112 13.12932 9.778333 8.361973 2.256238 2.185117 5.533758 10.64599 17.06672 10.50547 11.39514 10.25637 16.27422 12.40981 13.83575 -9999 -9999 -9999 -9999 -9999 -9999 -9999 -9999 -9999 -9999 -9999 -9999 -9999 -9999 -9999
14.87433 16.66598 18.28314 11.19282 6.293783 6.516418 7.301246 6.758938 8.086328 4.188986 3.471876 3.132123 2.133398 3.164526 4.009621 2.314331 3.144388 8.666367 6.0134 7.080976 11.36064 22.40371 23.58096 29.20006 24.00614 14.61676 24.92741 19.22537 25.16303 34.64643 39.04333 37.17235 33.53355 36.4046 37.36217 26.82284 25.18229 21.63543 16.52295 7.976407 12.78578 5.396518 2.246712 4.232536 6.11998 8.990473 16.08851 9.834651 15.55721 15.02683 14.29159 20.92106 23.44136 -9999 -9999 -9999 -9999 -9999 -9999 -9999 -9999 -9999 -9999 -9999 -9999 -9999 -9999
12.60842 10.7161 15.54986 19.55927 15.40161 12.75704 13.42575 12.24384 4.846193 3.28615 2.582664 6.332649 6.170083 9.491544 10.80863 10.9499 4.639241 8.810579 8.626025 12.50563 14.97977 22.55522 15.43694 12.55715 21.90097 43.14698 42.8175 7.858886 42.55165 38.99183 36.02316 26.82029 16.19797 19.56044 16.04182 17.13297 24.45828 36.22945 17.07554 12.79799 12.26554 10.08289 3.389634 2.651142 5.653625 6.96833 8.494946 5.281013 16.80489 22.34692 16.54337 13.24071 14.53985 -9999 -9999 -9999 -9999 -9999 -9999 -9999 -9999 -9999 -9999 -9999 -9999 -9999 -9999
7.924794 5.607105 11.83796 12.86885 20.09523 11.33556 6.543593 6.268031 2.750446 3.916328 2.338785 8.20812 5.131157 6.836281 10.32831 10.20755 11.83295 8.511137 10.04129 10.87067 9.663334 12.05059 7.790794 5.263834 6.023187 8.287066 7.176792 3.064891 8.237794 8.038674 5.204638 6.974486 16.97071 32.99113 28.49302 24.5269 15.04985 36.6753 29.29824 14.66317 14.49062 12.58344 4.283134 2.620083 3.157595 5.598395 12.75089 11.85914 9.289676 14.88204 26.5336 26.89515 22.30638 24.19056 43.71992 44.97809 49.02112 36.14641 43.72778 -9999 -9999 -9999 -9999 -9999 -9999 -9999 -9999
6.987047 6.816586 8.193888 9.66978 8.540235 14.38586 8.049613 7.801109 3.30248 3.694023 2.446033 10.35706 5.328468 4.727428 8.71537 9.417686 9.344117 27.20339 14.2208 9.269556 10.92348 15.13131 5.606116 5.076728 5.923448 6.587514 5.723779 2.623847 2.466702 3.03829 4.680494 2.82183 10.6745 25.2038 27.39318 23.20145 19.51541 18.42517 37.40289 16.75499 15.51886 14.78699 10.27936 3.282279 2.208487 6.11385 15.76739 17.52367 12.38077 8.448114 7.463247 11.52529 14.18844 14.00329 20.5845 27.6446 45.13548 46.91326 33.22588 41.68128 -9999 -9999 -9999 -9999 -9999 -9999 -9999
8.442247 5.250725 8.431573 8.758225 11.30243 8.472514 10.56781 6.938702 5.971363 3.195635 2.366673 6.281803 12.7506 2.957451 7.292031 10.12877 7.24017 20.47635 20.10208 35.88682 31.42117 7.881894 15.88554 11.1523 17.94071 16.13595 14.98418 13.00158 21.88749 12.22324 25.31053 23.13752 4.062886 8.891467 21.72449 21.20508 17.68554 10.3642 8.430107 25.13829 14.57092 16.11884 11.52111 3.899524 2.202979 11.37289 13.10341 12.22211 13.46354 16.11063 12.29429 10.68554 8.449896 11.57792 15.01688 11.94996 19.98178 23.69138 13.02341 30.34931 -9999 -9999 -9999 -9999 -9999 -9999 -9999
10.94005 5.415991 7.014766 6.697889 10.14491 7.332859 9.260753 10.91463 5.589368 3.118111 7.309773 2.762665 15.10362 7.628032 6.927375 10.55257 6.21604 13.17731 17.89324 28.17421 22.20627 26.26157 36.29849 16.11694 19.33758 23.6798 18.08839 16.55969 22.2163 13.55633 28.89958 25.35854 15.2312 4.10089 11.00889 18.0532 15.1596 17.07271 12.2113 19.36699 37.76709 14.01188 13.15281 4.798378 2.175413 9.937864 11.81003 8.276878 8.807378 7.509826 9.724972 12.20104 12.87451 13.89972 14.03361 10.84842 17.24264 10.56195 9.875669 37.49435 28.71651 -9999 -9999 -9999 -9999 -9999 -9999
11.34529 6.27592 4.906505 10.3234 3.673079 5.337372 8.683847 9.871717 10.23341 4.458875 8.562299 2.546245 7.006577 15.05785 14.50903 11.15782 5.781697 9.631692 12.87608 30.17928 18.77784 50.82352 46.05785 24.72903 21.84178 20.44421 21.769 16.01531 23.62703 21.84202 30.85938 28.55184 28.62768 6.685747 10.06785 46.05543 22.98616 23.77006 16.4461 19.85286 31.14386 22.84882 16.32017 6.420293 2.995714 4.597696 6.781802 8.300586 8.374514 6.110007 9.850728 8.37449 9.822884 14.76638 14.58765 20.66403 22.94234 7.546198 3.891584 12.36909 -9999 -9999 -9999 -9999 -9999 -9999 -9999
13.36724 9.239122 5.208826 6.563476 6.201658 5.821561 7.777325 9.066109 4.720688 2.79363 4.350652 1.825373 2.029238 4.645615 7.93059 10.17047 8.228543 11.54735 20.13985 18.22401 32.7546 43.57637 41.89433 35.29566 42.06761 37.3914 39.2371 19.24536 20.90122 15.67825 28.26942 35.27912 29.77566 21.17886 5.952427 45.12611 36.69243 27.24126 22.56161 26.74385 18.5989 15.03789 12.09859 5.946927 12.54106 17.82667 11.46285 7.677289 7.098573 9.049342 13.01679 10.31056 15.44922 15.12727 17.10783 22.26985 19.23301 4.560053 13.59565 30.74136 -9999 -9999 -9999 -9999 -9999 -9999 -9999
7.676765 9.037604 9.03503 4.288558 6.961442 9.522754 8.657436 10.22149 5.667802 2.973636 3.132346 1.666968 1.538217 3.69612 4.641329 16.93481 11.699 10.70335 14.84482 13.27677 25.59314 29.06032 28.90005 45.93119 43.07451 51.23723 45.8746 43.42448 26.33456 19.47158 23.29325 29.91475 27.81606 31.01557 8.12043 10.56839 44.46585 40.23812 29.76969 31.01011 20.45922 11.41509 4.910975 11.93584 22.34171 18.03956 12.50791 3.726737 6.059416 8.793787 6.259376 5.370941 5.401411 4.111469 6.593915 5.601213 3.43828 7.090331 26.85648 21.63649 -9999 -9999 -9999 -9999 -9999 -9999 -9999
19.7905 28.37858 17.67664 6.412555 12.40718 7.322478 13.48485 15.04623 5.177555 7.163979 7.432253 2.915027 5.972224 6.016373 4.625423 13.075 20.5013 9.165674 9.714869 15.8092 21.62192 23.56582 37.11596 50.05851 51.59795 52.58453 46.75887 46.72842 17.0669 45.45148 40.01006 44.04965 29.4652 19.80243 29.99641 11.30721 9.580165 23.45123 23.38163 27.95999 28.29429 4.201673 6.942791 20.82989 28.60376 12.84404 6.811279 6.89396 6.984611 5.206049 4.641381 4.968322 6.351156 6.828243 9.463709 8.038937 6.839402 21.4646 25.98051 18.38694 17.70251 -9999 -9999 -9999 -9999 -9999 -9999
39.07443 28.85973 21.69098 10.50375 23.64601 16.71499 32.30923 23.17091 5.996806 10.59065 11.13774 9.878072 13.16005 5.004663 3.0528 4.002553 24.95129 20.47571 10.98576 17.91971 16.70811 25.03732 45.67468 37.98063 41.94288 50.66612 48.44314 19.49327 50.2339 39.84317 31.16342 33.67144 28.80593 26.98202 22.65952 16.81395 11.55129 6.33466 16.81457 23.80739 19.65239 3.025188 10.89028 27.47904 29.50647 8.308249 13.7649 18.10326 17.40547 16.01024 16.67625 14.13605 14.49548 19.40844 15.89231 21.16746 11.94427 19.16152 25.28802 19.40035 17.04877 22.01911 -9999 -9999 37.83838 34.72588 -9999
28.24549 22.02361 19.48705 12.01165 38.19201 32.7998 27.63658 33.41365 10.24802 25.72644 14.38105 22.74495 15.13794 15.8382 7.88047 13.84214 9.67508 29.75683 29.27088 22.6041 32.71235 37.95536 28.88084 46.87918 33.07235 26.7063 43.31046 46.28128 42.26287 32.07273 38.75988 41.3835 36.6087 36.14679 23.79708 25.12469 42.31775 9.580434 11.32242 14.06275 7.693573 4.835796 13.42392 12.52155 16.12084 15.21742 16.89413 28.2381 14.81586 14.87448 13.28572 16.18262 20.50915 24.38806 25.62337 15.9829 6.819045 13.4283 7.82423 9.035587 12.35398 35.0314 -9999 -9999 28.18619 19.21494 -9999
28.14583 31.82209 21.12391 15.49073 27.46663 33.90068 39.41718 36.11384 15.23422 23.53197 14.03893 18.63808 14.29079 20.72649 10.72463 18.85694 9.194867 6.36691 11.35293 29.85059 37.52707 35.28727 46.89174 48.2298 49.83197 48.12403 50.47054 47.73993 42.64045 36.8905 37.3585 46.14074 45.30289 45.36963 44.39017 25.37727 29.17309 18.79146 11.9889 9.377314 3.303448 8.874509 12.12813 21.50643 15.31458 19.19107 7.799111 17.93169 17.66577 24.25658 17.95175 31.74804 27.33325 13.82726 13.09539 27.3894 17.03878 13.70218 7.262804 24.42983 30.72676 31.08035 18.86602 28.00188 25.95401 17.52869 -9999
32.98743 27.51601 24.97057 29.7151 29.35461 28.1654 36.91281 26.59522 23.16004 36.74656 33.04556 14.72883 13.42385 16.83048 8.667536 15.23699 16.27161 6.658276 12.04711 17.6915 16.44521 16.04016 25.21072 27.98165 39.15473 54.47709 40.14087 46.22789 42.51875 46.93393 34.10718 37.90719 42.06548 34.02248 27.74689 20.51048 18.29996 13.97498 5.499734 9.823504 5.936999 24.58161 20.56485 25.34274 22.06778 17.61465 12.48808 17.45591 23.54402 26.96359 26.52279 13.41043 15.08944 31.09844 39.88401 24.69806 33.70214 42.81924 28.03102 25.83387 24.13034 30.63297 11.10001 20.06504 7.468854 16.61006 -9999
27.51861 27.63347 28.73678 30.54142 38.17763 37.35658 29.36222 34.92008 28.49403 31.12365 24.63239 24.9404 26.06244 23.14486 19.37641 27.3552 21.09997 25.71633 27.0717 24.26422 31.25021 25.29007 36.01162 46.025 23.45467 13.4263 14.61151 12.40036 18.40977 36.63902 31.46359 32.23217 30.12885 24.28167 27.32453 24.11801 23.9115 21.06061 11.39362 9.47699 4.856546 22.63881 16.33311 19.88755 23.95956 20.2369 17.36034 27.28562 24.11496 18.07995 9.164434 14.54949 27.24888 30.99653 21.88587 19.59032 35.5332 23.83299 28.56566 36.47853 26.75239 18.1025 7.625207 6.959259 13.02911 23.81387 18.8306
31.35107 33.20791 35.06205 38.4482 35.62503 27.67217 25.2531 31.74477 29.89396 35.52063 24.29646 31.80051 29.46573 27.61502 23.80989 37.14941 32.86713 28.7508 33.32402 38.08397 45.54 44.78434 34.45612 47.50277 53.6531 50.66208 46.59299 50.83009 20.99647 32.38776 38.60975 23.20859 20.01634 25.35222 31.45798 31.57125 29.70099 20.70114 20.52769 11.53837 3.504505 9.789876 20.48436 26.78254 24.31832 7.240258 7.400067 8.025032 5.91796 7.027992 6.86453 14.10777 21.23762 23.89379 19.11482 34.8245 34.624 28.15596 36.79856 34.77618 39.1318 7.475403 3.603703 3.160079 14.11593 16.89127 17.64846
39.25411 35.49261 34.85765 35.30521 29.8739 25.60228 40.64125 30.59282 36.45163 30.7842 29.84348 29.64053 22.17344 29.31824 33.96633 28.55338 40.29942 24.15652 33.71888 42.32893 42.94696 44.89318 30.67612 36.55041 42.4589 38.04924 35.77754 31.33694 28.48317 27.34891 26.38188 17.01778 15.76493 16.74055 35.32836 30.83372 35.21626 26.18232 22.65337 5.658286 5.36255 12.76762 19.71472 12.63065 11.0683 16.44048 24.16778 35.6954 34.74598 11.00806 14.87656 12.45457 14.71695 14.47349 11.48619 21.43055 33.23484 37.96332 34.88245 37.24163 16.75996 19.61114 16.72529 2.389105 3.281862 15.22284 19.12556
20.96178 23.68755 23.5799 32.92178 41.7445 30.42299 43.85804 39.5012 40.76804 40.85219 36.84832 32.94428 34.63607 33.81905 34.23915 30.59968 39.60362 42.57782 26.34497 43.39682 48.36528 41.42651 24.07868 19.20003 21.16389 27.14301 23.78963 31.431 33.90951 48.57951 47.47015 40.92049 36.84378 22.40511 16.96684 24.017 27.93217 26.72209 15.52114 11.94849 10.6164 17.62923 9.227363 14.06094 21.99027 26.3868 28.83514 44.60903 42.5339 17.4068 22.49102 19.35978 12.28868 14.96047 18.54269 29.92045 31.93118 39.5773 37.05344 34.64614 46.65919 26.49214 39.71992 22.51262 2.557896 19.02094 17.4111
10.77473 10.39315 6.849988 9.151566 13.93099 9.407729 16.10692 18.28579 15.66814 26.00113 18.21467 33.28315 27.02622 24.01039 31.12181 22.77878 49.70752 51.39053 29.17627 49.63805 37.08891 46.59934 36.82847 48.0473 28.07077 28.7799 31.67715 20.41802 23.82197 39.36769 47.79521 42.57295 33.99585 30.35669 34.99723 17.97965 13.83369 20.52066 11.47078 21.16094 17.09125 17.55906 16.66771 24.77664 22.60339 21.68819 23.77449 32.21469 25.97126 19.0592 17.45213 25.52491 32.89986 22.4388 25.15525 31.40832 36.5952 40.28408 43.86303 37.86517 36.98085 14.89148 18.97317 41.55758 2.826119 5.069166 9.20207
7.069509 4.743335 4.581103 4.734251 4.739763 5.024689 5.987925 7.581334 9.090162 6.644385 5.535518 5.343691 5.896564 6.330823 5.07955 5.563286 17.6086 27.94815 33.16369 50.61062 46.30529 44.22659 41.54047 51.20929 40.36108 44.02883 48.44701 49.08934 22.93852 24.88577 36.3074 45.10152 44.88913 38.43147 31.52401 26.99034 32.90702 5.599485 14.12105 22.51161 15.1496 11.63251 19.58434 28.32746 25.80604 26.21007 20.80546 21.6178 33.97779 38.33184 36.84338 28.32719 25.21879 25.60974 28.86014 31.23985 29.50915 30.60932 36.07487 39.20001 29.08312 25.53333 37.92582 17.38018 3.338767 2.632858 3.51573
4.492583 4.018819 4.2814 3.838924 4.10404 5.009574 7.332665 9.119899 8.514532 5.725728 9.584475 21.19633 24.23158 20.39693 28.10434 25.96796 14.59233 8.634251 14.53326 24.55825 31.52444 40.75866 46.48879 44.66853 59.08574 42.58219 53.44778 46.08556 52.93471 21.55739 20.46135 23.54042 43.73035 45.36542 38.72173 40.86605 23.25075 7.122212 18.94145 12.32678 21.09584 9.706374 16.00319 29.65314 23.93992 27.1625 23.89572 20.8562 28.55484 24.05359 30.42299 31.44795 40.04789 37.4285 38.96337 21.68863 15.7268 16.91564 21.61625 19.44568 14.26511 42.56281 43.88741 11.81643 2.953352 3.40102 6.481021
3.319263 3.516158 3.528818 3.278927 4.219183 4.157024 4.742867 8.379422 7.664647 7.389365 16.89386 27.17429 7.762478 15.46829 19.86277 25.9418 35.38701 39.13187 49.3535 37.80733 33.80778 37.3455 45.34583 42.59601 35.0182 40.20647 43.05964 41.67646 38.09057 34.60975 36.03192 37.45024 24.17248 32.04455 53.13555 41.20414 6.498334 10.90059 12.06678 15.04241 8.105407 7.700018 20.07301 30.69097 32.18286 30.05521 17.77733 21.30077 33.20045 22.14084 13.81092 17.07839 22.73051 30.10868 40.55146 32.61317 19.6351 7.001557 15.42734 6.264458 23.89503 33.61873 17.77432 2.636615 3.594674 10.86242 38.32317
