static/jobfarm/user_models/minyf/common/HOME-GBHM/输入文件/Input/Basemap/slope_length.asc
ncols         221
nrows         204
xllcorner     -627000
yllcorner     3955000
cellsize      900
NODATA_value  -9999
[rows 156 to 181 of 204, columns 59 to 117 of 221]
0.07870133 0.1225576 0.1225576 0.1225576 0.1225576 0.1225576 0.1225576 0.5494159 0.5494159 0.5494159 0.5494159 0.5494159 0.5494159 0.1720705 0.1587408 0.1720705 0.1720705 0.1720705 0.1720705 0.1058608 0.05767364 0.1428915 0.1058608 0.2265676 0.04531351 0.1455475 0.1455475 0.02701164 0.1455475 0.1455475 0.1455475 0.2105446 0.05096564 0.03785153 0.2105446 0.2105446 0.2105446 0.2469797 0.1034908 0.14172 0.2469797 0.2469797 0.2469797 0.3554735 0.3554735 0.3554735 0.3554735 0.3554735 0.3554735 0.05195836 0.5537099 0.0513371 0.1773294 0.1773294 0.0462008 0.2497514 0.2497514 0.2497514 0.1130091
0.04812592 0.0441949 0.04812592 0.3825912 0.1225576 0.1225576 0.1225576 0.5494159 0.5494159 0.5494159 0.5494159 0.5494159 0.5494159 0.1720705 0.04084675 0.1720705 0.1720705 0.1720705 0.1720705 0.1058608 0.1058608 0.03887755 0.1058608 0.1058608 0.05469795 0.1455475 0.1001624 0.1001624 0.1455475 0.1455475 0.1455475 0.2105446 0.02508807 0.07070591 0.1413961 0.2105446 0.2105446 0.2469797 0.2469797 0.04345632 0.2247373 0.2469797 0.2469797 0.3554735 0.3554735 0.3554735 0.3554735 0.3554735 0.1621785 0.05837619 0.1773294 0.0513371 0.1773294 0.1773294 0.04960507 0.2497514 0.2497514 0.2497514 0.2497514
0.07870133 0.1225576 0.1225576 0.02979957 0.03148807 0.04312872 0.0461937 0.38076 0.5494159 0.5494159 0.5494159 0.5494159 0.5494159 0.1720705 0.09254243 0.09962216 0.04312356 0.1720705 0.1720705 0.1058608 0.1058608 0.3868236 0.04185188 0.1428915 0.04624289 0.1455475 0.224629 0.0586739 0.1455475 0.1455475 0.1455475 0.04319592 0.09253134 0.2105446 0.2105446 0.2105446 0.2105446 0.2469797 0.2469797 0.2469797 0.052653 0.03873131 0.1903344 0.3554735 0.3554735 0.3554735 0.3554735 0.3554735 0.0886986 0.1773294 0.1773294 0.04768879 0.1773294 0.1773294 0.04492355 0.2497514 0.2497514 0.2497514 0.2497514
0.07870133 0.1225576 0.1225576 0.04305145 0.1225576 0.04161439 0.1111757 0.5494159 0.5494159 0.5494159 0.07381773 0.5494159 0.5494159 0.1720705 0.1720705 0.02550586 0.3807144 0.1720705 0.1720705 0.1058608 0.1058608 0.1058608 0.1058608 0.05133304 0.02204896 0.1455475 0.05207307 0.1455475 0.1455475 0.1455475 0.04695693 0.2233906 0.2105446 0.2105446 0.2105446 0.2105446 0.2105446 0.2469797 0.2469797 0.2469797 0.2469797 0.2469797 0.03466637 0.03123702 0.3554735 0.3554735 0.3554735 0.3554735 0.3554735 0.1773294 0.1628196 0.07497757 0.1773294 0.1456718 0.13145 0.2497514 0.2497514 0.2497514 0.2497514
0.07870133 0.1225576 0.1225576 0.1574325 0.03867116 0.1225576 0.07010771 0.5494159 0.5494159 0.5494159 0.05016819 0.3780457 0.5494159 0.1720705 0.03574313 0.1890004 0.1720705 0.1720705 0.1720705 0.05815784 0.1058608 0.1058608 0.2209282 0.04575569 0.07542992 0.04271471 0.0449258 0.1455475 0.1455475 0.1797699 0.05945427 0.2105446 0.2105446 0.2105446 0.2105446 0.2105446 0.5301602 0.2469797 0.2469797 0.2469797 0.2469797 0.1206292 0.06954359 0.0334594 0.3554735 0.3554735 0.3554735 0.3554735 0.3554735 0.1773294 0.1452039 0.1773294 0.1773294 0.1773294 0.1773294 0.2497514 0.2497514 0.2497514 0.2497514
0.06050073 0.1225576 0.1225576 0.1225576 0.1225576 0.03985896 0.1025266 0.5494159 0.5494159 0.5494159 0.5494159 0.03735135 0.5494159 0.0461875 0.101185 0.03601422 0.1720705 0.1720705 0.1720705 0.1058608 0.03795486 0.04609654 0.04893526 0.1058608 0.1058608 0.0551432 0.0486453 0.1455475 0.1455475 0.04626567 0.1455475 0.2105446 0.2105446 0.2105446 0.2105446 0.0549002 0.1874418 0.2469797 0.2469797 0.2469797 0.2469797 0.2469797 0.2469797 0.04559357 0.3554735 0.3554735 0.3554735 0.3554735 0.3554735 0.1773294 0.1773294 0.1773294 0.1773294 0.1773294 0.1773294 0.2497514 0.07327796 0.04901213 0.04720642
0.04862219 0.05227887 0.4170758 0.4170758 0.4170758 0.4170758 0.05043784 0.1813672 0.1813672 0.1813672 0.1813672 0.1813672 0.0256355 0.2197302 0.1873458 0.5304102 0.04457453 0.1873458 0.1873458 0.3017489 0.1239825 0.02725909 0.3017489 0.3017489 0.3017489 0.08217333 0.04695721 0.1371559 0.08217333 0.0262903 0.04516153 0.04361188 0.06724732 0.1165755 0.1165755 0.0410996 0.1165755 0.5625443 0.5625443 0.5625443 0.5625443 0.5625443 0.5625443 0.02955098 0.04851434 0.04672698 0.1050665 0.1161633 0.1161633 0.365721 0.365721 0.365721 0.365721 0.365721 0.365721 0.1509076 0.1509076 0.05339438 0.2623907
0.09863357 0.08433995 0.05452122 0.4170758 0.4170758 0.4170758 0.4170758 0.1813672 0.1813672 0.1813672 0.0669419 0.04197353 0.03262892 0.0898396 0.1873458 0.1873458 0.5304102 0.1873458 0.1873458 0.3017489 0.04077772 0.0451193 0.3017489 0.3017489 0.3017489 0.08217333 0.03339629 0.03103766 0.08217333 0.043566 0.08217333 0.1165755 0.1165755 0.04974854 0.04188738 0.3748835 0.2169679 0.07868705 0.5625443 0.5625443 0.5625443 0.5625443 0.5625443 0.04668338 0.1161633 0.1161633 0.1161633 0.1161633 0.1161633 0.365721 0.365721 0.365721 0.365721 0.365721 0.365721 0.1509076 0.1509076 0.1509076 0.0594424
0.09863357 0.4170758 0.4170758 0.4170758 0.4170758 0.4170758 0.4170758 0.1813672 0.1813672 0.1813672 0.1813672 0.1813672 0.1813672 0.04059267 0.1873458 0.1873458 0.1873458 0.1873458 0.1873458 0.3719475 0.3017489 0.04857105 0.3017489 0.3017489 0.3017489 0.09982006 0.1366933 0.03018632 0.09022807 0.09022807 0.08217333 0.09096153 0.03931423 0.3748835 0.1165755 0.1165755 0.05029709 0.1177996 0.5625443 0.5625443 0.5625443 0.5625443 0.02760087 0.03167164 0.04629998 0.04629998 0.06186353 0.1161633 0.1161633 0.365721 0.365721 0.365721 0.365721 0.365721 0.365721 0.1509076 0.1509076 0.1509076 0.05639708
0.09863357 0.4170758 0.4170758 0.4170758 0.4170758 0.4170758 0.4170758 0.1813672 0.1813672 0.1813672 0.1516191 0.09561115 0.1813672 0.04337844 0.1873458 0.1873458 0.1873458 0.1873458 0.1873458 0.3017489 0.3017489 0.2178555 0.3017489 0.3017489 0.3017489 0.08217333 0.08893924 0.04446962 0.01561954 0.04459805 0.05198706 0.04113461 0.05382844 0.1165755 0.1165755 0.1165755 0.03589075 0.5625443 0.5625443 0.5625443 0.5625443 0.5625443 0.1522848 0.02246581 0.1161633 0.1161633 0.2156127 0.05296204 0.1161633 0.365721 0.365721 0.09577641 0.365721 0.1353086 0.365721 0.1509076 0.1509076 0.05639708 0.1526728
0.09863357 0.4170758 0.4170758 0.4170758 0.4170758 0.4170758 0.4170758 0.1813672 0.1813672 0.1516191 0.06981979 0.0676076 0.0676076 0.1367728 0.03073695 0.07122823 0.1873458 0.1873458 0.1873458 0.3017489 0.3017489 0.3017489 0.3017489 0.3017489 0.3017489 0.08217333 0.08217333 0.3665489 0.03954767 0.08217333 0.08217333 0.1165755 0.04030417 0.1165755 0.1165755 0.1165755 0.04797667 0.5625443 0.5625443 0.5625443 0.5625443 0.5625443 0.5625443 0.04789924 0.1161633 0.1161633 0.1161633 0.1161633 0.1161633 0.365721 0.365721 0.2147927 0.04152506 0.04510286 0.365721 0.1509076 0.1509076 0.08943374 0.1509076
0.09863357 0.4170758 0.4170758 0.05826687 0.4170758 0.4170758 0.4170758 0.1813672 0.1813672 0.1813672 0.1813672 0.1813672 0.04440823 0.1873458 0.02985016 0.06580015 0.1873458 0.1873458 0.1873458 0.3017489 0.3017489 0.3017489 0.3017489 0.3017489 0.3017489 0.08217333 0.08217333 0.08217333 0.04138555 0.08217333 0.08217333 0.1165755 0.1165755 0.1165755 0.1165755 0.1165755 0.04988482 0.5625443 0.5625443 0.5625443 0.5625443 0.5625443 0.5625443 0.06774008 0.1175008 0.1161633 0.1161633 0.1161633 0.1161633 0.365721 0.365721 0.365721 0.03367553 0.365721 0.365721 0.1509076 0.1509076 0.1509076 0.1509076
0.07689708 0.135756 0.135756 0.04412903 0.1805909 0.135756 0.135756 0.3291141 0.3291141 0.3291141 0.3291141 0.3291141 0.0340673 0.05083362 0.04408368 0.143501 0.143501 0.143501 0.143501 0.3333604 0.3333604 0.3333604 0.3333604 0.3333604 0.3333604 0.167779 0.167779 0.167779 0.05590492 0.1349668 0.167779 0.2007456 0.2007456 0.2007456 0.2007456 0.2007456 0.0462091 0.4181932 0.08772656 0.4181932 0.4181932 0.4181932 0.4181932 0.04538825 0.05082783 0.1593541 0.1593541 0.1593541 0.1593541 0.09021455 0.09021455 0.03438921 0.07101656 0.09021455 0.09021455 0.6936721 0.6936721 0.6936721 0.6936721
0.07689708 0.135756 0.135756 0.02315125 0.1805909 0.135756 0.135756 0.3291141 0.3291141 0.3291141 0.3291141 0.3291141 0.3291141 0.05301398 0.04567719 0.150511 0.143501 0.143501 0.143501 0.3333604 0.3333604 0.07656591 0.2111192 0.3333604 0.3333604 0.167779 0.167779 0.06182834 0.04532993 0.03834774 0.167779 0.2007456 0.2007456 0.2007456 0.2007456 0.2007456 0.04797667 0.4181932 0.04721894 0.4181932 0.4181932 0.4181932 0.4181932 0.1066066 0.04980632 0.1593541 0.1593541 0.1593541 0.1593541 0.1328015 0.09021455 0.03051074 0.254065 0.09021455 0.09021455 0.6936721 0.6936721 0.6936721 0.6936721
0.1794704 0.1818708 0.02547392 0.07684594 0.135756 0.135756 0.135756 0.08958364 0.5067568 0.3291141 0.3291141 0.3291141 0.3291141 0.143501 0.0203276 0.04584724 0.143501 0.143501 0.143501 0.3333604 0.3333604 0.3333604 0.04706919 0.3333604 0.3333604 0.167779 0.04221906 0.1331173 0.167779 0.04304167 0.167779 0.2007456 0.2007456 0.2007456 0.2007456 0.2007456 0.04797667 0.08772656 0.08190586 0.4181932 0.4181932 0.4181932 0.1146595 0.1593541 0.04312893 0.1593541 0.1593541 0.1593541 0.1593541 0.09021455 0.02525526 0.02939396 0.05261889 0.05081301 0.2104755 0.6936721 0.6936721 0.6936721 0.6936721
0.5144033 0.03987808 0.04381848 0.135756 0.135756 0.135756 0.135756 0.3291141 0.05067568 0.3291141 0.3291141 0.3291141 0.3291141 0.143501 0.03867733 0.1321297 0.06822655 0.143501 0.143501 0.3333604 0.3333604 0.3333604 0.04163201 0.3333604 0.3333604 0.167779 0.167779 0.167779 0.167779 0.04633447 0.1310543 0.2007456 0.2007456 0.2007456 0.2007456 0.2007456 0.02704106 0.04721894 0.4181932 0.4181932 0.4181932 0.4181932 0.4181932 0.04674096 0.04434814 0.1593541 0.1593541 0.1593541 0.1593541 0.08690697 0.0157319 0.1318481 0.09021455 0.09021455 0.09021455 0.6936721 0.6936721 0.6936721 0.6936721
0.04412903 0.09596968 0.02699758 0.1678791 0.135756 0.135756 0.135756 0.0494754 0.3583346 0.3291141 0.3291141 0.3291141 0.3291141 0.143501 0.04853446 0.143501 0.143501 0.143501 0.143501 0.3333604 0.3333604 0.3333604 0.04222384 0.3333604 0.3333604 0.167779 0.167779 0.167779 0.167779 0.167779 0.03367439 0.2007456 0.2007456 0.2007456 0.2007456 0.2007456 0.04491789 0.4181932 0.4181932 0.4181932 0.4181932 0.4181932 0.4181932 0.1593541 0.04185878 0.1593541 0.1593541 0.1593541 0.1593541 0.0194869 0.04743686 0.07392174 0.09021455 0.09021455 0.09021455 0.6936721 0.6936721 0.6936721 0.6936721
0.02285017 0.07844011 0.135756 0.135756 0.135756 0.06089729 0.135756 0.06148021 0.1266892 0.3291141 0.3291141 0.3291141 0.3291141 0.143501 0.04667795 0.143501 0.143501 0.143501 0.143501 0.3333604 0.3333604 0.3333604 0.07464179 0.127421 0.3333604 0.167779 0.1136243 0.167779 0.167779 0.167779 0.3547788 0.03043507 0.2007456 0.2007456 0.2007456 0.2007456 0.04183529 0.4181932 0.4181932 0.4181932 0.4181932 0.4181932 0.4181932 0.2081487 0.02834473 0.1593541 0.1593541 0.1593541 0.04229433 0.03844078 0.09021455 0.09021455 0.09021455 0.09021455 0.09021455 0.6936721 0.6936721 0.04771975 0.6936721
0.1001781 0.2656412 0.2656412 0.2656412 0.2656412 0.07540441 0.06930551 0.0717227 0.04058859 0.06191579 0.0717227 0.0717227 0.0717227 0.0867215 0.08096749 0.103531 0.1305738 0.103342 0.103342 0.09675112 0.09675112 0.09675112 0.09675112 0.04372418 0.09675112 0.1220169 0.0401724 0.1220169 0.1220169 0.1220169 0.1220169 0.039641 0.08457012 0.08457012 0.08457012 0.08457012 0.04663605 0.0828128 0.4991127 0.0828128 0.0828128 0.0828128 0.0828128 0.08621793 0.06938289 0.12709 0.12709 0.3544626 0.04364583 0.1543743 0.1543743 0.1543743 0.1543743 0.1543743 0.1543743 0.1327695 0.1757046 0.05376875 0.1327695
0.1151322 0.2656412 0.2656412 0.2656412 0.2656412 0.2656412 0.04306088 0.0717227 0.04198134 0.0857392 0.08005036 0.0717227 0.0717227 0.1480428 0.06817291 0.04616461 0.103342 0.103342 0.103342 0.05069274 0.09675112 0.09675112 0.09675112 0.04894125 0.09675112 0.1220169 0.0401724 0.1220169 0.1220169 0.1220169 0.09175842 0.02259049 0.03533278 0.041252 0.03397419 0.08457012 0.04183529 0.0828128 0.03997635 0.0828128 0.0828128 0.0828128 0.0828128 0.1759962 0.04877225 0.12709 0.03886081 0.04015002 0.12709 0.1543743 0.1543743 0.1543743 0.3514481 0.0392665 0.04263288 0.1757046 0.04116999 0.1327695 0.1327695
0.1151322 0.2656412 0.2656412 0.2656412 0.2656412 0.2656412 0.1039583 0.06555638 0.04866017 0.206993 0.04765978 0.07938041 0.0717227 0.103342 0.04048374 0.03094686 0.04252955 0.03916934 0.07260244 0.04274145 0.09675112 0.09675112 0.09675112 0.04372418 0.09675112 0.1220169 0.04896807 0.1031778 0.04850316 0.03800768 0.09175842 0.129695 0.08457012 0.03172702 0.07966084 0.02914424 0.03463054 0.03311742 0.0828128 0.0828128 0.0828128 0.0828128 0.2488388 0.03580568 0.03886081 0.04300332 0.12709 0.12709 0.12709 0.1543743 0.1543743 0.1543743 0.04117454 0.1543743 0.1543743 0.05376875 0.1656543 0.1327695 0.1327695
0.1151322 0.2656412 0.2656412 0.2656412 0.1446789 0.09422094 0.2656412 0.05798355 0.02589713 0.0717227 0.03734205 0.02256389 0.04238946 0.02220856 0.02391659 0.07724822 0.103342 0.103342 0.07443187 0.03407813 0.2040919 0.09675112 0.09675112 0.1331324 0.05060907 0.06446341 0.03904655 0.02835258 0.06835103 0.1220169 0.1220169 0.08457012 0.08457012 0.03800349 0.08457012 0.1295168 0.03115853 0.0502877 0.0828128 0.0828128 0.0828128 0.2042485 0.03858145 0.02457949 0.1451079 0.12709 0.12709 0.12709 0.12709 0.1543743 0.1543743 0.1543743 0.03980856 0.1543743 0.1543743 0.1327695 0.1327695 0.1327695 0.1327695
0.1151322 0.2656412 0.2656412 0.2656412 0.2656412 0.0439367 0.2656412 0.0717227 0.03543175 0.2457405 0.03823889 0.128941 0.03953782 0.3490578 0.103342 0.103342 0.103342 0.103342 0.103342 0.09675112 0.05330954 0.03501661 0.04798266 0.04361592 0.02314721 0.0722839 0.1220169 0.1220169 0.03715105 0.1220169 0.1220169 0.08457012 0.08457012 0.04418404 0.08457012 0.08457012 0.08457012 0.03819514 0.01508435 0.1741659 0.0828128 0.02912783 0.03081537 0.04899441 0.102113 0.12709 0.12709 0.12709 0.12709 0.1543743 0.1543743 0.04127154 0.03403462 0.06796367 0.1543743 0.1327695 0.1327695 0.1327695 0.5003335
0.1151322 0.2656412 0.2656412 0.2656412 0.2656412 0.09422094 0.04151156 0.04056521 0.03631112 0.02236076 0.0717227 0.0717227 0.0717227 0.03551503 0.103342 0.103342 0.103342 0.103342 0.103342 0.09675112 0.09675112 0.09675112 0.03795523 0.05938049 0.04201118 0.1220169 0.1220169 0.1220169 0.06829236 0.1220169 0.1220169 0.08457012 0.08457012 0.03978659 0.08457012 0.08457012 0.08457012 0.04382125 0.06610727 0.02116357 0.02363762 0.2033571 0.03942969 0.12709 0.12709 0.12709 0.12709 0.12709 0.12709 0.1543743 0.03924935 0.04426005 0.06399313 0.1543743 0.1543743 0.1327695 0.1327695 0.1327695 0.03817161
0.0865109 0.1823238 0.1823238 0.1823238 0.344448 0.0672574 0.3492877 0.03710211 0.0336985 0.06232854 0.09561397 0.09561397 0.09561397 0.3490578 0.04298032 0.3318731 0.3318731 0.3318731 0.3318731 0.378334 0.378334 0.378334 0.378334 0.03478428 0.03629427 0.3435926 0.1481285 0.1481285 0.1481285 0.1481285 0.1481285 0.7054304 0.7054304 0.7054304 0.7054304 0.7054304 0.7054304 0.04081392 0.1575974 0.1575974 0.1274174 0.02890711 0.02073919 0.1383994 0.1383994 0.1383994 0.1383994 0.1383994 0.1383994 0.04865812 0.07361434 0.3525399 0.1279863 0.3525399 0.3525399 0.1628437 0.1628437 0.1628437 0.03285637
0.0865109 0.1823238 0.1823238 0.1823238 0.1823238 0.08118641 0.03658803 0.1730106 0.02525899 0.03496652 0.1423507 0.09561397 0.09561397 0.3318731 0.08469521 0.0408945 0.3318731 0.3318731 0.3318731 0.378334 0.378334 0.378334 0.378334 0.07167852 0.2012928 0.02687383 0.1481285 0.1481285 0.1481285 0.1481285 0.1481285 0.7054304 0.7054304 0.7054304 0.7054304 0.7054304 0.0680232 0.1116091 0.1575974 0.1575974 0.1575974 0.03719464 0.3404313 0.03231257 0.2407189 0.1383994 0.1383994 0.1383994 0.06125449 0.1110135 0.3525399 0.3525399 0.3525399 0.3525399 0.3525399 0.1628437 0.1628437 0.05913607 0.05373554
