static/jobfarm/user_models/minyf/common/HOME-GBHM/输入文件/Input/Basemap/slope.asc
ncols         221
nrows         204
xllcorner     -627000
yllcorner     3955000
cellsize      900
NODATA_value  -9999
[rows 29 to 57 of 204, columns 0 to 66 of 221]
-9999 -9999 -9999 -9999 -9999 -9999 -9999 -9999 -9999 -9999 -9999 -9999 -9999 -9999 -9999 -9999 -9999 -9999 -9999 -9999 -9999 -9999 -9999 -9999 -9999 -9999 -9999 -9999 -9999 -9999 -9999 -9999 -9999 -9999 8.685207 9.094191 7.422568 8.619107 8.190036 6.771442 8.64482 8.548568 11.34172 16.54077 12.86783 13.10373 20.6214 21.81525 22.29016 20.11007 19.2416 13.97128 7.7589 4.722824 5.214907 8.84259 4.384446 5.443521 5.644072 4.745068 2.925663 2.294819 2.943364 2.683905 3.020718 2.739459 2.958783
-9999 -9999 -9999 -9999 -9999 -9999 -9999 -9999 -9999 -9999 -9999 -9999 -9999 -9999 -9999 -9999 -9999 -9999 -9999 -9999 -9999 -9999 -9999 -9999 -9999 -9999 -9999 -9999 -9999 -9999 -9999 -9999 -9999 -9999 6.028928 6.461837 6.597244 5.681196 7.233603 11.9913 12.23647 14.27109 14.3384 9.563168 2.767654 3.155951 3.46177 11.53004 21.14473 26.64809 16.02471 23.57301 7.002697 4.633608 8.94593 8.288984 3.649189 6.466906 4.85743 5.550069 4.703485 2.245241 3.288584 2.267728 6.302953 6.725805 8.132762
-9999 -9999 -9999 -9999 -9999 -9999 -9999 -9999 -9999 -9999 -9999 -9999 -9999 -9999 -9999 -9999 -9999 -9999 -9999 -9999 -9999 -9999 -9999 -9999 -9999 -9999 -9999 -9999 -9999 -9999 -9999 -9999 -9999 -9999 8.515272 4.126961 4.248121 7.232915 13.49751 11.1054 8.816373 8.810145 7.139571 7.67598 2.31137 3.691595 5.795805 9.527362 11.34684 19.98973 29.45551 28.1616 9.510571 5.581681 5.593165 8.427426 5.753573 5.354446 6.332747 3.571594 3.015737 3.783814 4.073837 4.127162 9.515502 8.914531 5.90381
-9999 -9999 -9999 -9999 -9999 -9999 -9999 -9999 -9999 -9999 -9999 -9999 -9999 -9999 -9999 -9999 -9999 -9999 -9999 -9999 -9999 -9999 -9999 -9999 -9999 -9999 -9999 -9999 -9999 -9999 -9999 -9999 -9999 -9999 10.29231 7.430098 7.993278 9.672279 6.085261 5.004805 4.739224 7.212196 6.478013 5.731243 5.197555 11.19581 13.05368 14.0205 21.41052 27.33374 19.51583 26.93884 24.5111 15.30087 6.586968 6.066117 4.980447 4.260747 6.369322 5.418749 3.416532 7.168643 9.313101 7.931758 7.647479 7.795828 7.858987
-9999 -9999 -9999 -9999 -9999 -9999 -9999 -9999 -9999 -9999 -9999 -9999 -9999 -9999 -9999 -9999 -9999 -9999 -9999 -9999 -9999 -9999 -9999 -9999 -9999 -9999 -9999 -9999 -9999 -9999 -9999 -9999 -9999 -9999 8.248796 9.744423 8.242754 6.116024 5.430831 7.711492 4.813433 8.23896 7.395138 3.852093 7.348061 6.711043 11.63461 12.89398 13.84086 14.9327 9.709813 17.69408 22.6291 13.02031 15.08577 12.98308 4.846884 3.254971 5.220027 7.218254 7.907391 10.84273 6.617647 3.824031 4.146041 3.491716 4.829914
-9999 -9999 -9999 -9999 -9999 -9999 -9999 -9999 -9999 -9999 -9999 -9999 -9999 -9999 -9999 -9999 -9999 -9999 -9999 -9999 -9999 -9999 -9999 -9999 -9999 -9999 -9999 -9999 -9999 -9999 -9999 -9999 -9999 4.375576 5.59834 8.352207 4.274949 5.517024 5.662918 4.923322 6.514768 7.84046 4.83119 4.794767 4.486011 7.136673 8.588628 4.787574 6.027658 7.412717 6.662958 6.213103 17.67217 18.61776 8.564436 14.02519 10.94164 8.392039 8.495518 9.401255 7.285803 12.08805 11.18052 9.07354 9.164329 10.63592 11.80506
-9999 -9999 -9999 -9999 -9999 -9999 -9999 -9999 -9999 -9999 -9999 -9999 -9999 -9999 -9999 -9999 -9999 -9999 -9999 -9999 -9999 -9999 -9999 -9999 -9999 -9999 -9999 -9999 -9999 -9999 -9999 -9999 -9999 4.782247 6.594232 8.129524 5.103842 2.450312 3.98428 4.054751 4.521221 4.748412 5.567066 6.684223 7.715119 6.121214 6.419192 5.167772 8.083857 5.694288 4.566742 8.207829 11.44217 22.44962 15.63517 5.233608 12.48196 13.29417 10.71555 6.826903 12.18113 13.09659 8.80229 9.110438 10.13642 8.157425 9.691216
-9999 -9999 -9999 -9999 -9999 -9999 -9999 -9999 -9999 -9999 -9999 -9999 -9999 -9999 -9999 -9999 -9999 -9999 -9999 -9999 -9999 -9999 -9999 -9999 -9999 -9999 -9999 -9999 -9999 -9999 -9999 -9999 -9999 -9999 4.17867 2.989021 3.278528 2.994616 1.02589 2.562093 5.222656 4.68808 4.999811 6.343653 6.629318 5.332902 5.010793 5.888818 6.847722 5.872848 5.095627 10.61546 15.01935 14.88409 12.42618 13.67182 6.16692 6.65224 15.08569 12.13667 9.051202 16.03573 8.199236 8.466367 6.789229 8.854785 13.01112
-9999 -9999 -9999 -9999 -9999 -9999 -9999 -9999 -9999 -9999 -9999 -9999 -9999 -9999 -9999 -9999 -9999 -9999 -9999 -9999 -9999 -9999 -9999 -9999 -9999 -9999 -9999 -9999 -9999 -9999 -9999 -9999 -9999 -9999 -9999 3.818931 5.225574 6.296962 1.750885 3.675101 3.79835 4.688181 4.956089 8.034718 5.059328 3.106519 4.549894 9.152411 7.634249 9.299943 10.97458 14.40511 11.17617 5.995309 4.465861 11.95 16.28577 14.59357 11.77545 13.40938 15.47338 19.49138 6.764454 7.527811 4.903214 3.698866 8.236116
-9999 -9999 -9999 -9999 -9999 -9999 -9999 -9999 -9999 -9999 -9999 -9999 -9999 -9999 -9999 -9999 -9999 -9999 -9999 -9999 -9999 -9999 -9999 -9999 -9999 -9999 -9999 -9999 -9999 -9999 -9999 -9999 -9999 -9999 -9999 3.266057 4.505637 5.7493 0.4240875 3.626268 4.222743 6.286768 4.78093 5.778008 5.216974 3.479503 6.127463 7.142197 8.202929 6.290432 8.668109 5.920619 5.249752 4.444314 3.410155 4.836375 5.022219 14.03974 14.69714 14.45278 9.403292 11.25074 10.94265 7.565537 5.612343 6.450632 11.78206
-9999 -9999 -9999 -9999 -9999 -9999 -9999 -9999 -9999 -9999 -9999 -9999 -9999 -9999 -9999 -9999 -9999 -9999 -9999 -9999 -9999 -9999 -9999 -9999 -9999 -9999 -9999 -9999 -9999 -9999 -9999 -9999 -9999 -9999 -9999 4.820954 3.875883 4.786344 3.384351 4.454297 4.213053 9.556795 7.124899 6.273205 4.402411 6.876188 8.136627 7.800771 10.76806 7.366966 5.19583 2.044189 4.522728 3.946661 5.228513 5.294667 5.258609 5.601079 16.43491 8.677906 13.00151 9.814334 6.065323 4.046004 6.684705 10.3685 15.42115
-9999 -9999 -9999 -9999 -9999 -9999 -9999 -9999 -9999 -9999 -9999 -9999 -9999 -9999 -9999 -9999 -9999 -9999 -9999 -9999 -9999 -9999 -9999 -9999 -9999 -9999 -9999 -9999 -9999 -9999 -9999 -9999 -9999 -9999 7.705861 7.064541 7.726104 6.544341 6.187459 6.402133 9.398568 9.646642 11.80137 15.19923 13.48659 13.33611 15.28245 9.73761 12.87719 7.156404 9.159676 4.644463 8.300455 5.401661 5.644454 4.965288 8.942287 5.742906 16.19263 9.562208 14.6557 5.216429 3.993954 5.032534 6.180333 13.02973 11.30837
-9999 -9999 -9999 -9999 -9999 -9999 -9999 -9999 -9999 -9999 -9999 -9999 -9999 -9999 -9999 -9999 -9999 -9999 -9999 -9999 -9999 -9999 -9999 -9999 -9999 -9999 -9999 -9999 -9999 -9999 -9999 -9999 -9999 -9999 -9999 10.25762 8.30565 10.76118 12.88452 16.4015 19.76928 15.51182 9.782346 18.49157 19.28683 17.98035 16.40832 13.31274 10.37015 17.59538 11.36504 9.834772 9.195583 5.993457 5.538915 7.46963 8.259024 9.524428 15.67384 9.875886 10.92958 7.258395 7.124387 5.921565 4.142667 15.14027 20.63407
-9999 -9999 -9999 -9999 -9999 -9999 -9999 -9999 -9999 -9999 -9999 -9999 -9999 -9999 -9999 -9999 -9999 -9999 -9999 -9999 -9999 -9999 -9999 -9999 -9999 -9999 -9999 -9999 -9999 -9999 -9999 -9999 -9999 -9999 -9999 12.15036 12.09603 12.22804 12.49215 13.72886 10.80501 12.8972 23.31653 23.21764 14.76336 13.67806 12.05318 15.11261 14.82442 14.53154 14.78969 13.08411 12.44843 13.05806 8.135634 6.633102 10.68198 7.73101 17.23884 10.25568 10.18486 11.97169 7.343218 3.938576 3.730045 17.20128 18.78761
-9999 -9999 -9999 -9999 -9999 -9999 -9999 -9999 -9999 -9999 -9999 -9999 -9999 -9999 -9999 -9999 -9999 -9999 -9999 -9999 -9999 2.821867 -9999 -9999 -9999 -9999 -9999 -9999 -9999 -9999 -9999 -9999 -9999 -9999 15.15488 14.61604 13.10677 16.51979 16.94176 19.24951 18.70632 14.23594 13.75064 9.471009 14.43804 16.03699 15.60496 14.43617 15.21989 13.69647 10.24263 13.96409 10.06306 5.30245 12.34596 10.72053 11.80432 15.05433 18.39982 11.45491 15.77727 10.09202 5.244245 3.932704 3.249395 11.10832 21.85118
-9999 -9999 -9999 -9999 -9999 -9999 -9999 -9999 -9999 -9999 -9999 -9999 -9999 -9999 -9999 -9999 6.378842 8.130372 4.476399 3.205955 3.158594 2.74001 3.77656 3.777727 12.17559 14.21968 25.8777 -9999 -9999 -9999 -9999 -9999 -9999 -9999 8.788872 14.66121 13.9267 14.7546 12.52735 13.68044 20.88225 21.78426 22.08905 22.8178 16.15194 15.33344 13.43713 17.96091 15.19896 13.26072 13.1136 8.759558 7.165974 15.51875 7.423496 6.550454 12.19626 10.68298 2.549232 1.419416 3.357711 3.376298 5.393996 2.298777 3.641643 8.924995 27.73332
-9999 -9999 -9999 -9999 -9999 -9999 -9999 -9999 -9999 -9999 -9999 -9999 -9999 -9999 37.58712 38.30238 21.55115 6.700928 4.106395 6.235011 3.686215 2.278077 2.707731 5.042879 12.74995 21.03891 24.72185 19.41762 -9999 -9999 -9999 -9999 14.86678 15.79179 21.75205 22.2022 33.70416 12.5422 7.667554 11.70568 14.5393 11.98154 15.52394 14.8626 13.68114 16.75284 15.41456 13.62393 14.72335 12.84253 11.70531 13.12095 11.14765 11.96355 6.411014 2.18002 10.68807 6.498342 1.021478 3.794815 3.907535 2.98097 3.363719 3.624128 3.347773 6.971098 30.71773
-9999 -9999 -9999 -9999 -9999 -9999 -9999 -9999 -9999 -9999 -9999 -9999 -9999 -9999 14.52729 30.99686 27.40719 29.2562 16.64595 6.056547 3.896146 4.236715 3.973802 4.519241 15.77759 34.17941 32.22107 29.40694 26.79386 26.18744 28.55297 25.70057 20.9776 21.86812 28.21358 27.35061 23.80754 23.77278 18.72205 26.40581 24.42412 22.14972 12.4137 11.70542 12.94644 14.4753 11.9695 14.28096 15.7254 13.20569 12.48464 12.09621 10.28576 5.248042 8.615192 2.042466 5.288035 2.632044 0.9149035 9.398543 4.328811 9.529415 7.305627 2.983844 5.71987 5.822465 24.42924
-9999 -9999 -9999 -9999 -9999 -9999 -9999 -9999 -9999 -9999 -9999 -9999 13.53424 16.05738 16.42263 9.5907 9.013383 11.06221 19.90821 19.1725 5.59189 2.015833 4.83187 5.620015 5.758067 19.24844 21.49372 23.44021 25.65325 32.75174 32.05558 26.72076 25.65347 26.53755 26.22463 21.58238 25.22847 25.84268 19.22093 24.54621 24.58502 22.62636 24.17666 24.78084 19.99341 17.59447 20.90126 20.79977 20.50342 14.70342 13.70044 11.33818 10.70033 7.921099 3.228841 1.717559 1.54991 1.240173 1.059456 1.785701 1.531362 6.660113 8.135404 9.273881 6.831329 7.736931 26.41616
-9999 -9999 -9999 -9999 -9999 -9999 -9999 -9999 -9999 -9999 -9999 -9999 -9999 30.15544 17.81161 20.14869 16.8565 11.58819 13.13834 9.212058 5.234516 4.862896 3.963881 2.896332 1.91035 3.911171 8.062481 16.76176 27.06882 23.93027 34.38498 31.49304 26.53569 27.48059 26.59999 19.52413 18.93741 27.64593 25.30674 17.15324 24.66343 17.72741 15.92653 23.55435 15.87403 17.48157 17.19888 16.40141 14.11302 13.35106 12.55749 12.63774 11.51146 11.37288 2.000361 1.252485 1.243305 1.069535 0.9788206 0.8749778 1.395555 2.772084 4.134504 13.04034 20.52063 16.1081 29.30301
-9999 -9999 -9999 -9999 -9999 -9999 -9999 -9999 -9999 -9999 -9999 -9999 -9999 48.29341 44.32284 27.21226 23.65016 17.61979 18.04194 10.71868 6.146502 3.264012 1.485115 1.801852 4.277698 11.56656 8.865641 7.161391 14.99074 23.25584 28.23377 29.65766 27.82437 34.80882 31.04151 22.19764 25.65021 30.4838 25.88372 18.88503 24.67852 18.12078 15.28012 22.46165 17.11561 18.95502 14.56774 15.63648 16.14683 17.38936 25.84248 20.11667 15.87366 7.680591 1.750564 1.088991 0.9355155 0.729989 0.851894 1.077553 1.818105 3.323123 4.607192 16.72266 27.079 23.53092 28.47322
-9999 -9999 -9999 -9999 -9999 -9999 -9999 -9999 -9999 -9999 -9999 -9999 -9999 18.24495 28.16273 29.63212 41.73347 18.35697 12.60014 7.002604 3.371936 1.470523 1.39192 2.146431 8.179461 15.41809 22.43931 20.71355 10.79741 8.976552 14.80393 19.91449 33.04264 36.01986 32.4711 20.33289 25.50517 27.03343 22.19059 18.07407 21.80996 15.86169 18.03247 16.2316 17.6632 18.45476 12.52697 13.26606 7.053658 9.591756 10.17049 13.9727 9.043532 1.558378 2.735396 1.495247 1.421422 0.8749177 1.15081 1.587202 1.412877 6.297878 27.51953 32.92043 37.2364 20.71799 29.13266
-9999 -9999 -9999 -9999 -9999 -9999 -9999 -9999 -9999 -9999 -9999 -9999 -9999 18.94287 30.93425 23.14374 24.48965 11.36769 3.999418 4.029265 4.928569 2.417914 1.053395 4.597359 16.9987 9.035181 12.08318 13.69384 23.94762 18.47732 20.00869 15.70637 12.58054 21.20309 29.9611 24.65683 30.18473 26.18996 20.9454 16.17401 15.9016 8.487325 17.88536 10.58955 12.81524 9.733253 7.897196 14.49117 6.097458 5.026162 2.783852 1.795171 1.573218 2.560072 2.186283 2.610278 3.437867 8.874194 11.21208 21.90981 21.70832 30.51374 35.15383 32.63679 33.28073 38.70349 37.37186
-9999 -9999 -9999 -9999 -9999 -9999 -9999 -9999 -9999 -9999 -9999 -9999 30.86466 19.68961 28.63072 32.17886 29.43312 33.52124 17.1735 17.60217 11.28326 1.977696 1.252093 8.630944 18.42644 14.06868 15.34926 8.118598 12.6816 15.07913 14.64032 41.33676 20.22037 22.17907 16.06095 16.7792 16.74652 18.93774 16.25106 9.000967 7.276774 3.052113 5.208024 5.245361 3.233757 2.701257 2.207375 3.068347 6.536601 8.946806 9.972868 4.032072 2.719873 7.257609 8.62424 15.54906 24.90574 25.79163 22.2418 24.3049 26.5402 30.26461 10.26989 19.92162 34.48478 26.36956 40.68438
-9999 -9999 -9999 -9999 -9999 -9999 -9999 -9999 -9999 30.06155 11.03384 9.213519 23.20534 26.20326 35.65528 33.34106 21.77041 27.35272 22.27953 17.08895 16.4119 2.358334 3.084591 12.47037 15.44226 8.363949 5.47443 11.74131 13.953 15.03848 18.98126 22.82729 20.26971 26.7885 28.89625 23.27586 12.98621 6.00904 4.658269 5.0597 2.921567 2.052511 1.915315 1.425021 1.748609 1.85217 1.120088 1.134887 6.787705 11.2699 11.47692 14.21571 12.3502 9.131854 10.94525 15.4188 18.72176 12.72433 13.63089 18.47237 23.51986 9.441234 7.971748 6.503876 7.977395 7.527524 16.24029
-9999 -9999 -9999 -9999 -9999 -9999 -9999 -9999 -9999 19.69878 24.14692 19.04481 25.71853 24.57032 19.6814 14.42792 32.0495 42.51575 26.05419 11.56162 3.350865 4.802238 18.025 22.47099 18.742 15.5993 8.231066 10.28845 15.17575 20.54009 17.58388 21.10625 27.32719 16.11353 17.84655 23.12901 29.56986 15.27188 3.405806 2.329549 1.554044 1.26405 1.172398 1.078404 1.427839 1.24145 1.530609 1.69625 1.740432 3.244403 8.274826 9.94902 4.906661 4.489636 8.838769 14.40115 14.10464 21.39197 19.51299 19.27406 13.95045 7.014777 7.65775 7.420183 6.68006 4.544732 8.643023
-9999 -9999 -9999 -9999 -9999 -9999 -9999 -9999 -9999 20.27141 28.46356 29.41459 21.46026 25.78256 24.97099 12.51965 29.15908 42.94846 21.44135 16.80761 5.220001 11.1292 36.64891 33.65446 35.85589 14.12474 7.974106 9.769793 10.16444 11.50964 10.66362 20.50484 19.86027 16.98821 30.58389 35.04969 25.71023 15.24434 3.726002 3.515529 2.802733 3.160088 3.408833 2.352404 2.622755 2.103488 1.78959 1.821494 1.922277 2.67854 2.028763 2.396039 3.512153 4.252118 10.78853 12.13004 15.58532 14.66123 16.90772 19.75882 12.63985 6.905493 3.567998 4.556252 3.830465 6.642484 8.645581
-9999 -9999 -9999 -9999 -9999 -9999 -9999 -9999 -9999 30.47288 38.17113 22.68348 12.02166 17.49807 22.17406 18.01697 26.37075 39.23897 31.99087 21.53854 17.42126 6.911952 29.79552 31.25221 25.61547 32.19485 29.40775 32.41306 20.6947 15.17812 14.86281 18.17341 24.31604 26.48355 34.8901 39.23012 38.19837 12.79714 5.593789 3.33837 3.298047 3.27048 2.944246 4.557541 3.191783 3.080431 1.980702 1.809237 1.843543 1.929162 1.951627 2.592191 2.59696 1.657897 2.80244 6.296399 7.285981 8.553917 11.86052 12.62436 8.103186 5.708731 2.166132 2.744262 3.125291 5.793743 4.524774
-9999 -9999 -9999 -9999 -9999 -9999 -9999 -9999 -9999 21.85419 25.99139 20.41791 13.1918 7.762889 10.50551 16.44941 11.70559 20.33114 25.54342 8.153651 30.76345 15.48467 36.09758 29.30588 25.79605 25.88389 26.84282 20.46267 41.23046 28.85976 27.89298 27.48001 30.72305 31.42706 31.53055 35.92165 33.02094 40.23988 15.38966 3.670284 4.573526 3.300582 2.19147 2.822463 3.31567 2.841744 2.101974 2.569087 2.779072 2.50395 2.253295 2.99043 2.979818 3.605677 3.264403 2.274219 2.844897 3.021178 4.424966 6.460515 6.471812 5.787163 2.728312 2.560032 3.003699 3.165399 4.307785
