static/jobfarm/user_models/minyf/common/HOME-GBHM/输入文件/Input/Basemap/slope_length.asc
ncols         221
nrows         204
xllcorner     -627000
yllcorner     3955000
cellsize      900
NODATA_value  -9999
[rows 52 to 77 of 204, columns 0 to 58 of 221]
0.2794001 0.1497343 0.3061802 0.2794001 0.2794001 0.1111534 0.7399768 0.7399768 0.7399768 0.7399768 0.7399768 0.7399768 1.198198 1.198198 1.198198 1.198198 1.198198 1.198198 0.2204825 0.2204825 0.2204825 0.8057764 0.0653419 0.2204825 0.2905723 0.2905723 0.2905723 0.07910922 0.1100337 0.1463789 0.2615613 0.3336771 0.09778259 0.06201921 0.1344082 0.2615613 0.1055292 0.2152143 0.09872731 0.1129208 0.2152143 0.09161067 0.2474453 0.2474453 0.1007939 0.1747223 0.1154891 0.2474453 0.3967588 0.3967588 0.3967588 0.3967588 0.3967588 0.3967588 0.1755763 0.1755763 0.1755763 0.1755763 0.1755763
0.2794001 0.2794001 0.1354057 0.2794001 0.2794001 0.1632082 0.2144075 0.7399768 0.7399768 0.7399768 0.7399768 0.279642 1.198198 1.198198 1.198198 1.198198 1.198198 1.198198 0.2204825 0.2204825 0.2204825 0.1337711 0.1660818 0.2204825 0.2905723 0.2905723 0.4051453 0.4746553 0.2905723 0.2905723 0.2615613 0.08831733 0.2615613 0.2615613 0.5654687 0.1044418 0.07129025 0.7921362 0.1022354 0.2152143 0.07501615 0.08876057 0.1646296 0.09643786 0.07068875 0.09631756 0.07788879 0.07247368 0.08449051 0.3967588 0.3967588 0.3967588 0.3967588 0.3967588 0.1755763 0.1755763 0.1755763 0.1755763 0.1755763
0.5122736 0.5122736 0.5122736 0.5122736 0.5122736 0.5122736 0.09687682 0.968534 0.968534 0.968534 0.968534 0.09595843 0.2660406 0.2660406 0.2660406 0.1450427 0.2515887 0.2660406 0.2228691 0.09200254 0.09527166 0.06998865 0.2228691 0.2228691 0.5222117 0.5222117 0.5222117 0.5222117 0.5222117 0.5539143 0.06200393 0.2013931 0.5332485 0.5332485 0.5332485 0.5332485 0.2253121 0.1189946 0.05338556 0.05468622 0.1381326 0.10341 0.2810392 0.4625239 0.09579175 0.08943592 0.09932091 0.1208129 1.11829 0.1032738 0.1232819 0.2058768 0.2058768 0.2058768 0.3118131 0.3118131 0.3118131 0.3118131 0.3118131
0.5122736 0.5122736 0.5122736 0.5122736 0.5122736 0.5122736 0.8836465 0.1000907 0.968534 0.968534 0.968534 0.3276224 0.1210231 0.2660406 0.2660406 0.2660406 0.1626388 0.1025602 0.07892564 0.7852939 0.2228691 0.1028394 0.2228691 0.2228691 0.5222117 0.5222117 0.09722596 0.09112547 0.1015825 0.05826325 0.09841733 0.5332485 0.5332485 0.5332485 0.3206873 0.1051344 0.0939272 0.1094891 0.05355654 0.1902147 0.2253121 0.08062299 0.09793571 0.09821475 0.2063279 0.2063279 0.2063279 0.2063279 0.2058768 0.1515424 0.04716526 0.09776827 0.1404079 0.2058768 0.3118131 0.3118131 0.3118131 0.3118131 0.3118131
0.5122736 0.5122736 0.5122736 0.5122736 0.5122736 0.5122736 0.968534 0.968534 0.968534 0.968534 0.968534 0.968534 0.09266575 0.2660406 0.2660406 0.2660406 0.2660406 0.2660406 0.2228691 0.2228691 0.2228691 0.1028394 0.2228691 0.2228691 0.5222117 0.5222117 0.7778077 0.5222117 0.5222117 0.08799481 0.1342376 0.3688222 0.5332485 0.5332485 0.5332485 0.5332485 0.2253121 0.09184388 0.1665436 0.2253121 0.1120276 0.7785689 0.2063279 0.2063279 0.2063279 0.2063279 0.2063279 0.115713 0.0850862 0.07895321 0.2272582 0.2058768 0.08213208 0.09086226 0.3147897 0.3118131 0.3118131 0.3118131 0.1734489
0.5122736 0.5122736 0.09377898 0.5122736 0.5122736 0.5122736 0.968534 0.968534 0.968534 0.968534 0.968534 0.4442258 0.1313179 0.07784262 0.1555375 0.2660406 0.3778213 0.2213217 0.2228691 0.2228691 0.2228691 0.1069296 0.2228691 0.2228691 0.5222117 0.5222117 0.5222117 0.5222117 0.5222117 0.1608917 0.08862226 0.5332485 0.5332485 0.5332485 0.5332485 0.5332485 0.1306566 0.2253121 0.2253121 0.2253121 0.1520244 0.2253121 0.2063279 0.2063279 0.2063279 0.2063279 0.05848582 0.2587001 0.2093033 0.09541944 0.07953323 0.09661194 0.1863581 0.2058768 0.1241516 0.09925337 0.09219985 0.0582066 0.07663423
0.7494138 0.5122736 0.761611 0.08335772 0.5122736 0.5122736 0.968534 0.968534 0.968534 0.968534 0.968534 0.968534 0.1160334 0.2660406 0.2406036 0.08798543 0.1019831 0.04652525 0.06542092 0.07503053 0.08443128 0.07161842 0.2228691 0.2228691 0.5222117 0.5222117 0.5222117 0.5222117 0.5222117 0.5222117 0.4583161 0.5332485 0.5332485 0.5332485 0.5332485 0.5332485 0.2253121 0.2253121 0.2253121 0.2253121 0.2253121 0.2253121 0.2063279 0.2063279 0.2063279 0.07981349 0.07738183 0.1331247 0.1209672 1.086169 0.1590665 0.2058768 0.2058768 0.2058768 0.3118131 0.3118131 0.1483581 0.1721236 0.1677992
0.7494138 0.09426832 0.0978742 0.07310355 0.1095423 0.5122736 0.968534 0.968534 0.968534 0.968534 0.968534 0.968534 0.2660406 0.2660406 0.2660406 0.2660406 0.2660406 0.2660406 0.1012925 0.1099818 0.1440986 0.3561254 0.2228691 0.2228691 0.5222117 0.5222117 0.5222117 0.5222117 0.5222117 0.5222117 0.5332485 0.5332485 0.5332485 0.5332485 0.5332485 0.5332485 0.2253121 0.2253121 0.2253121 0.2253121 0.2253121 0.2253121 0.2063279 0.1903572 0.08088065 0.06592254 0.1267551 0.1939777 0.2058768 0.2058768 0.2058768 0.2058768 0.2058768 0.2058768 0.3118131 0.2806652 0.1049049 0.3118131 0.3118131
0.5152962 0.5152962 0.5152962 0.5152962 0.1589094 0.1953803 0.285845 0.285845 0.285845 0.285845 0.285845 0.285845 0.67014 0.67014 0.67014 0.67014 0.67014 0.67014 0.1796745 0.4399272 0.03933708 0.06897109 0.09586479 0.3040426 0.4415815 0.4415815 0.4415815 0.4415815 0.4415815 0.4415815 0.2348897 0.2348897 0.2348897 0.2348897 0.2348897 0.2348897 0.5582916 0.5582916 0.2692032 1.076813 0.3807144 0.09237635 0.09237635 0.1334175 0.1403996 0.1614908 0.1013348 0.2569743 0.2367111 0.2367111 0.2367111 0.2367111 0.2367111 0.2367111 0.3459021 0.08606178 0.3459021 0.3459021 0.1795538
0.5152962 0.5152962 0.5152962 0.5152962 0.09452078 0.06135244 0.285845 0.285845 0.285845 0.285845 0.1050853 0.285845 0.67014 0.67014 0.67014 0.67014 0.67014 0.302438 0.0899056 0.06281725 0.3060192 0.2349475 0.1796745 0.1796745 0.4415815 0.4415815 0.4415815 0.4415815 0.4415815 0.4415815 0.2348897 0.2348897 0.2348897 0.08175215 0.2348897 0.2348897 0.5582916 0.5582916 0.5582916 0.1095613 0.1279756 0.5582916 0.2569743 0.2050532 0.1403996 0.4545163 0.1089557 0.2569743 0.2367111 0.2367111 0.2367111 0.08947444 0.08815729 0.08117965 0.06312284 0.2368088 0.3459021 0.08669635 0.1532587
0.5152962 0.5152962 0.5152962 0.08657746 0.3642412 0.4259533 0.08953579 0.08342464 0.285845 0.285845 0.1169884 0.3025074 0.67014 0.67014 0.67014 0.67014 0.67014 0.1392711 0.302438 0.2560892 0.1183297 0.1796745 0.1796745 0.1796745 0.4415815 0.4415815 0.1305839 0.299415 0.4415815 0.4415815 0.2348897 0.2348897 0.2348897 0.1515319 0.2586802 0.2348897 0.5582916 0.5582916 0.5582916 0.5582916 0.5582916 0.5582916 0.2569743 0.0890574 0.2569743 0.1013348 0.2569743 0.2569743 0.2367111 0.3633262 0.08513229 0.7266524 0.2367111 0.09128011 0.3459021 0.3459021 0.3459021 0.3459021 0.3459021
0.5152962 0.5152962 0.5152962 0.5152962 0.5152962 0.5152962 0.2686073 0.06706692 0.09583877 0.285845 0.285845 0.09186672 0.67014 0.67014 0.67014 0.67014 0.67014 0.67014 0.2097178 0.09006825 0.04812577 0.08822531 0.1796745 0.1796745 0.4415815 0.4415815 0.2100486 0.0692269 0.09019002 0.0936399 0.0936399 0.2348897 0.2948601 0.5033557 0.09935671 0.2348897 0.5582916 0.5582916 0.5582916 0.5582916 0.5582916 0.5582916 0.1930618 0.05998543 0.2569743 0.09413332 0.2569743 0.2569743 0.06325492 0.09800784 0.2367111 0.2367111 0.2367111 0.08803666 0.3459021 0.3459021 0.3459021 0.3459021 0.3459021
0.5152962 0.5152962 0.5152962 0.5152962 0.5152962 0.1712312 0.285845 0.301194 0.0614754 0.285845 0.285845 0.285845 0.08860242 0.67014 0.67014 0.67014 0.67014 0.1134313 0.0914643 0.1796745 0.08675074 0.1147756 0.2646759 0.1796745 0.4415815 0.4415815 0.05566385 0.4415815 0.4415815 0.4415815 0.2348897 0.0936399 0.06098325 0.1089208 0.0600252 0.06017749 0.1001335 0.1849461 0.5582916 0.5582916 0.5582916 0.5582916 0.1621353 0.09345038 0.2569743 0.2569743 0.2569743 0.2569743 0.08663392 0.2367111 0.2367111 0.2367111 0.2367111 0.09477169 0.3459021 0.3459021 0.3459021 0.3459021 0.1809194
0.5152962 0.5152962 0.5152962 0.5152962 0.5152962 0.1100214 0.2923098 0.285845 0.1604392 0.08180926 0.285845 0.285845 1.032821 0.09186672 0.67014 0.67014 0.67014 0.08867153 0.1796745 0.1796745 0.1011236 0.1796745 0.7165077 0.1796745 0.4415815 0.4415815 0.4415815 0.08628538 0.4415815 0.4415815 0.07596504 0.0662314 0.2619625 0.2348897 0.2348897 0.3534783 0.5582916 0.1718027 0.1214829 0.5582916 0.5582916 0.5582916 0.2569743 0.2095763 0.2569743 0.2569743 0.2569743 0.2569743 0.08982569 0.2367111 0.2367111 0.2367111 0.2367111 0.0504606 0.701811 0.3459021 0.3459021 0.2673245 0.1268028
0.31622 0.3282276 0.31622 0.31622 0.31622 0.31622 0.07736825 0.2507066 0.2507066 0.1604392 0.1849873 0.2507066 0.3023413 0.1008358 0.4278108 0.3023413 0.3023413 0.08552077 0.256086 0.256086 0.09338739 0.256086 0.256086 0.256086 1.778699 1.778699 1.778699 0.2945965 1.778699 1.778699 1.055541 0.09507202 1.055541 1.055541 1.055541 1.055541 0.257558 0.09800999 0.06144663 0.2456868 0.257558 0.257558 0.5414973 0.5414973 0.5414973 0.5414973 0.5414973 0.5414973 0.1200202 0.5158023 0.5158023 0.5158023 0.5158023 0.0792495 0.08222195 0.3768505 0.3768505 0.3768505 0.3768505
0.31622 0.07886799 0.31622 0.31622 0.31622 0.31622 0.3528511 0.07400735 0.7057021 0.2507066 0.08297224 0.2507066 0.3023413 0.3023413 0.08860242 0.3023413 0.1497564 0.1596929 0.256086 0.256086 0.07052784 0.256086 0.256086 0.256086 1.778699 1.778699 1.778699 1.778699 1.778699 1.778699 1.055541 0.09666481 1.055541 1.055541 0.9870586 0.08177107 0.08467663 0.3489812 0.257558 0.09986178 0.04889804 0.4070696 0.5414973 0.5414973 0.5414973 0.5414973 0.5414973 0.5414973 0.5158023 0.5158023 0.5158023 0.3498253 0.0703181 0.1697629 0.3768505 0.3768505 0.3768505 0.3768505 0.3768505
0.31622 0.1813646 0.144204 0.31622 0.31622 0.31622 0.2507066 0.2507066 0.07993496 0.1903643 0.08908598 0.2507066 0.3023413 0.3023413 0.1560965 0.06183218 0.06524144 0.3023413 0.256086 0.256086 0.05582607 0.08083137 0.9757155 0.256086 1.778699 1.778699 1.778699 1.778699 1.778699 1.778699 1.055541 1.055541 1.055541 1.055541 1.055541 1.055541 0.257558 0.2027819 0.08708949 0.09187676 0.1679899 0.07154796 0.5414973 0.5414973 0.5414973 0.5414973 0.5414973 0.5414973 0.5158023 0.5158023 0.5158023 0.1090779 0.5158023 0.5158023 0.3768505 0.3768505 0.2207052 0.0835767 0.229632
0.31622 0.08036092 0.06691875 0.31622 0.9619495 0.31622 0.2507066 0.2507066 0.2507066 0.1461549 0.05419486 0.2507066 0.3023413 0.3023413 0.3023413 0.3023413 0.0933468 0.3023413 0.256086 0.256086 0.1429218 0.256086 0.05557503 0.08289368 1.778699 1.778699 1.778699 1.778699 1.778699 1.778699 1.055541 1.055541 1.055541 1.055541 1.055541 1.055541 0.257558 0.9791123 0.257558 0.257558 0.257558 0.0837944 0.5414973 0.2000399 0.5414973 0.5414973 0.5414973 0.5414973 0.5158023 0.5158023 0.5158023 0.5158023 0.5158023 0.5158023 0.3768505 0.3768505 0.3768505 0.3768505 0.09673686
0.31622 0.31622 0.08782203 0.31622 0.07969096 0.31622 0.2507066 0.2507066 0.2507066 0.2507066 0.08912157 0.2507066 0.3023413 0.3023413 0.3023413 0.3023413 0.08977617 0.3023413 0.256086 0.256086 0.256086 0.256086 0.08264627 0.09234928 1.778699 1.778699 1.778699 0.2493478 1.778699 1.778699 1.055541 1.055541 1.055541 1.055541 1.055541 1.055541 0.257558 0.257558 0.257558 0.257558 0.257558 0.6906905 0.07823459 0.08591185 0.5414973 0.5414973 0.5414973 0.5414973 0.5158023 0.5158023 0.5158023 0.5158023 0.5158023 0.5158023 0.3768505 0.3768505 0.3768505 0.3768505 0.09129469
0.31622 0.31622 0.0906966 0.0906966 0.6802076 0.1021807 0.2507066 0.2507066 0.1049696 0.3944078 0.08583815 0.2507066 0.3023413 0.3023413 0.3023413 0.3023413 0.08977617 0.3023413 0.256086 0.256086 0.256086 0.256086 0.08569113 0.07855716 1.778699 1.778699 1.778699 0.08490948 1.778699 0.9457755 1.055541 1.055541 1.055541 1.055541 1.055541 1.055541 0.257558 0.257558 0.257558 0.257558 0.257558 0.257558 0.08990233 0.05325948 0.1396213 0.5414973 0.5414973 0.5414973 0.1230623 0.1165511 0.5158023 0.5158023 0.5158023 0.5158023 0.3768505 0.3768505 0.3768505 0.06571597 0.1530003
0.1886876 0.1886876 0.1886876 0.475486 0.06567754 0.07237978 0.1983486 0.1983486 0.1983486 0.06573464 0.09618878 0.1983486 0.2674308 0.2674308 0.2674308 0.2674308 0.08339614 0.2674308 1.944007 1.944007 1.944007 1.944007 0.199526 0.961744 0.480872 0.1953008 0.1953008 0.08490948 0.1953008 0.08412427 0.1869887 0.1943662 0.1869887 0.1869887 0.1869887 0.1869887 0.6145495 0.6145495 0.6145495 0.08361464 0.389382 0.3133487 0.08064357 0.05959827 0.1882845 0.1825074 0.1943256 0.1825074 0.4420018 0.3041362 0.08761199 0.4420018 0.4420018 0.4420018 0.2827854 0.2827854 0.2827854 0.08456862 0.2827854
0.1886876 0.1886876 0.1886876 0.1886876 0.1886876 0.2454429 0.1016655 0.1983486 0.1983486 0.1983486 0.08311115 0.1983486 0.2674308 0.2674308 0.2674308 0.2674308 0.138876 0.2674308 1.944007 1.944007 1.944007 1.944007 1.944007 1.944007 0.1953008 0.1953008 0.1953008 0.08815737 0.1953008 0.07575173 0.9384776 0.08171191 0.1931977 0.1600501 0.1869887 0.1869887 0.6145495 0.6145495 0.6145495 0.6145495 0.1117214 0.1200815 0.1825074 0.1825074 0.07540308 0.6634718 0.07885119 0.1825074 0.4420018 0.4420018 0.4420018 0.09124088 0.1013788 0.4420018 0.2827854 0.2827854 0.6723032 0.1098294 0.2827854
0.1886876 0.1886876 0.06710378 0.1886876 0.1886876 0.1139996 0.2454429 0.1983486 0.1983486 0.1725805 0.1003795 0.1983486 0.2674308 0.2674308 0.3244963 0.2674308 0.2674308 0.2674308 1.944007 1.944007 1.944007 1.944007 1.944007 1.944007 0.1953008 0.1953008 0.09885296 0.3954118 0.1953008 0.08113509 0.09011518 0.1869887 0.1869887 0.07370234 0.1869887 0.08213899 0.6145495 0.6145495 0.6145495 0.6145495 0.6145495 0.6145495 0.1902012 0.175174 0.4707113 0.04953527 0.1825074 0.1825074 0.4420018 0.4420018 0.4420018 0.4420018 0.3779342 0.0757281 0.06829701 0.2827854 0.2827854 0.2827854 0.2827854
0.1886876 0.1886876 0.1886876 0.07902575 0.06893814 0.1035887 0.1983486 0.1983486 0.1983486 0.07476466 0.1236389 0.1983486 0.2674308 0.2674308 0.07873563 0.2674308 0.2674308 0.2674308 1.944007 1.944007 1.944007 1.944007 1.944007 1.944007 0.1336468 0.1953008 0.1953008 0.09166362 0.1953008 0.07725284 0.09011518 0.1869887 0.1869887 0.08297332 0.2412119 0.08807231 0.6145495 0.6145495 0.6145495 0.6145495 0.08818415 0.08168638 0.1137861 0.1114172 0.1137861 0.1172166 0.1574391 0.1825074 0.4420018 0.4420018 0.4420018 0.4420018 0.4420018 0.1259781 0.08426072 0.05289488 0.07844763 0.08780783 0.1016054
0.1886876 0.1886876 0.3739161 0.4605936 0.04737643 0.1886876 0.1983486 0.1983486 0.1983486 0.05656635 0.08081229 0.07794079 0.07276938 0.3028468 0.08813019 0.1158698 0.2674308 0.2674308 1.944007 1.944007 1.944007 1.944007 1.944007 1.944007 0.07560217 0.1953008 0.3954118 0.1193254 0.1953008 0.08412427 0.1503344 0.161018 0.1869887 0.05703083 0.08040398 0.1869887 0.6145495 0.6145495 0.6145495 0.6145495 0.6145495 0.6145495 0.1825074 0.1825074 0.129878 0.07878383 0.05425716 0.1825074 0.4420018 0.4420018 0.1048241 0.4420018 0.4420018 0.4420018 0.2827854 0.2827854 0.2827854 0.2827854 0.9144483
0.1886876 0.9010813 0.04769607 0.08144751 0.04394003 0.08319797 0.08013279 0.07728543 0.04593638 0.3764078 0.1983486 0.1983486 0.2674308 0.07178926 0.05681131 0.05080931 0.08767543 0.2674308 1.944007 1.944007 1.944007 1.944007 1.944007 0.08021308 0.04206523 0.1953008 0.1081287 0.3954118 0.1953008 0.1622702 0.1576293 0.07774647 0.09491228 0.06855149 0.1869887 0.1869887 0.6145495 0.6145495 0.6145495 0.6145495 0.6145495 0.6145495 0.1825074 0.1825074 0.1825074 0.1825074 0.9079903 0.06440544 0.4420018 0.2657844 0.1296344 0.4420018 0.8957006 0.4420018 0.2827854 0.2827854 0.2827854 0.2827854 0.2827854
