static/jobfarm/user_models/minyf/common/HOME-GBHM/输出文件/Output/Grids/Cst20020227.asc
ncols 221
nrows 204
xllcorner -627000.0
yllcorner 3955000.0
cellsize 900.0
NODATA_value -9999.0
[rows 70 to 104 of 204, columns 0 to 77 of 221]
-9999.0 -9999.0 -9999.0 -9999.0 -9999.0 -9999.0 -9999.0 -9999.0 -9999.0 -9999.0 -9999.0 -9999.0 -9999.0 0.074 0.091 0.022 0.083 0.0 0.065 0.0 0.0 0.066 0.0 0.0 0.04 0.036 0.1 0.0 0.006 0.0 0.091 0.0 0.083 0.0 0.066 0.092 0.0 0.1 0.066 0.049 0.033 0.092 0.066 0.0 0.025 0.092 0.092 0.017 0.058 0.1 0.067 0.025 0.009 0.05 0.059 0.067 0.001 0.059 0.017 0.009 0.075 0.001 0.084 0.002 0.0 0.0 0.098 0.0 0.0 0.055 0.095 0.0 0.0 0.0 0.0 0.0 0.0 0.0
-9999.0 -9999.0 -9999.0 -9999.0 -9999.0 -9999.0 -9999.0 -9999.0 -9999.0 -9999.0 -9999.0 -9999.0 -9999.0 -9999.0 -9999.0 0.013 0.013 0.0 0.1 0.0 0.057 0.1 0.0 0.0 0.005 0.074 0.015 0.0 0.083 0.032 0.1 0.1 0.006 0.049 0.007 0.0 0.1 0.075 0.041 0.037 0.041 0.058 0.016 0.0 0.033 0.041 0.058 0.1 0.008 0.0 0.0 0.1 0.025 0.092 0.092 0.001 0.0 0.018 0.083 0.009 0.034 0.0 0.001 0.1 0.002 0.018 0.066 0.008 0.0 0.097 0.015 0.0 0.0 0.0 0.0 0.0 0.0 0.0
-9999.0 -9999.0 -9999.0 -9999.0 -9999.0 -9999.0 -9999.0 -9999.0 -9999.0 -9999.0 -9999.0 -9999.0 -9999.0 -9999.0 -9999.0 0.0 0.1 0.057 0.048 0.1 0.005 0.0 0.0 0.0 0.0 0.1 0.0 0.1 0.032 0.049 0.066 0.04 0.0 0.04 0.092 0.0 0.092 0.075 0.1 0.041 0.066 0.092 0.0 0.058 0.1 0.1 0.1 0.0 0.075 0.083 0.0 0.008 0.1 0.0 0.017 0.05 0.1 0.0 0.1 0.026 0.0 0.051 0.039 0.1 0.08 0.002 0.1 0.082 0.065 0.065 0.0 0.007 0.096 0.0 0.0 0.0 0.0 0.0
-9999.0 -9999.0 -9999.0 -9999.0 -9999.0 -9999.0 -9999.0 -9999.0 -9999.0 -9999.0 -9999.0 -9999.0 -9999.0 -9999.0 -9999.0 -9999.0 0.0 0.1 0.03 0.074 0.039 0.039 0.005 0.079 0.0 0.074 0.1 0.0 0.0 0.032 0.1 0.049 0.1 0.0 0.0 0.1 0.092 0.1 0.1 0.058 0.0 0.0 0.037 0.0 0.0 0.075 0.008 0.05 0.0 0.016 0.0 0.0 0.008 0.075 0.0 0.0 0.059 0.001 0.05 0.083 0.1 0.001 0.042 0.1 0.001 0.1 0.059 0.1 0.0 0.098 0.041 0.0 0.097 0.0 0.0 0.0 0.0 0.0
-9999.0 -9999.0 -9999.0 -9999.0 -9999.0 -9999.0 -9999.0 -9999.0 -9999.0 -9999.0 -9999.0 -9999.0 -9999.0 -9999.0 -9999.0 0.0 0.0 0.0 -9999.0 0.091 0.091 0.0 0.039 0.0 0.0 0.014 0.066 0.066 0.0 0.036 0.091 0.1 0.1 0.083 0.1 0.091 0.007 0.083 0.1 0.041 0.0 0.058 0.041 0.007 0.1 0.033 0.058 0.025 0.1 0.05 0.017 0.092 0.05 0.067 0.079 0.1 0.067 0.025 0.009 0.017 0.001 0.059 0.009 0.059 0.0 0.092 0.018 0.043 0.1 0.0 0.017 0.024 0.097 0.064 0.0 0.0 0.0 0.0
-9999.0 -9999.0 -9999.0 -9999.0 -9999.0 -9999.0 -9999.0 -9999.0 -9999.0 -9999.0 -9999.0 -9999.0 -9999.0 -9999.0 -9999.0 -9999.0 -9999.0 -9999.0 -9999.0 0.0 0.1 0.091 0.039 0.013 0.0 0.065 0.014 0.057 0.0 0.1 0.0 0.0 0.023 0.1 0.0 0.0 0.041 0.0 0.0 0.058 0.058 0.066 0.075 0.007 0.0 0.037 0.016 0.016 0.092 0.1 0.033 0.058 0.0 0.0 0.083 0.042 0.1 0.059 0.038 0.017 0.1 0.0 0.067 0.092 0.075 0.075 0.034 0.002 0.026 0.0 0.026 0.041 0.098 0.024 0.0 0.0 0.0 0.0
-9999.0 -9999.0 -9999.0 -9999.0 -9999.0 -9999.0 -9999.0 -9999.0 -9999.0 -9999.0 -9999.0 -9999.0 -9999.0 -9999.0 -9999.0 -9999.0 -9999.0 -9999.0 0.1 0.0 0.048 0.0 0.0 0.013 0.014 0.0 0.1 0.04 0.1 0.057 0.057 0.0 0.1 0.057 0.066 0.0 0.091 0.007 0.0 0.1 0.083 0.075 0.0 0.1 0.0 0.007 0.05 0.016 0.058 0.1 0.075 0.008 0.038 0.067 0.1 0.038 0.0 0.1 0.025 0.009 0.075 0.075 0.0 0.001 0.075 0.1 0.075 0.1 0.018 0.0 0.067 0.075 0.001 0.041 0.016 0.0 0.0 0.0
-9999.0 -9999.0 -9999.0 -9999.0 -9999.0 -9999.0 -9999.0 -9999.0 -9999.0 -9999.0 -9999.0 -9999.0 -9999.0 -9999.0 -9999.0 -9999.0 -9999.0 -9999.0 -9999.0 0.0 0.065 0.0 0.0 0.083 0.0 0.078 0.014 0.0 0.1 0.023 0.057 0.0 0.0 0.0 0.1 0.0 0.015 0.015 0.066 0.0 0.1 0.066 0.066 0.1 0.058 0.1 0.1 0.033 0.0 0.1 0.079 0.1 0.0 0.0 0.075 0.033 0.1 0.017 0.067 0.001 0.018 0.0 0.1 0.059 0.067 0.0 0.001 0.1 0.002 0.0 0.0 0.018 0.01 0.091 0.078 0.0 0.0 0.0
-9999.0 -9999.0 -9999.0 -9999.0 -9999.0 -9999.0 -9999.0 -9999.0 -9999.0 -9999.0 -9999.0 -9999.0 -9999.0 -9999.0 -9999.0 -9999.0 -9999.0 -9999.0 0.0 0.03 0.0 0.0 0.0 0.0 0.078 0.035 0.0 0.0 0.083 0.0 0.057 0.1 0.079 0.014 0.015 0.1 0.0 0.049 0.066 0.1 0.1 0.079 0.066 0.032 0.1 0.1 0.0 0.0 0.0 0.0 0.0 0.067 0.0 0.033 0.0 0.0 0.1 0.0 0.0 0.067 0.1 0.001 0.026 0.0 0.001 0.092 0.001 0.051 0.075 0.08 0.0 0.018 0.051 0.018 0.001 0.0 0.0 0.0
-9999.0 -9999.0 -9999.0 -9999.0 -9999.0 -9999.0 -9999.0 -9999.0 -9999.0 -9999.0 -9999.0 -9999.0 -9999.0 -9999.0 -9999.0 -9999.0 -9999.0 -9999.0 0.091 0.091 0.1 0.004 0.039 0.1 0.0 0.005 0.0 0.0 0.048 0.057 0.0 0.048 0.04 0.079 0.0 0.079 0.0 0.091 0.1 0.032 0.024 0.032 0.1 0.032 0.066 0.1 0.066 0.066 0.0 0.008 0.0 0.037 0.05 0.1 0.0 0.017 0.025 0.092 0.017 0.1 0.075 0.025 0.059 0.1 0.067 0.1 0.084 0.1 0.084 0.067 0.018 0.0 0.051 0.1 0.1 0.001 0.0 0.0
-9999.0 -9999.0 -9999.0 -9999.0 -9999.0 -9999.0 -9999.0 -9999.0 -9999.0 -9999.0 -9999.0 -9999.0 -9999.0 -9999.0 -9999.0 -9999.0 -9999.0 0.1 0.1 0.039 0.039 0.004 0.0 0.0 0.048 0.031 0.031 0.0 0.0 0.065 0.048 0.1 0.031 0.0 0.1 0.1 0.04 0.1 0.0 0.1 0.0 0.015 0.024 0.0 0.0 0.0 0.083 0.033 0.058 0.1 0.0 0.05 0.058 0.1 0.042 0.1 0.042 0.0 0.042 0.1 0.1 0.0 0.001 0.001 0.001 0.05 0.034 0.1 0.1 0.1 0.1 0.1 0.018 0.018 0.01 0.002 0.0 0.0
-9999.0 -9999.0 -9999.0 -9999.0 -9999.0 -9999.0 -9999.0 -9999.0 -9999.0 -9999.0 -9999.0 -9999.0 -9999.0 -9999.0 -9999.0 -9999.0 -9999.0 -9999.0 0.003 -9999.0 0.039 0.021 0.03 0.048 0.004 0.013 0.1 0.1 0.1 0.031 0.1 0.0 0.0 0.0 0.1 0.036 0.0 0.1 0.0 0.0 0.0 0.079 0.1 0.1 0.0 0.0 0.0 0.1 0.1 0.037 0.0 0.0 0.092 0.0 0.083 0.092 0.1 0.0 0.008 0.05 0.0 0.075 0.017 0.026 0.075 0.059 0.001 0.0 0.051 0.018 0.043 0.026 0.0 0.0 0.043 0.1 0.002 0.0
-9999.0 -9999.0 -9999.0 -9999.0 -9999.0 -9999.0 -9999.0 -9999.0 -9999.0 -9999.0 -9999.0 -9999.0 -9999.0 -9999.0 -9999.0 -9999.0 -9999.0 -9999.0 -9999.0 -9999.0 -9999.0 0.1 0.03 0.0 0.1 0.1 0.057 0.1 0.005 0.022 0.022 0.0 0.074 0.057 0.0 0.04 0.1 0.0 0.04 0.0 0.083 0.023 0.083 0.0 0.1 0.1 0.075 0.016 0.0 0.058 0.0 0.033 0.024 0.017 0.1 0.1 0.0 0.008 0.083 0.05 0.0 0.0 0.0 0.1 0.042 0.042 0.083 0.051 0.001 0.1 0.084 0.034 0.0 0.018 0.01 0.0 0.018 0.0
-9999.0 -9999.0 -9999.0 -9999.0 -9999.0 -9999.0 -9999.0 -9999.0 -9999.0 -9999.0 -9999.0 -9999.0 -9999.0 -9999.0 -9999.0 -9999.0 -9999.0 -9999.0 -9999.0 -9999.0 -9999.0 -9999.0 -9999.0 0.004 0.039 0.091 0.065 0.0 0.057 0.091 0.1 0.1 0.057 0.083 0.0 0.0 0.091 0.0 0.1 0.049 0.0 0.036 0.015 0.058 0.049 0.0 0.0 0.0 0.075 0.0 0.049 0.066 0.041 0.05 0.092 0.1 0.0 0.0 0.0 0.1 0.0 0.092 0.0 0.0 0.092 0.1 0.075 0.017 0.001 0.092 0.042 0.034 0.0 0.075 0.026 0.026 0.0 0.1
-9999.0 -9999.0 -9999.0 -9999.0 -9999.0 -9999.0 -9999.0 -9999.0 -9999.0 -9999.0 -9999.0 -9999.0 -9999.0 -9999.0 -9999.0 -9999.0 -9999.0 -9999.0 -9999.0 -9999.0 -9999.0 -9999.0 -9999.0 -9999.0 0.1 0.083 0.004 0.048 0.0 0.0 0.013 0.0 0.0 0.022 0.0 0.04 0.0 0.0 0.015 0.023 0.066 0.0 0.079 0.0 0.066 0.075 0.0 0.0 0.075 0.0 0.041 0.1 0.0 0.041 0.092 0.083 0.0 0.0 0.017 0.038 0.059 0.0 0.0 0.0 0.1 0.1 0.067 0.034 0.05 0.001 0.075 0.1 0.0 0.01 0.1 0.018 0.0 0.08
-9999.0 -9999.0 -9999.0 -9999.0 -9999.0 -9999.0 -9999.0 -9999.0 -9999.0 -9999.0 -9999.0 -9999.0 -9999.0 -9999.0 -9999.0 -9999.0 -9999.0 -9999.0 -9999.0 -9999.0 -9999.0 -9999.0 -9999.0 -9999.0 0.056 0.1 0.1 0.039 0.039 0.1 0.039 0.0 0.0 0.074 0.005 0.0 0.1 0.049 0.083 0.0 0.091 0.091 0.0 0.1 0.0 0.092 0.024 0.1 0.1 0.0 0.1 0.0 0.1 0.092 0.058 0.05 0.037 0.067 0.0 0.0 0.0 0.042 0.1 0.083 0.0 0.0 0.0 0.042 0.075 0.009 0.042 0.067 0.039 0.018 0.018 0.039 0.0 0.0
-9999.0 -9999.0 -9999.0 -9999.0 -9999.0 -9999.0 -9999.0 -9999.0 -9999.0 -9999.0 -9999.0 -9999.0 -9999.0 -9999.0 -9999.0 -9999.0 -9999.0 -9999.0 -9999.0 -9999.0 -9999.0 -9999.0 -9999.0 -9999.0 -9999.0 0.0 0.1 0.022 0.013 0.1 0.022 0.1 0.0 0.057 0.1 0.048 0.04 0.083 0.0 0.015 0.083 0.091 0.057 0.04 0.0 0.0 0.0 0.066 0.015 0.032 0.0 0.1 0.016 0.066 0.0 0.0 0.1 0.058 0.0 0.083 0.083 0.1 0.033 0.083 0.042 0.017 0.038 0.0 0.0 0.001 0.051 0.0 0.0 0.018 0.08 0.0 0.034 0.1
-9999.0 -9999.0 -9999.0 -9999.0 -9999.0 -9999.0 -9999.0 -9999.0 -9999.0 -9999.0 -9999.0 -9999.0 -9999.0 -9999.0 -9999.0 -9999.0 -9999.0 -9999.0 -9999.0 -9999.0 -9999.0 -9999.0 -9999.0 -9999.0 -9999.0 0.082 0.083 0.065 0.074 0.0 0.057 0.005 0.083 0.031 0.057 0.031 0.083 0.005 0.0 0.1 0.083 0.023 0.006 0.074 0.015 0.083 0.1 0.037 0.1 0.041 0.0 0.083 0.007 0.1 0.033 0.041 0.0 0.0 0.1 0.0 0.058 0.017 0.008 0.0 0.034 0.05 0.0 0.1 0.1 0.1 0.092 0.1 0.001 0.0 0.1 0.0 0.0 0.0
-9999.0 -9999.0 -9999.0 -9999.0 -9999.0 -9999.0 -9999.0 -9999.0 -9999.0 -9999.0 -9999.0 -9999.0 -9999.0 -9999.0 -9999.0 -9999.0 -9999.0 -9999.0 -9999.0 -9999.0 -9999.0 -9999.0 -9999.0 -9999.0 -9999.0 -9999.0 0.004 0.013 -9999.0 -9999.0 0.03 0.013 0.039 0.048 0.048 0.031 0.022 0.1 0.0 0.048 0.014 0.023 0.091 0.1 0.091 0.0 0.0 0.1 0.066 0.032 0.037 0.066 0.041 0.041 0.1 0.008 0.0 0.0 0.092 0.008 0.1 0.092 0.058 0.042 0.033 0.025 0.1 0.001 0.001 0.017 0.075 0.092 0.1 0.0 0.059 0.0 0.0 0.0
-9999.0 -9999.0 -9999.0 -9999.0 -9999.0 -9999.0 -9999.0 -9999.0 -9999.0 -9999.0 -9999.0 -9999.0 -9999.0 -9999.0 -9999.0 -9999.0 -9999.0 -9999.0 -9999.0 -9999.0 -9999.0 -9999.0 -9999.0 -9999.0 -9999.0 -9999.0 -9999.0 -9999.0 -9999.0 -9999.0 0.056 0.013 0.1 0.005 0.035 0.022 0.0 0.0 0.1 0.0 0.014 0.0 0.066 0.1 0.1 0.04 0.1 0.003 0.1 0.1 0.037 0.016 0.1 0.066 0.1 0.05 0.1 0.092 0.0 0.0 0.008 0.0 0.1 0.042 0.0 0.009 0.0 0.034 0.017 0.067 0.0 0.0 0.059 0.0 0.0 0.084 0.1 0.0
-9999.0 -9999.0 -9999.0 -9999.0 -9999.0 -9999.0 -9999.0 -9999.0 -9999.0 -9999.0 -9999.0 -9999.0 -9999.0 -9999.0 -9999.0 -9999.0 -9999.0 -9999.0 -9999.0 -9999.0 -9999.0 -9999.0 -9999.0 -9999.0 -9999.0 -9999.0 -9999.0 -9999.0 -9999.0 0.0 0.039 0.056 0.083 0.013 0.0 0.0 0.1 0.0 0.0 0.1 0.074 0.0 0.049 0.083 0.074 0.1 0.0 0.0 0.0 0.037 0.083 0.024 0.0 0.092 0.1 0.0 0.0 0.05 0.024 0.1 0.0 0.0 0.1 0.025 0.058 0.1 0.083 0.092 0.001 0.025 0.092 0.0 0.0 0.018 0.0 0.0 0.1 0.0
-9999.0 -9999.0 -9999.0 -9999.0 -9999.0 -9999.0 -9999.0 -9999.0 -9999.0 -9999.0 -9999.0 -9999.0 -9999.0 -9999.0 -9999.0 -9999.0 -9999.0 -9999.0 -9999.0 -9999.0 -9999.0 -9999.0 -9999.0 -9999.0 -9999.0 -9999.0 -9999.0 -9999.0 0.047 0.03 0.013 0.048 0.004 0.065 0.078 0.1 0.065 0.091 0.1 0.014 0.1 0.0 0.057 0.074 0.049 0.0 0.0 0.051 0.1 0.079 0.1 0.1 0.1 0.049 0.0 0.016 0.1 0.016 0.008 0.083 0.058 0.016 0.1 0.079 0.1 0.058 0.075 0.05 0.017 0.001 0.1 0.042 0.034 0.018 0.0 0.001 0.1 0.0
-9999.0 -9999.0 -9999.0 -9999.0 -9999.0 -9999.0 -9999.0 -9999.0 -9999.0 -9999.0 -9999.0 -9999.0 -9999.0 -9999.0 -9999.0 -9999.0 -9999.0 -9999.0 -9999.0 -9999.0 -9999.0 -9999.0 -9999.0 -9999.0 -9999.0 -9999.0 -9999.0 -9999.0 0.039 0.021 0.1 0.074 0.078 0.056 0.1 0.074 0.039 0.048 0.014 0.0 0.0 0.083 0.0 0.049 0.1 0.049 0.058 0.0 0.058 0.1 0.0 0.0 0.083 0.015 0.058 0.1 0.075 0.0 0.05 0.079 0.1 0.008 0.0 0.1 0.017 0.067 0.008 0.083 0.0 0.034 0.017 0.1 0.075 0.1 0.018 0.0 0.001 0.018
-9999.0 -9999.0 -9999.0 -9999.0 -9999.0 -9999.0 -9999.0 -9999.0 -9999.0 -9999.0 -9999.0 -9999.0 -9999.0 -9999.0 -9999.0 -9999.0 -9999.0 -9999.0 -9999.0 -9999.0 -9999.0 -9999.0 -9999.0 -9999.0 -9999.0 -9999.0 -9999.0 0.0 0.03 0.039 0.056 0.0 0.0 0.078 0.0 0.0 0.031 0.091 0.1 0.083 0.0 0.091 0.0 0.031 0.049 0.049 0.0 0.04 0.015 0.0 0.0 0.1 0.1 0.058 0.032 0.066 0.033 0.0 0.007 0.024 0.1 0.033 0.075 0.1 0.042 0.042 0.0 0.017 0.025 0.1 0.0 0.083 0.1 0.059 0.001 0.0 0.079 0.0
-9999.0 -9999.0 -9999.0 -9999.0 -9999.0 -9999.0 -9999.0 -9999.0 -9999.0 -9999.0 -9999.0 -9999.0 -9999.0 -9999.0 -9999.0 -9999.0 -9999.0 -9999.0 -9999.0 -9999.0 -9999.0 -9999.0 -9999.0 -9999.0 -9999.0 -9999.0 -9999.0 -9999.0 0.0 0.1 0.1 0.1 0.056 0.03 0.0 0.1 0.074 0.039 0.013 0.0 0.1 0.145 0.023 0.006 0.1 0.057 0.091 0.1 0.0 0.015 0.0 0.0 0.058 0.075 0.1 0.032 0.1 0.1 0.0 0.1 0.066 0.1 0.025 0.1 0.0 0.1 0.083 0.1 0.075 0.0 0.1 0.083 0.034 0.1 0.042 0.059 0.0 0.0
-9999.0 -9999.0 -9999.0 -9999.0 -9999.0 -9999.0 -9999.0 -9999.0 -9999.0 -9999.0 -9999.0 -9999.0 -9999.0 -9999.0 -9999.0 -9999.0 -9999.0 -9999.0 -9999.0 -9999.0 -9999.0 -9999.0 -9999.0 -9999.0 -9999.0 -9999.0 -9999.0 -9999.0 0.1 0.056 0.1 0.082 0.074 0.091 0.039 0.0 0.035 0.1 0.057 0.0 0.0 0.074 0.1 0.0 0.0 0.079 0.0 0.0 0.0 0.023 0.0 0.015 0.0 0.007 0.0 0.007 0.075 0.092 0.0 0.0 0.0 0.05 0.1 0.092 0.008 0.075 0.017 0.1 0.0 0.067 0.067 0.0 0.001 0.001 0.067 0.001 0.1 0.1
-9999.0 -9999.0 -9999.0 -9999.0 -9999.0 -9999.0 -9999.0 -9999.0 -9999.0 -9999.0 -9999.0 -9999.0 -9999.0 -9999.0 -9999.0 -9999.0 -9999.0 -9999.0 -9999.0 -9999.0 -9999.0 -9999.0 -9999.0 -9999.0 -9999.0 -9999.0 -9999.0 -9999.0 0.047 0.074 0.047 0.1 0.039 0.1 0.1 0.0 0.1 0.0 0.091 0.0 0.074 0.1 0.091 0.04 0.0 0.1 0.079 0.057 0.0 0.083 0.1 0.0 0.1 0.037 0.0 0.1 0.024 0.1 0.007 0.0 0.0 0.041 0.008 0.1 0.092 0.038 0.0 0.067 0.1 0.067 0.0 0.1 0.1 0.017 0.1 0.0 0.0 0.0
-9999.0 -9999.0 -9999.0 -9999.0 -9999.0 -9999.0 -9999.0 -9999.0 -9999.0 -9999.0 -9999.0 -9999.0 -9999.0 -9999.0 -9999.0 -9999.0 -9999.0 -9999.0 -9999.0 -9999.0 -9999.0 -9999.0 -9999.0 -9999.0 -9999.0 -9999.0 -9999.0 0.038 0.1 0.0 0.074 0.056 0.0 0.082 0.048 0.1 0.0 0.1 0.004 0.1 0.039 0.005 0.1 0.057 0.1 0.091 0.087 0.0 0.049 0.0 0.091 0.0 0.0 0.0 0.0 0.092 0.058 0.032 0.007 0.049 0.049 0.079 0.1 0.033 0.0 0.058 0.041 0.05 0.1 0.067 0.058 0.058 0.1 0.042 0.1 0.042 0.1 0.0
-9999.0 -9999.0 -9999.0 -9999.0 -9999.0 -9999.0 -9999.0 -9999.0 -9999.0 -9999.0 -9999.0 -9999.0 -9999.0 -9999.0 -9999.0 -9999.0 -9999.0 -9999.0 -9999.0 -9999.0 -9999.0 -9999.0 -9999.0 -9999.0 -9999.0 -9999.0 -9999.0 0.029 0.003 0.1 0.012 0.082 0.056 0.047 0.1 0.039 0.091 0.057 0.083 0.0 0.0 0.013 0.0 0.1 0.083 0.0 0.074 0.0 0.1 0.006 0.006 0.1 0.015 0.1 0.0 0.0 0.0 0.0 0.024 0.0 0.1 0.041 0.1 0.0 0.05 0.037 0.1 0.083 0.092 0.1 0.1 0.042 0.0 0.034 0.017 0.1 0.0 0.1
-9999.0 -9999.0 -9999.0 -9999.0 -9999.0 -9999.0 -9999.0 -9999.0 -9999.0 -9999.0 -9999.0 -9999.0 -9999.0 -9999.0 -9999.0 -9999.0 -9999.0 -9999.0 -9999.0 -9999.0 -9999.0 -9999.0 -9999.0 -9999.0 -9999.0 -9999.0 -9999.0 0.0 0.0 0.065 0.003 0.091 0.0 0.1 0.0 0.091 0.091 0.022 0.1 0.004 0.1 0.0 0.0 0.0 0.079 0.1 0.0 0.014 0.1 0.057 0.1 0.015 0.1 0.1 0.0 0.1 0.0 0.1 0.0 0.041 0.0 0.083 0.1 0.024 0.041 0.0 0.0 0.0 0.042 0.05 0.0 0.075 0.1 0.038 0.059 0.05 0.0 0.079
-9999.0 -9999.0 -9999.0 -9999.0 -9999.0 -9999.0 -9999.0 -9999.0 -9999.0 -9999.0 -9999.0 -9999.0 -9999.0 -9999.0 -9999.0 -9999.0 -9999.0 -9999.0 -9999.0 -9999.0 -9999.0 -9999.0 -9999.0 -9999.0 -9999.0 -9999.0 -9999.0 0.038 0.0 0.091 0.012 0.0 0.0 0.03 0.082 0.004 0.0 0.03 0.013 0.013 0.0 0.035 0.057 0.074 0.057 0.074 0.074 0.1 0.1 0.0 0.014 0.083 0.091 0.0 0.036 0.0 0.066 0.0 0.032 0.075 0.0 0.1 0.033 0.0 0.05 0.0 0.041 0.067 0.033 0.0 0.008 0.0 0.059 0.0 0.034 0.017 0.1 0.0
-9999.0 -9999.0 -9999.0 -9999.0 -9999.0 -9999.0 -9999.0 -9999.0 -9999.0 -9999.0 -9999.0 -9999.0 -9999.0 -9999.0 -9999.0 -9999.0 -9999.0 -9999.0 -9999.0 -9999.0 -9999.0 -9999.0 -9999.0 -9999.0 -9999.0 -9999.0 0.02 0.1 0.0 0.038 0.012 0.1 0.03 0.1 0.1 0.039 0.03 0.1 0.1 0.0 0.035 0.0 0.1 0.0 0.0 0.0 0.014 0.1 0.0 0.066 0.0 0.091 0.057 0.0 0.0 0.0 0.079 0.0 0.041 0.007 0.083 0.033 0.0 0.058 0.1 0.1 0.075 0.092 0.075 0.058 0.079 0.083 0.0 0.033 0.0 0.079 0.079 0.0
-9999.0 -9999.0 -9999.0 -9999.0 -9999.0 -9999.0 -9999.0 -9999.0 -9999.0 -9999.0 -9999.0 -9999.0 -9999.0 -9999.0 -9999.0 -9999.0 -9999.0 -9999.0 -9999.0 -9999.0 -9999.0 -9999.0 -9999.0 -9999.0 -9999.0 -9999.0 0.0 0.029 0.1 0.011 0.1 0.091 0.065 0.047 0.1 0.047 0.021 0.004 0.0 0.074 0.1 0.0 0.0 0.078 0.0 0.1 0.0 0.1 0.0 0.1 0.0 0.0 0.049 0.0 0.0 0.1 0.015 0.1 0.092 0.041 0.041 0.0 0.041 0.083 0.075 0.05 0.033 0.1 0.033 0.0 0.008 0.05 0.025 0.083 0.083 0.05 0.034 0.0
-9999.0 -9999.0 -9999.0 -9999.0 -9999.0 -9999.0 -9999.0 -9999.0 -9999.0 -9999.0 -9999.0 -9999.0 -9999.0 -9999.0 -9999.0 -9999.0 -9999.0 -9999.0 -9999.0 -9999.0 -9999.0 -9999.0 -9999.0 -9999.0 -9999.0 -9999.0 -9999.0 0.0 0.073 0.1 0.029 0.047 0.021 0.082 0.003 0.091 0.1 0.0 0.0 0.1 0.091 0.1 0.0 0.1 0.014 0.1 0.0 0.0 0.0 0.0 0.0 0.1 0.0 0.1 0.058 0.0 0.1 0.079 0.066 0.016 0.092 0.075 0.032 0.058 0.1 0.033 0.0 0.066 0.083 0.1 0.016 0.058 0.1 0.0 0.058 0.083 0.0 0.0
-9999.0 -9999.0 -9999.0 -9999.0 -9999.0 -9999.0 -9999.0 -9999.0 -9999.0 -9999.0 -9999.0 -9999.0 -9999.0 -9999.0 -9999.0 -9999.0 -9999.0 -9999.0 -9999.0 -9999.0 -9999.0 -9999.0 -9999.0 -9999.0 -9999.0 -9999.0 -9999.0 -9999.0 -9999.0 -9999.0 0.1 0.1 0.1 0.1 0.0 0.074 0.039 0.091 0.083 0.004 0.0 0.083 0.0 0.057 0.022 0.048 0.014 0.014 0.1 0.04 0.036 0.057 0.066 0.015 0.015 0.0 0.0 0.0 0.015 0.1 0.0 0.083 0.016 0.016 0.058 0.058 0.041 0.033 0.025 0.075 0.058 0.083 0.0 0.0 0.067 0.0 0.0 0.0
