static/jobfarm/user_models/minyf/common/HOME-GBHM/输出文件/Output/Grids/Cst20020227.asc
ncols 221
nrows 204
xllcorner -627000.0
yllcorner 3955000.0
cellsize 900.0
NODATA_value -9999.0
[rows 105 to 139 of 204, columns 78 to 155 of 221]
0.0 0.0 0.0 0.079 0.059 0.038 0.079 0.0 0.0 0.018 0.0 0.043 0.0 0.1 0.0 0.08 0.08 0.1 0.0 0.1 0.0 0.0 0.1 0.0 0.0 0.0 0.0 0.1 0.0 0.1 0.0 0.0 0.0 0.06 0.0 0.0 0.08 0.0 0.0 0.0 0.02 0.0 0.0 0.1 0.15 0.113 0.1 0.129 0.0 0.04 0.0 0.0 0.0 0.1 0.004 0.0 0.0 0.02 0.092 0.15 0.02 0.012 0.076 0.1 0.02 0.02 0.1 0.003 0.1 0.068 0.084 0.052 0.08 0.0 0.0 0.0 0.1 0.104
0.0 0.059 0.0 0.1 0.079 0.0 0.0 0.0 0.0 0.0 0.1 0.039 0.08 0.0 0.1 0.0 0.1 0.0 0.1 0.059 0.019 0.0 0.059 0.0 0.0 0.0 0.0 0.019 0.06 0.06 0.1 0.0 0.0 0.04 0.02 0.02 0.0 0.08 0.0 0.0 0.0 0.0 0.003 0.003 0.0 0.15 0.044 0.1 0.138 0.0 0.0 0.02 0.06 0.13 0.114 0.0 0.0 0.076 0.15 0.125 0.1 0.1 0.028 0.076 0.036 0.02 0.084 0.092 0.02 0.1 0.08 0.1 0.1 0.0 0.1 0.068 0.084 0.138
0.0 0.1 0.0 0.038 0.0 0.018 0.038 0.0 0.059 0.1 0.0 0.0 0.0 0.1 0.0 0.018 0.059 0.019 0.0 0.1 0.019 0.019 0.0 0.0 0.0 0.0 0.0 0.019 0.1 0.0 0.1 0.0 0.0 0.04 0.0 0.1 0.0 0.0 0.06 0.0 0.06 0.0 0.02 0.052 0.08 0.02 0.0 0.0 0.0 0.125 0.1 0.1 0.04 0.0 0.0 0.0 0.003 0.117 0.146 0.02 0.1 0.003 0.0 0.044 0.06 0.092 0.084 0.036 0.1 0.019 0.1 0.0 0.06 0.068 0.0 0.052 0.1 0.1
0.0 0.1 0.0 0.1 0.0 0.1 0.0 0.0 0.1 0.0 0.0 0.1 0.1 0.0 0.0 0.0 0.0 0.1 0.0 0.019 0.0 0.0 0.1 0.1 0.0 0.039 0.0 0.0 0.0 0.1 0.1 0.06 0.06 0.0 0.0 0.0 0.0 0.0 0.0 0.0 0.04 0.0 0.0 0.027 0.1 0.003 0.0 0.011 0.02 0.0 0.1 0.113 0.088 0.0 0.0 0.02 0.052 0.117 0.036 0.052 0.1 0.003 0.06 0.1 0.003 0.068 0.044 0.1 0.04 0.1 0.044 0.1 0.043 0.019 0.1 0.04 0.1 0.1
0.1 0.0 0.0 0.0 0.079 0.0 0.0 0.018 0.079 0.0 0.0 0.1 0.1 0.1 0.018 0.1 0.039 0.0 0.08 0.0 0.0 0.0 0.1 0.1 0.129 0.0 0.019 0.0 0.0 0.0 0.1 0.0 0.0 0.1 0.08 0.08 0.0 0.0 0.0 0.0 0.0 0.1 0.0 0.04 0.0 0.068 0.084 0.0 0.1 0.1 0.0 0.121 0.04 0.1 0.077 0.092 0.125 0.003 0.06 0.011 0.1 0.06 0.142 0.117 0.003 0.027 0.019 0.1 0.0 0.08 0.0 0.1 0.1 0.068 0.0 0.04 0.1 0.08
0.008 0.0 0.0 0.1 0.1 0.0 0.0 0.0 0.1 0.0 0.0 0.0 0.0 0.0 0.0 0.059 0.08 0.1 0.0 0.0 0.1 0.0 0.0 0.1 0.019 0.0 0.0 0.1 0.0 0.1 0.043 0.06 0.0 0.0 0.0 0.0 0.08 0.019 0.04 0.0 0.0 0.0 0.0 0.0 0.1 0.06 0.02 0.08 0.02 0.011 0.035 0.011 0.02 0.15 0.0 0.129 0.0 0.0 0.1 0.084 0.1 0.068 0.003 0.003 0.068 0.0 0.0 0.1 0.1 0.035 0.1 0.0 0.092 0.129 0.125 0.0 0.0 0.019
0.092 0.083 0.0 0.059 0.0 0.0 0.0 0.0 0.0 0.1 0.018 0.0 0.0 0.0 0.1 0.1 0.0 0.1 0.0 0.039 0.0 0.0 0.0 0.039 0.0 0.059 0.1 0.0 0.0 0.059 0.1 0.039 0.0 0.1 0.0 0.0 0.06 0.039 0.1 0.06 0.04 0.0 0.04 0.1 0.06 0.08 0.1 0.092 0.003 0.0 0.109 0.084 0.068 0.068 0.1 0.1 0.1 0.0 0.084 0.1 0.035 0.068 0.011 0.1 0.0 0.0 0.0 0.0 0.04 0.04 0.084 0.0 0.06 0.15 0.1 0.0 0.019 0.1
0.025 0.058 0.1 0.0 0.0 0.017 0.1 0.1 0.0 0.0 0.0 0.0 0.0 0.0 0.0 0.039 0.0 0.1 0.0 0.0 0.0 0.059 0.0 0.1 0.075 0.0 0.0 0.0 0.0 0.0 0.0 0.0 0.0 0.1 0.0 0.0 0.039 0.0 0.0 0.0 0.0 0.06 0.019 0.1 0.019 0.04 0.0 0.06 0.076 0.003 0.1 0.122 0.1 0.003 0.003 0.121 0.133 0.146 0.043 0.0 0.1 0.1 0.011 0.0 0.0 0.0 0.0 0.0 0.0 0.02 0.051 0.08 0.138 0.138 0.1 0.121 0.1 0.08
0.033 0.083 0.038 0.0 0.0 0.038 0.017 0.0 0.0 0.0 0.0 0.018 0.0 0.1 0.0 0.0 0.0 0.0 0.059 0.0 0.0 0.0 0.0 0.08 0.0 0.0 0.059 0.027 0.1 0.059 0.0 0.002 0.0 0.0 0.039 0.0 0.0 0.019 0.0 0.08 0.1 0.0 0.101 0.15 0.1 0.04 0.0 0.084 0.06 0.084 0.1 0.1 0.0 0.08 0.042 0.084 0.1 0.1 0.1 0.08 0.0 0.035 0.019 0.0 0.125 0.0 0.052 0.08 0.0 0.1 0.003 0.06 0.1 0.15 0.0 0.121 0.0 0.051
0.0 0.05 0.067 0.1 0.114 0.1 0.0 0.0 0.038 0.0 0.038 0.0 0.1 0.0 0.0 0.0 0.039 0.0 0.0 0.1 0.0 0.0 0.1 0.019 0.08 0.0 0.1 0.0 0.059 0.0 0.1 0.0 0.0 0.1 0.1 0.1 0.08 0.0 0.0 0.0 0.0 0.0 0.0 0.0 0.0 0.1 0.068 0.0 0.076 0.105 0.126 0.101 0.0 0.011 0.003 0.1 0.133 0.1 0.019 0.06 0.02 0.133 0.0 0.1 0.0 0.0 0.084 0.06 0.051 0.035 0.068 0.035 0.0 0.0 0.1 0.06 0.0 0.0
0.025 0.0 0.017 0.079 0.0 0.124 0.1 0.137 0.079 0.1 0.0 0.1 0.1 0.0 0.0 0.0 0.0 0.0 0.0 0.1 0.0 0.0 0.0 0.0 0.0 0.059 0.08 0.0 0.0 0.0 0.0 0.0 0.0 0.0 0.059 0.0 0.0 0.1 0.0 0.1 0.1 0.0 0.0 0.1 0.039 0.121 0.0 0.0 0.101 0.117 0.1 0.003 0.0 0.1 0.0 0.003 0.019 0.04 0.15 0.043 0.1 0.003 0.0 0.06 0.15 0.051 0.043 0.1 0.076 0.108 0.15 0.129 0.1 0.06 0.113 0.1 0.003 0.0
0.1 0.083 0.017 0.0 0.0 0.1 0.079 0.0 0.079 0.0 0.018 0.0 0.0 0.0 0.0 0.0 0.0 0.1 0.039 0.0 0.1 0.1 0.018 0.1 0.0 0.0 0.0 0.0 0.0 0.0 0.0 0.1 0.0 0.0 0.08 0.019 0.1 0.0 0.0 0.08 0.1 0.0 0.1 0.0 0.1 0.084 0.1 0.011 0.101 0.076 0.1 0.1 0.1 0.019 0.0 0.133 0.15 0.027 0.1 0.1 0.142 0.1 0.0 0.084 0.0 0.129 0.142 0.138 0.092 0.027 0.1 0.104 0.04 0.1 0.1 0.0 0.1 0.1
0.058 0.0 0.0 0.058 0.079 0.059 0.0 0.1 0.0 0.1 0.059 0.059 0.1 0.0 0.0 0.0 0.1 0.1 0.0 0.1 0.059 0.1 0.1 0.0 0.018 0.0 0.059 0.1 0.0 0.0 0.0 0.002 0.0 0.108 0.0 0.0 0.039 0.1 0.0 0.1 0.039 0.1 0.1 0.0 0.059 0.1 0.1 0.027 0.0 0.1 0.068 0.043 0.1 0.035 0.08 0.138 0.15 0.109 0.019 0.1 0.121 0.104 0.1 0.146 0.027 0.13 0.0 0.108 0.084 0.043 0.126 0.1 0.1 0.0 0.0 0.0 0.019 0.1
0.0 0.0 0.038 0.0 0.017 0.0 0.0 0.0 0.1 0.042 0.1 0.059 0.1 0.0 0.059 0.0 0.0 0.059 0.0 0.0 0.0 0.0 0.059 0.0 0.0 0.018 0.039 0.08 0.059 0.0 0.059 0.0 0.1 0.0 0.067 0.1 0.0 0.0 0.1 0.0 0.0 0.0 0.059 0.0 0.1 0.0 0.1 0.003 0.1 0.059 0.043 0.011 0.0 0.1 0.019 0.125 0.0 0.003 0.1 0.0 0.1 0.15 0.1 0.1 0.1 0.0 0.019 0.0 0.011 0.15 0.003 0.1 0.0 0.0 0.0 0.1 0.1 0.011
0.066 0.1 0.083 0.0 0.0 0.0 0.0 0.079 0.0 0.017 0.0 0.0 0.1 0.079 0.0 0.038 0.0 0.059 0.0 0.0 0.0 0.0 0.0 0.1 0.059 0.1 0.059 0.1 0.1 0.059 0.019 0.1 0.0 0.0 0.018 0.067 0.067 0.039 0.019 0.059 0.0 0.08 0.019 0.0 0.1 0.1 0.0 0.0 0.059 0.003 0.011 0.019 0.1 0.1 0.108 0.1 0.126 0.126 0.0 0.101 0.146 0.0 0.133 0.003 0.1 0.1 0.1 0.1 0.15 0.1 0.113 0.019 0.1 0.1 0.0 0.027 0.003 0.1
0.083 0.0 0.058 0.0 0.0 0.0 0.0 0.0 0.0 0.1 0.0 0.0 0.079 0.0 0.1 0.0 0.0 0.0 0.0 0.1 0.038 0.0 0.059 0.0 0.059 0.059 0.0 0.0 0.0 0.0 0.059 0.08 0.1 0.019 0.0 0.1 0.1 0.0 0.0 0.1 0.0 0.1 0.1 0.0 0.1 0.08 0.0 0.06 0.059 0.1 0.027 0.068 0.0 0.133 0.0 0.0 0.15 0.125 0.051 0.15 0.13 0.076 0.0 0.1 0.076 0.003 0.1 0.0 0.0 0.1 0.027 0.003 0.003 0.08 0.1 0.019 0.1 0.0
0.083 0.0 0.008 0.0 0.038 0.1 0.1 0.075 0.0 0.1 0.0 0.038 0.0 0.1 0.0 0.1 0.0 0.059 0.018 0.038 0.12 0.0 0.0 0.0 0.0 0.0 0.0 0.0 0.0 0.0 0.08 0.0 0.0 0.1 0.08 0.1 0.059 0.019 0.112 0.059 0.0 0.0 0.059 0.0 0.0 0.1 0.002 0.1 0.08 0.08 0.039 0.0 0.1 0.1 0.039 0.0 0.146 0.105 0.06 0.15 0.109 0.1 0.092 0.0 0.1 0.104 0.06 0.0 0.019 0.1 0.0 0.0 0.003 0.076 0.019 0.003 0.003 0.068
0.066 0.066 0.1 0.092 0.1 0.1 0.025 0.058 0.1 0.042 0.0 0.0 0.059 0.038 0.038 0.0 0.0 0.059 0.018 0.0 0.038 0.0 0.0 0.0 0.0 0.018 0.059 0.0 0.0 0.0 0.0 0.0 0.0 0.0 0.1 0.1 0.1 0.1 0.133 0.1 0.059 0.08 0.043 0.076 0.0 0.0 0.0 0.08 0.0 0.0 0.0 0.0 0.112 0.0 0.0 0.0 0.0 0.1 0.059 0.0 0.039 0.1 0.15 0.0 0.0 0.06 0.117 0.121 0.068 0.1 0.1 0.0 0.0 0.1 0.101 0.003 0.13 0.105
0.008 0.0 0.033 0.0 0.075 0.1 0.1 0.0 0.1 0.1 0.0 0.1 0.079 0.038 0.0 0.1 0.1 0.1 0.0 0.0 0.0 0.0 0.1 0.1 0.039 0.1 0.0 0.0 0.0 0.0 0.1 0.1 0.1 0.0 0.0 0.0 0.059 0.0 0.146 0.0 0.059 0.092 0.0 0.1 0.1 0.0 0.0 0.084 0.1 0.1 0.1 0.0 0.0 0.0 0.08 0.1 0.0 0.039 0.125 0.0 0.1 0.0 0.0 0.146 0.15 0.0 0.0 0.0 0.104 0.1 0.0 0.0 0.1 0.043 0.13 0.084 0.084 0.092
0.0 0.024 0.0 0.0 0.033 0.0 0.0 0.0 0.017 0.05 0.0 0.0 0.0 0.038 0.0 0.079 0.1 0.0 0.038 0.1 0.0 0.1 0.1 0.0 0.08 0.0 0.039 0.0 0.1 0.0 0.08 0.0 0.0 0.0 0.0 0.1 0.0 0.0 0.0 0.0 0.076 0.018 0.002 0.1 0.129 0.059 0.0 0.0 0.0 0.104 0.0 0.007 0.0 0.08 0.0 0.1 0.1 0.019 0.15 0.125 0.039 0.1 0.0 0.019 0.06 0.0 0.0 0.0 0.0 0.0 0.0 0.019 0.1 0.0 0.0 0.027 0.043 0.1
0.1 0.0 0.0 0.0 0.0 0.0 0.1 0.008 0.008 0.05 0.092 0.0 0.033 0.1 0.0 0.059 0.059 0.018 0.0 0.0 0.038 0.038 0.0 0.0 0.0 0.0 0.0 0.0 0.059 0.0 0.08 0.08 0.018 0.0 0.039 0.0 0.075 0.0 0.0 0.075 0.1 0.019 0.1 0.1 0.059 0.1 0.019 0.0 0.1 0.117 0.0 0.146 0.0 0.1 0.0 0.084 0.0 0.003 0.043 0.1 0.0 0.0 0.084 0.06 0.0 0.076 0.06 0.039 0.0 0.0 0.15 0.1 0.019 0.0 0.0 0.06 0.108 0.1
0.0 0.0 0.024 0.0 0.037 0.037 0.058 0.0 0.025 0.0 0.0 0.0 0.042 0.017 0.0 0.0 0.0 0.079 0.0 0.1 0.079 0.1 0.0 0.0 0.0 0.0 0.0 0.0 0.0 0.0 0.059 0.0 0.0 0.0 0.1 0.1 0.0 0.0 0.1 0.075 0.0 0.0 0.1 0.002 0.0 0.0 0.059 0.15 0.15 0.15 0.0 0.0 0.1 0.0 0.0 0.076 0.051 0.0 0.011 0.003 0.092 0.1 0.0 0.092 0.059 0.027 0.0 0.0 0.1 0.1 0.1 0.0 0.117 0.035 0.0 0.146 0.146 0.0
0.0 0.0 0.0 0.1 0.0 0.1 0.0 0.0 0.075 0.042 0.017 0.075 0.1 0.017 0.0 0.1 0.1 0.059 0.0 0.0 0.079 0.0 0.0 0.0 0.0 0.0 0.0 0.1 0.1 0.059 0.0 0.0 0.0 0.1 0.0 0.0 0.0 0.051 0.026 0.092 0.0 0.059 0.039 0.1 0.0 0.1 0.0 0.1 0.1 0.1 0.0 0.002 0.1 0.129 0.092 0.0 0.019 0.0 0.0 0.1 0.043 0.0 0.0 0.019 0.1 0.043 0.068 0.0 0.0 0.084 0.0 0.003 0.043 0.043 0.1 0.15 0.138 0.003
0.0 0.037 0.0 0.0 0.016 0.1 0.0 0.0 0.016 0.075 0.0 0.0 0.083 0.038 0.0 0.009 0.058 0.1 0.059 0.1 0.0 0.1 0.1 0.0 0.018 0.1 0.0 0.0 0.059 0.0 0.0 0.0 0.059 0.0 0.059 0.1 0.0 0.0 0.051 0.0 0.035 0.1 0.051 0.1 0.0 0.0 0.019 0.08 0.1 0.0 0.1 0.019 0.039 0.0 0.125 0.15 0.0 0.0 0.0 0.0 0.0 0.043 0.0 0.0 0.027 0.0 0.084 0.059 0.1 0.0 0.1 0.1 0.1 0.059 0.0 0.101 0.1 0.039
0.0 0.0 0.0 0.0 0.037 0.016 0.0 0.067 0.1 0.1 0.1 0.1 0.0 0.1 0.0 0.0 0.017 0.1 0.092 0.034 0.0 0.038 0.0 0.0 0.1 0.038 0.079 0.0 0.0 0.018 0.0 0.0 0.0 0.0 0.0 0.1 0.059 0.104 0.092 0.1 0.092 0.0 0.075 0.0 0.1 0.0 0.019 0.039 0.1 0.019 0.051 0.0 0.0 0.0 0.0 0.002 0.133 0.0 0.0 0.1 0.1 0.1 0.08 0.0 0.0 0.1 0.1 0.1 0.1 0.084 0.06 0.1 0.076 0.1 0.003 0.003 0.011 0.134
0.016 0.007 0.058 0.0 0.037 0.0 0.016 0.1 0.025 0.1 0.008 0.058 0.017 0.0 0.017 0.0 0.0 0.0 0.0 0.038 0.1 0.1 0.0 0.0 0.0 0.0 0.059 0.1 0.018 0.0 0.0 0.0 0.1 0.0 0.018 0.0 0.092 0.018 0.043 0.002 0.0 0.08 0.1 0.1 0.067 0.0 0.08 0.01 0.092 0.018 0.035 0.059 0.039 0.1 0.0 0.051 0.0 0.042 0.0 0.0 0.0 0.011 0.0 0.0 0.059 0.0 0.08 0.0 0.003 0.08 0.0 0.1 0.068 0.019 0.076 0.117 0.15 0.06
0.041 0.079 0.0 0.066 0.075 0.016 0.0 0.058 0.058 0.0 0.1 0.0 0.058 0.0 0.1 0.1 0.0 0.0 0.0 0.0 0.0 0.042 0.067 0.001 0.075 0.05 0.0 0.0 0.0 0.1 0.018 0.0 0.0 0.0 0.059 0.092 0.075 0.092 0.084 0.018 0.026 0.0 0.0 0.1 0.08 0.0 0.1 0.1 0.0 0.051 0.039 0.059 0.0 0.019 0.1 0.002 0.002 0.1 0.0 0.019 0.019 0.0 0.076 0.0 0.0 0.1 0.0 0.0 0.043 0.0 0.0 0.0 0.06 0.019 0.0 0.1 0.1 0.0
0.0 0.0 0.0 0.0 0.092 0.0 0.037 0.058 0.0 0.0 0.0 0.103 0.0 0.0 0.0 0.017 0.017 0.0 0.0 0.0 0.1 0.1 0.079 0.0 0.1 0.0 0.018 0.05 0.084 0.1 0.0 0.08 0.1 0.0 0.1 0.067 0.018 0.1 0.075 0.084 0.0 0.026 0.0 0.084 0.1 0.1 0.0 0.0 0.051 0.0 0.0 0.0 0.039 0.0 0.0 0.0 0.0 0.076 0.0 0.0 0.1 0.019 0.067 0.043 0.1 0.0 0.1 0.0 0.003 0.0 0.039 0.068 0.068 0.0 0.0 0.0 0.0 0.1
0.083 0.1 0.075 0.0 0.0 0.0 0.016 0.1 0.058 0.0 0.0 0.058 0.058 0.079 0.1 0.0 0.059 0.1 0.0 0.0 0.0 0.0 0.017 0.018 0.038 0.0 0.0 0.0 0.018 0.059 0.075 0.075 0.0 0.0 0.075 0.018 0.001 0.075 0.043 0.0 0.0 0.0 0.0 0.1 0.0 0.1 0.1 0.08 0.1 0.137 0.0 0.0 0.0 0.039 0.039 0.039 0.0 0.0 0.027 0.039 0.076 0.1 0.002 0.0 0.0 0.003 0.08 0.08 0.06 0.003 0.06 0.027 0.084 0.035 0.1 0.1 0.06 0.06
0.016 0.016 0.1 0.0 0.016 0.0 0.0 0.0 0.1 0.0 0.0 0.0 0.0 0.0 0.0 0.0 0.0 0.0 0.0 0.1 0.038 0.0 0.1 0.0 0.0 0.0 0.0 0.0 0.0 0.1 0.059 0.137 0.084 0.133 0.1 0.1 0.001 0.0 0.043 0.1 0.1 0.084 0.0 0.08 0.1 0.0 0.1 0.0 0.0 0.0 0.0 0.0 0.0 0.0 0.1 0.1 0.0 0.1 0.0 0.019 0.1 0.011 0.092 0.0 0.0 0.1 0.1 0.0 0.019 0.0 0.068 0.003 0.0 0.08 0.003 0.043 0.0 0.04
0.0 0.0 0.1 0.066 0.1 0.0 0.075 0.0 0.079 0.1 0.037 0.0 0.0 0.1 0.0 0.0 0.0 0.059 0.0 0.0 0.0 0.0 0.0 0.0 0.0 0.0 0.0 0.0 0.1 0.0 0.0 0.0 0.08 0.0 0.0 0.001 0.067 0.039 0.039 0.018 0.075 0.059 0.1 0.002 0.002 0.08 0.01 0.0 0.0 0.0 0.1 0.0 0.039 0.0 0.0 0.0 0.019 0.1 0.039 0.1 0.0 0.1 0.059 0.019 0.0 0.06 0.003 0.059 0.0 0.019 0.035 0.06 0.019 0.0 0.1 0.092 0.08 0.06
0.024 0.0 0.1 0.079 0.1 0.075 0.1 0.092 0.041 0.041 0.037 0.037 0.058 0.0 0.0 0.1 0.017 0.1 0.1 0.1 0.0 0.038 0.0 0.0 0.1 0.1 0.0 0.059 0.059 0.0 0.0 0.0 0.0 0.0 0.0 0.018 0.0 0.001 0.1 0.1 0.0 0.067 0.092 0.0 0.0 0.0 0.0 0.035 0.1 0.0 0.0 0.1 0.0 0.018 0.08 0.0 0.1 0.1 0.08 0.0 0.0 0.0 0.0 0.059 0.1 0.011 0.019 0.0 0.0 0.1 0.011 0.08 0.059 0.08 0.003 0.0 0.0 0.0
0.092 0.041 0.1 0.0 0.0 0.0 0.092 0.1 0.1 0.024 0.016 0.017 0.0 0.058 0.1 0.0 0.017 0.079 0.0 0.038 0.0 0.0 0.0 0.0 0.0 0.0 0.0 0.1 0.059 0.0 0.0 0.0 0.0 0.1 0.0 0.0 0.0 0.034 0.075 0.0 0.018 0.0 0.0 0.0 0.018 0.1 0.002 0.0 0.08 0.0 0.0 0.0 0.0 0.0 0.0 0.0 0.1 0.019 0.0 0.1 0.059 0.1 0.002 0.084 0.08 0.059 0.068 0.0 0.0 0.068 0.035 0.068 0.1 0.1 0.0 0.003 0.068 0.1
0.066 0.058 0.0 0.058 0.0 0.024 0.1 0.079 0.033 0.041 0.0 0.0 0.058 0.0 0.0 0.079 0.1 0.0 0.0 0.042 0.1 0.042 0.059 0.059 0.0 0.0 0.0 0.125 0.0 0.018 0.038 0.0 0.0 0.0 0.0 0.1 0.0 0.1 0.1 0.001 0.039 0.034 0.059 0.0 0.0 0.018 0.026 0.0 0.019 0.0 0.0 0.039 0.0 0.092 0.0 0.0 0.1 0.051 0.0 0.1 0.0 0.0 0.0 0.0 0.043 0.08 0.076 0.1 0.08 0.0 0.003 0.1 0.011 0.0 0.0 0.1 0.1 0.04
0.049 0.0 0.049 0.1 0.0 0.092 0.033 0.0 0.0 0.1 0.0 0.079 0.037 0.1 0.1 0.017 0.0 0.0 0.0 0.017 0.1 0.0 0.1 0.0 0.1 0.0 0.1 0.018 0.0 0.0 0.059 0.0 0.1 0.0 0.0 0.0 0.0 0.018 0.0 0.1 0.018 0.059 0.01 0.0 0.0 0.039 0.0 0.0 0.0 0.039 0.0 0.1 0.0 0.084 0.0 0.019 0.0 0.092 0.059 0.0 0.0 0.035 0.1 0.027 0.019 0.0 0.0 0.0 0.092 0.0 0.043 0.0 0.0 0.051 0.06 0.1 0.0 0.068
