static/jobfarm/user_models/minyf/common/HOME-GBHM/输出文件/Output/Grids/Cst20020227.asc
ncols 221
nrows 204
xllcorner -627000.0
yllcorner 3955000.0
cellsize 900.0
NODATA_value -9999.0
[rows 70 to 104 of 204, columns 78 to 155 of 221]
0.0 0.0 0.0 0.0 0.0 0.0 0.0 0.0 0.0 0.0 0.0 0.0 0.0 0.0 0.0 0.0 0.0 0.0 0.0 0.0 0.0 0.0 0.0 0.0 0.0 0.0 0.0 0.0 0.0 0.0 0.0 0.092 0.003 0.1 0.092 0.015 0.038 0.0 0.007 0.031 0.1 0.038 0.085 0.046 0.005 0.008 0.0 0.0 0.062 0.0 0.005 0.085 0.1 0.0 0.005 0.0 0.0 0.1 0.1 0.0 0.047 0.0 0.0 0.1 0.0 0.1 0.062 0.0 0.081 0.062 0.006 0.092 0.1 0.1 0.0 0.016 0.0 0.0
0.0 0.0 0.0 0.0 0.0 0.0 0.0 0.0 0.0 0.0 0.0 0.0 0.0 0.0 0.0 0.0 0.0 0.0 0.0 0.0 0.0 0.0 0.0 0.0 0.0 0.0 0.0 0.0 0.0 0.003 0.003 0.0 0.0 0.1 0.1 0.0 0.046 0.023 0.015 0.1 0.023 0.077 0.1 0.046 0.024 0.085 0.023 0.062 0.0 0.024 0.024 0.054 0.069 0.054 0.031 0.047 0.1 0.005 0.1 0.0 0.062 0.1 0.077 0.062 0.013 0.0 0.0 0.062 0.024 0.1 0.024 0.043 0.0 0.062 0.008 0.039 0.046 0.008
0.0 0.0 0.0 0.0 0.0 0.0 0.0 0.0 0.0 0.0 0.0 0.0 0.0 0.0 0.0 0.0 0.0 0.0 0.0 0.0 0.0 0.0 0.0 0.0 0.0 0.0 0.0 0.0 0.061 0.0 0.081 0.061 0.0 0.042 0.084 0.069 0.0 0.007 0.092 0.1 0.054 0.023 0.1 0.081 0.023 0.008 0.092 0.0 0.1 0.062 0.0 0.067 0.069 0.008 0.077 0.1 0.1 0.089 0.0 0.016 0.085 0.085 0.047 0.0 0.1 0.1 0.1 0.0 0.062 0.0 0.005 0.0 0.0 0.0 0.016 0.008 0.054 0.069
0.0 0.0 0.0 0.0 0.0 0.0 0.0 0.0 0.0 0.0 0.0 0.0 0.0 0.0 0.0 0.0 0.0 0.0 0.0 0.0 0.0 0.0 0.0 0.0 0.0 0.0 0.0 0.08 0.08 0.061 0.1 0.0 0.042 0.0 0.0 0.007 0.1 0.1 0.007 0.0 0.015 0.03 0.007 0.007 0.0 0.0 0.0 0.0 0.0 0.0 0.0 0.081 0.1 0.024 0.062 0.0 0.0 0.1 0.005 0.1 0.069 0.0 0.024 0.1 0.1 0.077 0.0 0.1 0.1 0.062 0.1 0.0 0.1 0.081 0.0 0.008 0.1 0.015
0.0 0.0 0.0 0.0 0.0 0.0 0.0 0.0 0.0 0.0 0.0 0.0 0.0 0.0 0.0 0.0 0.0 0.0 0.0 0.0 0.0 0.0 0.0 0.0 0.0 0.0 0.0 0.0 0.1 0.061 0.061 0.081 0.0 0.0 0.014 0.084 0.014 0.0 0.081 0.007 0.061 0.0 0.077 0.085 0.023 0.0 0.062 0.0 0.081 0.004 0.039 0.054 0.1 0.1 0.043 0.054 0.1 0.1 0.1 0.069 0.023 0.054 0.089 0.0 0.0 0.0 0.1 0.054 0.1 0.1 0.0 0.0 0.043 0.0 0.038 0.1 0.0 0.015
0.0 0.0 0.0 0.0 0.0 0.0 0.0 0.0 0.0 0.0 0.0 0.0 0.0 0.0 0.0 0.0 0.0 0.0 0.0 0.0 0.0 0.0 0.0 0.0 0.0 0.0 0.041 0.022 0.0 0.1 0.1 0.0 0.1 0.0 0.03 0.006 0.045 0.069 0.007 0.053 0.1 0.038 0.015 0.077 0.1 0.007 0.1 0.0 0.0 0.042 0.1 0.1 0.1 0.0 0.039 0.039 0.0 0.062 0.1 0.1 0.008 0.023 0.023 0.1 0.1 0.0 0.1 0.008 0.008 0.046 0.046 0.038 0.0 0.092 0.007 0.015 0.1 0.007
0.0 0.0 0.0 0.0 0.0 0.0 0.0 0.0 0.0 0.0 0.0 0.0 0.0 0.0 0.0 0.0 0.0 0.0 0.0 0.0 0.0 0.0 0.0 0.0 0.0 0.002 0.0 0.1 0.0 0.006 0.1 0.1 0.0 0.077 0.0 0.061 0.014 0.053 0.045 0.1 0.061 0.007 0.092 0.022 0.054 0.1 0.1 0.0 0.004 0.085 0.1 0.0 0.1 0.081 0.1 0.031 0.046 0.008 0.062 0.0 0.1 0.023 0.1 0.043 0.1 0.0 0.0 0.004 0.0 0.1 0.1 0.0 0.1 0.007 0.1 0.061 0.0 0.1
0.0 0.0 0.0 0.0 0.0 0.0 0.0 0.0 0.0 0.0 0.0 0.0 0.0 0.0 0.0 0.0 0.0 0.0 0.0 0.0 0.0 0.0 0.0 0.0 0.061 0.1 0.0 0.002 0.0 0.1 0.1 0.0 0.0 0.1 0.0 0.045 0.022 0.022 0.1 0.007 0.022 0.038 0.061 0.023 0.077 0.1 0.1 0.004 0.1 0.03 0.0 0.023 0.015 0.0 0.061 0.042 0.1 0.062 0.1 0.0 0.0 0.0 0.061 0.092 0.007 0.1 0.015 0.015 0.0 0.023 0.092 0.061 0.03 0.077 0.1 0.007 0.1 0.1
0.0 0.0 0.0 0.0 0.0 0.0 0.0 0.0 0.0 0.0 0.0 0.0 0.0 0.0 0.0 0.0 0.0 0.0 0.0 0.0 0.0 0.0 0.0 0.0 0.001 0.1 0.08 0.0 0.0 0.0 0.022 0.0 0.0 0.061 0.0 0.0 0.0 0.092 0.1 0.077 0.0 0.084 0.077 0.0 0.0 0.007 0.084 0.0 0.1 0.038 0.1 0.085 0.085 0.046 0.092 0.0 0.023 0.077 0.042 0.1 0.0 0.015 0.0 0.046 0.0 0.092 0.0 0.0 0.03 0.1 0.1 0.092 0.069 0.046 0.022 0.0 0.1 0.077
0.0 0.0 0.0 0.0 0.0 0.0 0.0 0.0 0.0 0.0 0.0 0.0 0.0 0.0 0.0 0.0 0.0 0.0 0.0 0.0 0.0 0.0 0.0 0.0 0.0 0.0 0.0 0.0 0.002 0.061 0.061 0.041 0.1 0.022 0.1 0.006 0.1 0.1 0.006 0.077 0.006 0.022 0.053 0.077 0.061 0.0 0.069 0.042 0.0 0.1 0.061 0.046 0.0 0.007 0.0 0.0 0.061 0.0 0.0 0.007 0.023 0.007 0.061 0.1 0.0 0.0 0.0 0.053 0.092 0.046 0.038 0.053 0.1 0.092 0.0 0.003 0.0 0.069
0.0 0.0 0.0 0.0 0.0 0.0 0.0 0.0 0.0 0.0 0.0 0.0 0.0 0.0 0.0 0.0 0.0 0.0 0.0 0.0 0.0 0.0 0.001 0.0 0.0 0.0 0.061 0.0 0.0 0.08 0.002 0.041 0.1 0.053 0.029 0.029 0.1 0.006 0.0 0.084 0.0 0.069 0.0 0.1 0.006 0.0 0.1 0.1 0.0 0.1 0.0 0.0 0.003 0.0 0.081 0.081 0.1 0.0 0.0 0.0 0.084 0.0 0.038 0.061 0.061 0.0 0.007 0.1 0.1 0.0 0.0 0.045 0.022 0.053 0.092 0.037 0.0 0.076
0.0 0.0 0.0 0.0 0.0 0.0 0.0 0.0 0.0 0.0 0.0 0.0 0.0 0.0 0.0 0.0 0.0 0.0 0.0 0.0 0.0 0.0 0.0 0.1 0.1 0.0 0.0 0.0 0.0 0.0 0.0 0.0 0.084 0.021 0.084 0.045 0.006 0.1 0.0 0.006 0.081 0.069 0.1 0.042 0.022 0.038 0.0 0.042 0.1 0.0 0.042 0.0 0.003 0.0 0.0 0.023 0.0 0.0 0.1 0.0 0.1 0.0 0.046 0.053 0.038 0.03 0.092 0.007 0.077 0.1 0.1 0.1 0.03 0.1 0.1 0.076 0.1 0.1
0.0 0.0 0.0 0.0 0.0 0.0 0.0 0.0 0.0 0.0 0.0 0.0 0.0 0.0 0.0 0.0 0.0 0.0 0.0 0.0 0.0 0.1 0.041 0.1 0.0 0.0 0.0 0.0 0.0 0.0 0.0 0.061 0.013 0.045 0.0 0.0 0.041 0.1 0.069 0.0 0.069 0.1 0.081 0.0 0.0 0.0 0.0 0.042 0.0 0.022 0.0 0.061 0.081 0.022 0.03 0.1 0.053 0.014 0.084 0.1 0.092 0.092 0.077 0.022 0.0 0.061 0.077 0.0 0.061 0.038 0.1 0.061 0.1 0.081 0.0 0.014 0.021 0.053
0.0 0.0 0.0 0.0 0.0 0.0 0.0 0.0 0.0 0.0 0.0 0.0 0.0 0.0 0.0 0.0 0.0 0.0 0.0 0.0 0.0 0.08 0.04 0.0 0.0 0.08 0.001 0.041 0.0 0.08 0.041 0.005 0.1 0.0 0.037 0.005 0.022 0.0 0.1 0.037 0.0 0.084 0.1 0.0 0.0 0.003 0.1 0.003 0.1 0.0 0.1 0.0 0.1 0.0 0.006 0.1 0.1 0.1 0.042 0.1 0.061 0.069 0.006 0.038 0.1 0.006 0.0 0.0 0.1 0.042 0.092 0.1 0.092 0.029 0.1 0.0 0.053 0.013
0.0 0.0 0.0 0.0 0.0 0.0 0.0 0.0 0.0 0.0 0.0 0.0 0.0 0.0 0.0 0.0 0.0 0.0 0.0 0.0 0.04 0.0 0.04 0.04 0.1 0.0 0.08 0.0 0.06 0.0 0.1 0.021 0.1 0.037 0.0 0.005 0.005 0.1 0.092 0.006 0.041 0.1 0.076 0.08 0.1 0.061 0.1 0.1 0.1 0.0 0.003 0.0 0.1 0.042 0.1 0.069 0.03 0.006 0.006 0.014 0.1 0.1 0.042 0.1 0.061 0.03 0.077 0.061 0.037 0.0 0.1 0.092 0.0 0.045 0.069 0.1 0.037 0.1
0.1 0.0 0.0 0.0 0.0 0.0 0.0 0.0 0.0 0.0 0.0 0.0 0.0 0.0 0.0 0.0 0.0 0.0 0.0 0.02 0.1 0.0 0.1 0.1 0.1 0.08 0.021 0.0 0.0 0.1 0.0 0.08 0.1 0.084 0.1 0.0 0.1 0.1 0.076 0.053 0.021 0.0 0.1 0.1 0.0 0.022 0.002 0.002 0.1 0.061 0.1 0.0 0.0 0.066 0.0 0.042 0.022 0.037 0.1 0.037 0.1 0.1 0.0 0.006 0.1 0.069 0.1 0.029 0.08 0.002 0.08 0.061 0.061 0.0 0.013 0.013 0.053 0.0
0.0 0.0 0.0 0.0 0.0 0.0 0.0 0.0 0.0 0.0 0.0 0.0 0.0 0.0 0.0 0.0 0.0 0.0 0.0 0.0 0.1 0.0 0.08 0.1 0.06 0.1 0.041 0.0 0.1 0.068 0.005 0.0 0.08 0.0 0.052 0.021 0.021 0.013 0.084 0.013 0.013 0.061 0.0 0.08 0.0 0.1 0.0 0.002 0.022 0.0 0.002 0.1 0.1 0.1 0.1 0.0 0.1 0.1 0.1 0.061 0.1 0.0 0.022 0.022 0.1 0.037 0.029 0.021 0.0 0.0 0.0 0.053 0.0 0.0 0.1 0.092 0.06 0.0
0.0 0.0 0.0 0.0 0.0 0.0 0.0 0.0 0.0 0.0 0.0 0.0 0.0 0.0 0.0 0.0 0.0 0.0 0.0 0.1 0.0 0.08 0.0 0.0 0.04 0.1 0.001 0.0 0.0 0.021 0.044 0.084 0.1 0.021 0.1 0.005 0.045 0.06 0.1 0.06 0.0 0.0 0.0 0.0 0.061 0.002 0.0 0.1 0.002 0.061 0.0 0.1 0.002 0.0 0.044 0.0 0.0 0.0 0.0 0.0 0.1 0.053 0.1 0.014 0.002 0.045 0.0 0.061 0.005 0.005 0.0 0.1 0.1 0.068 0.0 0.005 0.084 0.041
0.1 0.0 0.0 0.0 0.0 0.0 0.0 0.0 0.0 0.0 0.0 0.0 0.0 0.0 0.0 0.0 0.0 0.0 0.0 0.0 0.1 0.04 0.0 0.1 0.0 0.1 0.1 0.1 0.0 0.08 0.0 0.084 0.036 0.005 0.013 0.1 0.045 0.1 0.053 0.1 0.005 0.0 0.1 0.1 0.0 0.0 0.0 0.1 0.1 0.0 0.08 0.0 0.08 0.0 0.1 0.08 0.084 0.076 0.0 0.1 0.1 0.1 0.092 0.037 0.013 0.002 0.0 0.08 0.1 0.1 0.0 0.005 0.037 0.021 0.045 0.052 0.0 0.076
0.0 0.0 0.0 0.0 0.0 0.0 0.0 0.0 0.0 0.0 0.0 0.0 0.0 0.0 0.0 0.0 0.0 0.0 0.0 0.06 0.0 0.1 0.02 0.0 0.0 0.0 0.1 0.0 0.04 0.1 0.06 0.0 0.021 0.005 0.036 0.1 0.037 0.1 0.092 0.1 0.1 0.045 0.068 0.041 0.1 0.0 0.0 0.1 0.0 0.0 0.08 0.061 0.0 0.08 0.0 0.0 0.045 0.076 0.005 0.022 0.1 0.002 0.0 0.0 0.005 0.005 0.0 0.1 0.029 0.1 0.0 0.005 0.1 0.1 0.1 0.1 0.001 0.001
0.059 0.0 0.0 0.0 0.0 0.0 0.0 0.0 0.0 0.0 0.0 0.0 0.0 0.0 0.0 0.0 0.08 0.08 0.08 0.0 0.0 0.0 0.0 0.08 0.0 0.1 0.0 0.0 0.02 0.0 0.0 0.0 0.1 0.004 0.1 0.1 0.021 0.1 0.076 0.1 0.1 0.013 0.092 0.021 0.021 0.1 0.1 0.08 0.0 0.002 0.0 0.061 0.0 0.08 0.1 0.0 0.041 0.0 0.092 0.053 0.021 0.0 0.0 0.002 0.0 0.08 0.041 0.1 0.1 0.037 0.052 0.1 0.021 0.005 0.036 0.06 0.036 0.036
0.0 0.1 0.1 0.0 0.0 0.0 0.0 0.0 0.0 0.0 0.0 0.0 0.0 0.0 0.0 0.0 0.1 0.0 0.0 0.04 0.0 0.0 0.0 0.1 0.1 0.0 0.1 0.06 0.0 0.1 0.0 0.0 0.0 0.0 0.0 0.0 0.1 0.052 0.1 0.084 0.044 0.037 0.045 0.092 0.029 0.037 0.013 0.1 0.092 0.092 0.0 0.1 0.0 0.1 0.076 0.061 0.092 0.0 0.084 0.0 0.1 0.0 0.08 0.08 0.005 0.1 0.1 0.045 0.021 0.0 0.06 0.068 0.15 0.005 0.028 0.084 0.092 0.012
0.0 0.0 0.0 0.0 0.0 0.0 0.0 0.0 0.0 0.0 0.0 0.0 0.0 0.0 0.0 0.0 0.0 0.0 0.0 0.02 0.0 0.0 0.0 0.04 0.1 0.1 0.0 0.08 0.0 0.1 0.1 0.1 0.1 0.1 0.012 0.004 0.1 0.084 0.005 0.044 0.005 0.052 0.0 0.005 0.1 0.076 0.013 0.045 0.052 0.005 0.029 0.084 0.1 0.005 0.1 0.0 0.041 0.029 0.029 0.029 0.0 0.061 0.0 0.061 0.06 0.1 0.0 0.068 0.068 0.0 0.06 0.044 0.06 0.1 0.15 0.06 0.126 0.0
0.0 0.0 0.0 0.1 0.0 0.0 0.0 0.0 0.0 0.0 0.0 0.0 0.0 0.0 0.0 0.0 0.0 0.0 0.0 0.1 0.0 0.0 0.0 0.0 0.1 0.06 0.0 0.0 0.1 0.1 0.028 0.0 0.0 0.076 0.004 0.084 0.0 0.092 0.004 0.084 0.028 0.005 0.1 0.0 0.1 0.084 0.142 0.138 0.15 0.029 0.06 0.005 0.045 0.037 0.1 0.0 0.021 0.005 0.013 0.061 0.1 0.068 0.08 0.0 0.1 0.029 0.021 0.005 0.044 0.0 0.044 0.028 0.1 0.0 0.06 0.0 0.04 0.15
0.0 0.08 0.001 0.002 0.0 0.0 0.0 0.0 0.0 0.0 0.0 0.0 0.0 0.0 0.0 0.0 0.0 0.0 0.06 0.1 0.04 0.0 0.1 0.0 0.1 0.0 0.1 0.1 0.0 0.0 0.1 0.076 0.06 0.0 0.0 0.06 0.1 0.084 0.052 0.068 0.02 0.076 0.044 0.0 0.0 0.092 0.102 0.005 0.044 0.052 0.029 0.0 0.0 0.0 0.1 0.1 0.08 0.052 0.037 0.0 0.1 0.036 0.06 0.0 0.1 0.1 0.1 0.021 0.1 0.001 0.0 0.028 0.0 0.1 0.1 0.004 0.052 0.0
0.0 0.0 0.092 0.059 0.0 0.0 0.0 0.0 0.0 0.0 0.0 0.0 0.0 0.0 0.1 0.1 0.0 0.0 0.019 0.0 0.02 0.1 0.0 0.04 0.0 0.0 0.0 0.0 0.0 0.0 0.044 0.0 0.0 0.0 0.1 0.001 0.06 0.08 0.1 0.0 0.004 0.076 0.001 0.1 0.076 0.068 0.005 0.076 0.092 0.1 0.1 0.021 0.068 0.021 0.005 0.0 0.076 0.0 0.1 0.0 0.0 0.0 0.0 0.08 0.041 0.0 0.021 0.0 0.021 0.004 0.052 0.092 0.0 0.02 0.02 0.012 0.0 0.0
0.0 0.075 0.039 0.0 0.1 0.0 0.0 0.0 0.0 0.0 0.0 0.0 0.0 0.1 0.019 0.0 0.019 0.0 0.06 0.0 0.0 0.1 0.1 0.04 0.08 0.084 0.003 0.1 0.092 0.0 0.1 0.02 0.0 0.0 0.076 0.1 0.0 0.0 0.0 0.0 0.0 0.076 0.0 0.092 0.076 0.036 0.0 0.036 0.068 0.1 0.06 0.101 0.052 0.109 0.113 0.077 0.005 0.138 0.0 0.06 0.084 0.02 0.004 0.1 0.084 0.02 0.0 0.1 0.1 0.0 0.004 0.1 0.004 0.0 0.0 0.036 0.012 0.02
0.0 0.0 0.039 0.0 0.0 0.0 0.0 0.0 0.0 0.0 0.0 0.0 0.0 0.059 0.06 0.0 0.06 0.1 0.1 0.0 0.0 0.0 0.1 0.003 0.0 0.1 0.1 0.0 0.068 0.028 0.0 0.1 0.08 0.0 0.1 0.0 0.1 0.04 0.0 0.1 0.1 0.0 0.0 0.0 0.0 0.0 0.0 0.0 0.044 0.0 0.021 0.0 0.036 0.068 0.0 0.012 0.1 0.092 0.004 0.1 0.084 0.1 0.092 0.012 0.092 0.1 0.044 0.1 0.1 0.0 0.044 0.076 0.1 0.02 0.0 0.1 0.052 0.1
0.0 0.1 0.039 0.059 0.1 0.0 0.0 0.0 0.0 0.0 0.0 0.0 0.1 0.0 0.0 0.0 0.0 0.1 0.1 0.0 0.1 0.043 0.06 0.0 0.1 0.0 0.0 0.0 0.0 0.1 0.04 0.02 0.1 0.0 0.0 0.0 0.0 0.02 0.0 0.0 0.0 0.06 0.08 0.0 0.0 0.06 0.1 0.0 0.0 0.15 0.0 0.1 0.04 0.0 0.052 0.068 0.117 0.084 0.0 0.0 0.06 0.028 0.02 0.052 0.036 0.04 0.06 0.1 0.0 0.1 0.004 0.1 0.1 0.1 0.1 0.052 0.0 0.0
0.0 0.0 0.0 0.039 0.0 0.0 0.0 0.0 0.0 0.0 0.0 0.0 0.1 0.1 0.0 0.0 0.0 0.0 0.0 0.039 0.0 0.019 0.0 0.04 0.0 0.0 0.0 0.04 0.0 0.0 0.08 0.04 0.0 0.0 0.0 0.0 0.06 0.0 0.06 0.1 0.0 0.02 0.084 0.0 0.068 0.0 0.08 0.0 0.1 0.146 0.122 0.1 0.052 0.076 0.0 0.028 0.125 0.004 0.0 0.068 0.004 0.1 0.1 0.028 0.028 0.1 0.08 0.0 0.0 0.08 0.04 0.052 0.004 0.06 0.092 0.0 0.0 0.0
0.0 0.1 0.0 0.079 0.1 0.0 0.0 0.0 0.0 0.0 0.0 0.019 0.059 0.1 0.0 0.08 0.0 0.0 0.08 0.035 0.0 0.08 0.0 0.06 0.1 0.0 0.0 0.0 0.02 0.1 0.0 0.0 0.0 0.0 0.0 0.0 0.0 0.1 0.084 0.0 0.028 0.0 0.004 0.1 0.1 0.052 0.02 0.1 0.1 0.08 0.0 0.15 0.04 0.1 0.076 0.15 0.028 0.036 0.1 0.044 0.0 0.1 0.0 0.0 0.1 0.1 0.0 0.028 0.036 0.0 0.036 0.06 0.1 0.1 0.004 0.1 0.0 0.08
0.059 0.1 0.079 0.0 0.058 0.1 0.0 0.0 0.0 0.0 0.0 0.0 0.0 0.0 0.1 0.019 0.08 0.059 0.08 0.0 0.1 0.0 0.0 0.0 0.0 0.1 0.1 0.06 0.1 0.0 0.04 0.0 0.1 0.06 0.08 0.0 0.02 0.1 0.028 0.1 0.0 0.0 0.1 0.052 0.04 0.08 0.0 0.0 0.1 0.0 0.0 0.0 0.0 0.0 0.0 0.15 0.1 0.04 0.1 0.044 0.1 0.0 0.084 0.052 0.0 0.06 0.06 0.004 0.1 0.1 0.036 0.1 0.02 0.028 0.0 0.0 0.0 0.0
0.0 0.0 0.0 0.1 0.0 0.1 0.0 0.0 0.0 0.0 0.1 0.08 0.0 0.059 0.0 0.0 0.039 0.0 0.0 0.1 0.0 0.0 0.08 0.08 0.0 0.08 0.04 0.1 0.0 0.06 0.1 0.0 0.1 0.0 0.1 0.0 0.0 0.0 0.0 0.1 0.0 0.0 0.02 0.0 0.004 0.044 0.1 0.0 0.0 0.0 0.0 0.105 0.068 0.0 0.02 0.004 0.0 0.1 0.012 0.1 0.0 0.028 0.076 0.0 0.0 0.036 0.0 0.052 0.044 0.0 0.04 0.004 0.0 0.1 0.0 0.1 0.0 0.0
0.0 0.1 0.1 0.1 0.0 0.0 0.0 0.0 0.0 0.0 0.0 0.0 0.0 0.1 0.1 0.0 0.0 0.0 0.0 0.0 0.0 0.0 0.0 0.1 0.06 0.0 0.0 0.0 0.1 0.0 0.0 0.0 0.0 0.0 0.1 0.0 0.1 0.0 0.02 0.08 0.1 0.0 0.06 0.02 0.0 0.0 0.1 0.0 0.06 0.0 0.0 0.0 0.092 0.0 0.043 0.044 0.06 0.004 0.004 0.044 0.06 0.076 0.0 0.1 0.012 0.04 0.0 0.1 0.028 0.0 0.1 0.0 0.0 0.0 0.0 0.0 0.04 0.1
0.0 0.018 0.0 0.0 0.1 0.0 0.0 0.0 0.0 0.0 0.1 0.08 0.059 0.0 0.0 0.0 0.019 0.1 0.039 0.0 0.0 0.0 0.1 0.0 0.0 0.0 0.0 0.06 0.0 0.06 0.0 0.06 0.02 0.04 0.0 0.0 0.1 0.1 0.0 0.04 0.0 0.0 0.117 0.138 0.0 0.06 0.0 0.0 0.0 0.0 0.06 0.0 0.0 0.13 0.1 0.02 0.06 0.1 0.044 0.1 0.028 0.004 0.06 0.1 0.08 0.0 0.052 0.0 0.004 0.0 0.0 0.092 0.1 0.02 0.1 0.02 0.0 0.0
