static/jobfarm/user_models/minyf/common/HOME-GBHM/输出文件/Output/Grids/Eact20020225.asc
ncols 221
nrows 204
xllcorner -627000.0
yllcorner 3955000.0
cellsize 900.0
NODATA_value -9999.0
[rows 33 to 65 of 204, columns 0 to 73 of 221]
-9999.0 -9999.0 -9999.0 -9999.0 -9999.0 -9999.0 -9999.0 -9999.0 -9999.0 -9999.0 -9999.0 -9999.0 -9999.0 -9999.0 -9999.0 -9999.0 -9999.0 -9999.0 -9999.0 -9999.0 -9999.0 -9999.0 -9999.0 -9999.0 -9999.0 -9999.0 -9999.0 -9999.0 -9999.0 -9999.0 -9999.0 -9999.0 -9999.0 -9999.0 0.732 0.73 0.393 0.392 0.725 0.722 0.72 0.383 0.658 0.705 1.239 1.238 0.472 1.236 0.7 1.234 0.684 0.681 0.679 0.677 0.367 0.804 1.227 1.226 0.645 1.224 0.508 1.222 1.218 1.219 1.218 1.216 0.672 0.644 0.643 0.989 0.665 0.777 1.204 0.672
-9999.0 -9999.0 -9999.0 -9999.0 -9999.0 -9999.0 -9999.0 -9999.0 -9999.0 -9999.0 -9999.0 -9999.0 -9999.0 -9999.0 -9999.0 -9999.0 -9999.0 -9999.0 -9999.0 -9999.0 -9999.0 -9999.0 -9999.0 -9999.0 -9999.0 -9999.0 -9999.0 -9999.0 -9999.0 -9999.0 -9999.0 -9999.0 -9999.0 0.548 0.737 0.733 0.732 0.73 0.393 0.405 0.707 0.588 0.314 0.583 0.627 0.657 1.237 0.598 0.882 0.635 1.234 0.683 0.681 0.679 0.678 0.37 0.669 0.67 0.668 1.219 1.223 0.4 1.22 1.219 1.217 1.216 0.624 0.675 0.675 0.424 0.641 0.64 1.205 1.128
-9999.0 -9999.0 -9999.0 -9999.0 -9999.0 -9999.0 -9999.0 -9999.0 -9999.0 -9999.0 -9999.0 -9999.0 -9999.0 -9999.0 -9999.0 -9999.0 -9999.0 -9999.0 -9999.0 -9999.0 -9999.0 -9999.0 -9999.0 -9999.0 -9999.0 -9999.0 -9999.0 -9999.0 -9999.0 -9999.0 -9999.0 -9999.0 -9999.0 0.483 0.739 0.394 0.396 0.661 0.762 0.66 0.711 0.587 0.405 0.344 0.391 1.228 1.234 0.652 0.656 0.697 0.655 0.396 0.686 0.938 0.68 0.678 0.369 0.671 0.669 0.667 0.644 1.222 0.647 1.219 1.216 0.645 0.644 0.823 0.657 1.21 0.726 0.667 0.639 0.638
-9999.0 -9999.0 -9999.0 -9999.0 -9999.0 -9999.0 -9999.0 -9999.0 -9999.0 -9999.0 -9999.0 -9999.0 -9999.0 -9999.0 -9999.0 -9999.0 -9999.0 -9999.0 -9999.0 -9999.0 -9999.0 -9999.0 -9999.0 -9999.0 -9999.0 -9999.0 -9999.0 -9999.0 -9999.0 -9999.0 -9999.0 -9999.0 -9999.0 -9999.0 0.433 0.392 0.662 0.661 0.651 0.582 0.314 0.32 0.312 0.658 1.237 0.585 0.623 0.647 0.655 0.655 0.655 0.381 0.372 0.708 0.369 0.677 1.203 0.393 0.365 0.668 1.222 1.221 0.55 0.482 1.217 0.481 0.48 1.213 0.449 1.209 0.422 1.204 1.202 1.202
-9999.0 -9999.0 -9999.0 -9999.0 -9999.0 -9999.0 -9999.0 -9999.0 -9999.0 -9999.0 -9999.0 -9999.0 -9999.0 -9999.0 -9999.0 -9999.0 -9999.0 -9999.0 -9999.0 -9999.0 -9999.0 -9999.0 -9999.0 -9999.0 -9999.0 -9999.0 -9999.0 -9999.0 -9999.0 -9999.0 -9999.0 -9999.0 -9999.0 -9999.0 -9999.0 0.392 0.49 0.653 0.652 0.461 0.66 0.386 1.242 0.54 0.591 0.593 0.657 0.656 0.656 0.655 0.377 0.377 0.402 0.653 0.653 0.68 0.373 0.674 0.671 0.365 0.366 0.595 0.928 1.216 1.178 1.184 1.213 1.212 0.642 1.209 0.465 0.477 0.47 0.637
-9999.0 -9999.0 -9999.0 -9999.0 -9999.0 -9999.0 -9999.0 -9999.0 -9999.0 -9999.0 -9999.0 -9999.0 -9999.0 -9999.0 -9999.0 -9999.0 -9999.0 -9999.0 -9999.0 -9999.0 -9999.0 -9999.0 -9999.0 -9999.0 -9999.0 -9999.0 -9999.0 -9999.0 -9999.0 -9999.0 -9999.0 -9999.0 -9999.0 -9999.0 -9999.0 0.663 0.748 0.655 0.198 0.661 0.324 0.715 0.73 1.235 0.591 1.24 0.657 0.657 0.656 0.381 0.697 0.654 0.654 0.653 0.653 0.652 0.651 0.367 0.673 0.649 1.222 1.221 1.22 0.646 0.646 0.645 1.128 1.211 0.642 1.209 0.644 0.455 0.64 1.201
-9999.0 -9999.0 -9999.0 -9999.0 -9999.0 -9999.0 -9999.0 -9999.0 -9999.0 -9999.0 -9999.0 -9999.0 -9999.0 -9999.0 -9999.0 -9999.0 -9999.0 -9999.0 -9999.0 -9999.0 -9999.0 -9999.0 -9999.0 -9999.0 -9999.0 -9999.0 -9999.0 -9999.0 -9999.0 -9999.0 -9999.0 -9999.0 -9999.0 -9999.0 -9999.0 0.664 0.393 0.425 0.611 0.623 0.661 0.557 0.657 1.242 1.241 0.658 1.239 0.657 0.418 1.236 0.441 0.394 1.232 0.653 0.653 0.521 0.651 0.651 0.688 0.649 0.88 0.368 0.647 0.646 0.646 0.645 1.213 1.212 1.21 0.484 1.207 1.204 1.203 1.201
-9999.0 -9999.0 -9999.0 -9999.0 -9999.0 -9999.0 -9999.0 -9999.0 -9999.0 -9999.0 -9999.0 -9999.0 -9999.0 -9999.0 -9999.0 -9999.0 -9999.0 -9999.0 -9999.0 -9999.0 -9999.0 -9999.0 -9999.0 -9999.0 -9999.0 -9999.0 -9999.0 -9999.0 -9999.0 -9999.0 -9999.0 -9999.0 -9999.0 -9999.0 0.248 0.251 0.435 0.663 0.662 0.749 1.203 1.106 1.244 1.243 0.659 0.658 1.239 1.238 1.237 0.712 0.655 0.655 0.654 0.653 0.653 1.229 1.224 1.226 0.693 0.649 0.712 1.221 0.647 0.646 1.217 0.63 1.213 1.212 1.208 0.641 1.206 0.639 0.638 0.637
-9999.0 -9999.0 -9999.0 -9999.0 -9999.0 -9999.0 -9999.0 -9999.0 -9999.0 -9999.0 -9999.0 -9999.0 -9999.0 -9999.0 -9999.0 -9999.0 -9999.0 -9999.0 -9999.0 -9999.0 -9999.0 -9999.0 -9999.0 -9999.0 -9999.0 -9999.0 -9999.0 -9999.0 -9999.0 -9999.0 -9999.0 -9999.0 -9999.0 -9999.0 -9999.0 0.251 0.435 0.435 0.434 0.29 0.419 0.436 1.244 0.73 0.659 1.241 1.24 0.657 0.424 0.43 0.655 1.234 1.233 1.232 1.23 1.226 1.228 0.651 1.225 0.649 1.222 1.221 0.613 0.628 0.646 1.215 0.659 1.212 0.642 1.208 0.64 1.204 0.638 1.2
-9999.0 -9999.0 -9999.0 -9999.0 -9999.0 -9999.0 -9999.0 -9999.0 -9999.0 -9999.0 -9999.0 -9999.0 -9999.0 -9999.0 -9999.0 -9999.0 -9999.0 -9999.0 -9999.0 -9999.0 -9999.0 -9999.0 -9999.0 -9999.0 -9999.0 -9999.0 -9999.0 -9999.0 -9999.0 -9999.0 -9999.0 -9999.0 -9999.0 -9999.0 -9999.0 0.287 0.435 0.418 0.435 0.662 0.434 0.661 0.433 0.423 0.432 0.427 0.431 0.431 0.43 0.43 0.656 0.855 1.233 0.654 1.231 0.652 1.228 1.227 1.225 0.649 1.22 1.221 0.647 0.646 0.646 0.645 0.669 1.212 1.209 1.208 1.206 1.204 1.202 1.2
-9999.0 -9999.0 -9999.0 -9999.0 -9999.0 -9999.0 -9999.0 -9999.0 -9999.0 -9999.0 -9999.0 -9999.0 -9999.0 -9999.0 -9999.0 -9999.0 -9999.0 -9999.0 -9999.0 -9999.0 -9999.0 0.676 -9999.0 -9999.0 -9999.0 -9999.0 -9999.0 -9999.0 -9999.0 -9999.0 -9999.0 -9999.0 -9999.0 -9999.0 0.295 0.283 0.436 0.291 0.29 0.29 0.29 0.434 0.29 0.433 0.288 0.296 0.292 0.293 0.431 0.43 0.43 0.655 1.234 0.429 0.653 1.23 1.228 1.227 0.65 0.65 0.647 0.648 0.647 0.646 0.646 0.645 0.669 1.211 0.642 1.204 1.203 1.2 1.199 1.196
-9999.0 -9999.0 -9999.0 -9999.0 -9999.0 -9999.0 -9999.0 -9999.0 -9999.0 -9999.0 -9999.0 -9999.0 -9999.0 -9999.0 -9999.0 -9999.0 0.446 0.445 0.679 1.276 0.677 0.676 0.675 0.675 0.674 0.314 0.31 -9999.0 -9999.0 -9999.0 -9999.0 -9999.0 -9999.0 -9999.0 0.295 0.294 0.436 0.306 0.435 0.305 0.297 0.302 0.29 0.291 0.464 0.3 0.659 0.658 0.426 0.43 0.656 0.43 0.416 0.429 0.653 0.653 1.229 1.227 0.65 0.65 1.223 0.648 0.647 0.646 0.646 1.215 0.677 0.717 0.642 0.641 0.618 1.201 0.399 1.197
-9999.0 -9999.0 -9999.0 -9999.0 -9999.0 -9999.0 -9999.0 -9999.0 -9999.0 -9999.0 -9999.0 -9999.0 -9999.0 -9999.0 0.451 0.367 0.44 0.446 0.445 0.679 0.678 0.676 0.676 0.675 0.314 0.315 0.312 0.314 -9999.0 -9999.0 -9999.0 -9999.0 0.42 0.297 0.296 0.295 0.306 0.665 0.435 0.435 0.305 0.434 0.294 0.297 0.292 0.292 0.287 0.658 0.431 0.431 0.43 0.43 0.429 0.654 0.428 0.653 1.229 0.651 0.651 1.225 1.223 1.222 1.22 1.218 0.646 0.644 0.688 0.669 0.421 0.42 0.64 1.2 0.406 1.158
-9999.0 -9999.0 -9999.0 -9999.0 -9999.0 -9999.0 -9999.0 -9999.0 -9999.0 -9999.0 -9999.0 -9999.0 -9999.0 -9999.0 0.448 0.553 0.536 0.41 0.333 0.445 0.531 0.678 0.676 0.676 0.483 0.305 0.305 0.322 0.315 0.316 0.299 0.286 0.286 0.416 0.296 0.296 0.31 0.309 0.436 0.391 0.317 0.434 0.434 0.433 0.433 0.3 0.407 0.296 0.431 0.431 0.43 0.43 0.429 0.429 0.428 0.653 0.652 0.652 0.651 0.65 0.649 1.222 0.648 0.647 1.217 1.215 1.214 1.212 0.686 0.42 0.419 0.277 0.404 0.411
-9999.0 -9999.0 -9999.0 -9999.0 -9999.0 -9999.0 -9999.0 -9999.0 -9999.0 -9999.0 -9999.0 -9999.0 0.45 0.335 0.449 0.448 0.337 0.324 0.675 0.446 0.665 0.679 0.678 0.504 0.676 0.463 0.49 0.327 0.322 0.307 0.299 0.299 0.286 0.669 0.301 0.296 0.31 0.659 0.665 0.403 0.418 0.286 0.417 0.434 0.292 0.293 0.289 0.288 0.431 0.658 0.431 0.43 0.656 0.429 0.654 0.653 0.653 0.652 0.651 0.65 0.649 0.649 0.648 0.647 1.217 1.216 0.271 0.289 0.283 0.42 0.42 0.273 0.327 0.355
-9999.0 -9999.0 -9999.0 -9999.0 -9999.0 -9999.0 -9999.0 -9999.0 -9999.0 -9999.0 -9999.0 -9999.0 -9999.0 0.306 0.306 0.321 0.305 0.331 0.447 0.446 0.588 0.679 0.679 0.67 1.275 1.274 1.272 0.674 0.441 0.314 0.405 0.438 0.439 0.67 0.438 0.438 0.437 0.356 0.36 0.373 0.359 0.359 0.435 0.361 0.434 0.368 0.519 0.432 0.415 0.43 0.431 0.43 0.656 0.429 0.634 0.654 0.653 0.652 0.651 0.65 0.65 0.649 0.648 0.647 0.703 0.423 0.268 0.268 0.268 0.212 0.267 0.266 0.269 0.266
-9999.0 -9999.0 -9999.0 -9999.0 -9999.0 -9999.0 -9999.0 -9999.0 -9999.0 -9999.0 -9999.0 -9999.0 -9999.0 0.315 0.437 0.314 0.314 0.326 0.68 0.681 0.681 0.68 0.679 0.678 1.277 1.275 1.274 1.272 0.674 0.673 0.441 0.672 0.44 0.435 0.439 0.438 0.435 0.361 0.305 0.368 0.359 0.359 0.435 0.285 0.351 0.368 0.433 0.432 0.659 0.292 0.431 0.43 0.43 0.196 1.373 0.654 0.653 0.652 0.651 0.651 0.65 0.649 1.221 0.709 0.708 0.423 0.269 0.268 0.268 0.268 0.267 0.267 0.266 0.267
-9999.0 -9999.0 -9999.0 -9999.0 -9999.0 -9999.0 -9999.0 -9999.0 -9999.0 -9999.0 -9999.0 -9999.0 -9999.0 0.321 0.31 0.308 0.305 0.446 0.448 0.683 0.682 0.681 0.68 0.679 1.278 0.678 0.676 0.676 0.675 1.27 1.269 1.267 0.672 0.664 0.435 0.439 0.428 0.361 0.361 0.371 0.333 0.514 0.37 0.351 0.369 0.368 0.36 0.433 0.66 0.659 0.658 0.431 1.377 0.287 1.374 0.276 0.653 0.653 0.652 1.227 0.65 1.223 0.711 0.711 0.722 0.423 0.269 0.269 0.268 0.26 0.268 0.267 0.268 0.261
-9999.0 -9999.0 -9999.0 -9999.0 -9999.0 -9999.0 -9999.0 -9999.0 -9999.0 -9999.0 -9999.0 -9999.0 -9999.0 0.323 0.312 0.448 0.447 0.446 0.449 0.448 0.683 0.682 0.681 0.68 1.28 0.678 0.677 1.275 0.807 1.138 1.27 1.269 0.441 0.437 0.363 0.55 0.37 0.361 0.353 0.371 0.371 0.528 0.37 0.369 0.57 0.551 1.247 0.546 0.66 1.242 1.241 1.239 0.657 1.376 1.235 1.233 1.232 1.23 1.224 1.227 0.72 1.126 1.053 0.714 0.424 0.423 0.262 0.269 0.269 0.26 0.268 0.268 0.262 0.305
-9999.0 -9999.0 -9999.0 -9999.0 -9999.0 -9999.0 -9999.0 -9999.0 -9999.0 -9999.0 -9999.0 -9999.0 0.323 0.323 0.316 0.312 0.31 0.31 0.449 0.684 0.448 0.683 0.682 1.283 0.824 1.28 1.271 1.277 1.275 1.273 1.272 0.442 0.438 0.353 0.37 0.376 0.54 0.549 0.517 0.437 0.667 0.666 0.665 1.251 0.664 0.662 1.247 1.245 1.245 0.66 1.242 1.24 1.239 1.237 1.236 1.234 1.232 1.231 0.652 0.651 0.723 1.129 1.214 1.221 0.647 0.705 0.368 0.672 0.668 0.269 0.268 0.268 0.297 0.269
-9999.0 -9999.0 -9999.0 -9999.0 -9999.0 -9999.0 -9999.0 -9999.0 -9999.0 0.325 0.339 0.455 0.325 0.325 0.321 0.32 0.326 0.311 0.447 0.449 0.679 0.684 0.431 1.285 1.283 1.281 1.28 0.823 1.276 0.676 0.443 0.441 0.442 0.441 0.302 0.359 0.362 0.801 0.669 1.258 1.257 1.255 1.254 1.252 1.251 0.663 1.248 1.246 1.245 1.244 0.659 0.757 0.658 1.238 1.236 1.235 1.233 1.232 1.23 1.228 1.227 0.65 1.223 0.648 1.22 1.218 0.37 0.674 0.67 0.418 0.367 0.659 0.41 0.378
-9999.0 -9999.0 -9999.0 -9999.0 -9999.0 -9999.0 -9999.0 -9999.0 -9999.0 0.334 0.332 0.455 0.442 0.454 0.453 0.691 0.45 0.44 0.449 0.445 0.686 0.684 0.448 0.414 0.325 0.446 0.446 0.445 0.444 0.303 0.443 0.425 0.306 0.442 0.392 0.3 0.541 1.263 1.262 1.26 1.258 1.256 0.664 0.664 0.664 0.663 0.662 0.661 0.415 0.661 0.501 1.242 1.24 0.657 1.237 0.617 1.234 1.232 0.729 1.229 1.222 0.65 1.221 1.222 1.22 1.219 1.217 1.131 0.644 0.643 1.209 0.429 1.205 0.458
-9999.0 -9999.0 -9999.0 -9999.0 -9999.0 -9999.0 -9999.0 -9999.0 -9999.0 0.341 0.329 0.344 0.455 0.355 0.454 0.453 0.453 0.449 0.683 0.329 0.45 0.682 0.417 0.443 0.314 0.447 0.443 0.446 0.432 0.44 0.444 0.307 0.306 0.405 0.645 0.527 0.359 0.355 0.557 0.669 1.259 1.258 0.667 1.255 1.253 0.663 1.25 0.662 0.66 0.661 0.66 0.659 0.635 1.239 1.238 0.553 0.532 1.233 0.908 1.23 1.228 0.651 1.225 0.645 0.648 0.581 0.646 0.645 0.644 0.643 1.21 1.207 0.481 0.639
-9999.0 -9999.0 -9999.0 -9999.0 -9999.0 -9999.0 -9999.0 -9999.0 -9999.0 0.334 0.33 0.329 0.453 0.926 0.694 0.454 0.453 0.691 0.452 0.687 0.451 0.686 0.449 0.446 0.32 0.302 0.299 0.315 0.309 0.444 0.444 0.307 0.309 0.307 0.308 0.309 0.352 0.363 1.264 1.262 0.669 0.668 0.667 0.667 0.666 0.665 0.663 0.663 0.662 1.246 0.661 0.659 1.242 0.657 0.657 0.656 0.656 1.233 0.654 1.23 0.652 0.651 1.225 0.649 0.648 1.22 0.646 0.645 0.644 0.643 1.21 0.641 0.481 0.639
-9999.0 -9999.0 -9999.0 -9999.0 -9999.0 -9999.0 -9999.0 -9999.0 -9999.0 0.344 0.341 0.343 0.454 0.456 0.455 1.308 1.105 1.304 1.302 0.69 0.683 0.681 0.448 0.447 0.32 0.316 0.338 0.336 0.3 0.445 0.445 0.322 0.319 0.312 0.312 0.315 0.364 0.356 0.374 0.439 1.262 0.669 0.667 0.666 0.666 0.665 1.253 0.663 1.249 1.247 1.246 0.66 0.659 0.659 1.238 0.657 0.656 0.655 0.654 0.653 0.652 0.651 1.226 0.65 0.649 0.648 0.647 1.217 0.645 0.644 0.643 0.43 0.64 1.205
-9999.0 -9999.0 -9999.0 -9999.0 -9999.0 -9999.0 -9999.0 -9999.0 0.939 0.342 0.345 0.343 0.458 0.457 0.456 0.455 1.308 1.291 1.303 1.301 0.687 0.689 0.681 0.681 0.328 0.33 0.331 0.335 0.317 0.317 0.315 0.315 0.454 0.455 0.313 0.295 0.364 0.362 0.328 0.374 0.439 0.439 0.669 0.668 1.256 0.666 0.665 0.664 1.25 0.572 0.662 1.246 1.244 0.659 1.24 0.657 1.228 1.236 1.234 1.231 0.652 0.652 0.651 0.65 1.223 0.648 0.647 1.216 0.645 1.211 0.643 1.21 0.429 1.205
-9999.0 -9999.0 -9999.0 -9999.0 -9999.0 -9999.0 -9999.0 -9999.0 0.93 0.486 0.345 0.342 0.458 0.453 1.309 0.456 1.31 1.308 0.693 0.692 1.301 0.69 0.451 0.451 0.33 0.458 0.437 0.439 0.852 0.848 0.846 0.313 0.308 0.308 0.313 0.309 0.323 0.428 0.45 0.52 0.532 0.439 0.669 0.669 0.668 0.667 1.254 1.252 1.252 1.25 1.248 1.247 1.245 1.243 0.659 0.658 0.657 0.656 1.235 1.232 0.653 1.226 0.647 0.649 0.649 0.648 0.647 1.216 1.215 0.644 0.643 0.642 1.208 0.64
-9999.0 -9999.0 -9999.0 -9999.0 -9999.0 -9999.0 -9999.0 -9999.0 1.329 1.327 0.606 0.415 0.34 0.35 0.354 0.457 0.696 0.695 0.694 0.686 1.302 1.301 0.689 0.451 0.449 0.337 0.425 0.419 0.416 0.849 0.871 0.808 0.803 0.296 0.31 0.307 0.294 0.293 0.29 0.289 0.781 1.265 1.263 0.669 1.258 1.257 1.256 1.233 0.658 1.251 1.249 1.247 0.528 0.66 1.242 0.498 0.658 0.657 1.236 1.189 1.232 1.229 0.648 1.225 0.648 0.648 1.219 0.647 0.646 0.645 0.644 1.209 1.209 0.429
-9999.0 -9999.0 -9999.0 -9999.0 -9999.0 -9999.0 -9999.0 -9999.0 -9999.0 0.932 1.327 0.345 0.342 0.349 0.346 0.452 0.697 0.696 0.686 0.694 1.304 1.302 1.301 1.299 0.688 0.546 0.303 0.426 0.417 0.853 0.445 0.847 0.807 1.153 0.296 0.442 0.307 0.308 0.291 0.349 0.441 0.78 0.415 1.011 1.261 0.668 1.257 1.256 0.493 1.252 0.43 1.249 1.247 0.386 1.244 1.241 0.658 1.238 1.237 1.234 0.654 1.231 0.641 0.651 1.226 0.645 0.648 0.647 0.646 1.216 0.644 1.212 1.21 0.429
-9999.0 -9999.0 -9999.0 -9999.0 -9999.0 -9999.0 -9999.0 -9999.0 -9999.0 -9999.0 0.489 0.945 0.478 0.343 0.357 0.699 0.698 0.697 0.696 1.309 0.694 1.305 1.303 1.301 0.689 0.688 0.519 0.831 0.826 0.823 0.422 0.439 0.436 0.666 0.42 0.477 0.407 0.292 0.307 0.291 0.29 0.403 0.784 1.264 0.798 1.26 0.668 0.415 0.465 0.782 1.252 0.764 0.476 1.246 1.245 1.243 1.241 1.239 1.238 0.656 1.234 1.232 0.653 0.652 0.651 0.65 1.222 1.22 1.217 1.215 1.215 1.213 1.211 1.209
-9999.0 -9999.0 -9999.0 -9999.0 -9999.0 -9999.0 -9999.0 -9999.0 -9999.0 -9999.0 -9999.0 0.518 0.928 0.478 0.545 0.932 0.502 0.695 1.314 0.696 0.695 1.306 1.305 0.692 0.69 0.688 0.45 0.448 1.293 1.291 1.289 1.287 0.817 0.418 0.353 0.457 0.409 0.799 0.308 0.307 0.79 0.404 0.294 1.265 0.781 1.262 0.798 0.661 1.256 1.255 1.253 0.587 0.476 0.426 0.78 0.66 1.242 1.24 1.239 1.237 0.753 1.233 1.231 0.652 0.651 1.226 0.649 0.648 0.647 0.646 0.636 0.422 1.212 1.21
-9999.0 -9999.0 -9999.0 -9999.0 -9999.0 -9999.0 -9999.0 -9999.0 -9999.0 -9999.0 -9999.0 1.322 0.548 0.941 0.551 0.946 1.031 1.318 1.316 0.697 0.696 1.307 0.694 1.304 0.889 0.902 1.299 0.87 0.851 0.839 0.838 1.289 1.287 1.285 0.341 0.87 0.817 0.424 0.41 0.429 0.413 0.291 0.83 0.804 0.793 0.789 1.261 1.259 1.258 0.529 0.493 0.611 1.251 0.437 1.246 1.245 0.777 0.617 1.24 1.238 1.236 1.234 0.872 1.231 1.225 1.227 1.225 1.222 1.221 1.219 1.217 0.645 1.213 0.329
-9999.0 -9999.0 -9999.0 -9999.0 -9999.0 -9999.0 -9999.0 -9999.0 -9999.0 -9999.0 -9999.0 -9999.0 0.952 1.329 0.955 0.703 0.702 1.318 1.318 0.698 0.697 1.311 1.108 1.307 0.901 1.013 1.006 1.299 0.906 0.845 0.396 0.38 0.832 0.831 0.834 0.823 0.809 0.668 1.277 0.836 0.308 0.307 0.31 0.294 0.294 0.788 1.037 1.261 1.259 0.466 0.493 1.254 0.818 0.446 0.583 0.661 0.773 0.776 1.241 0.91 1.237 0.655 1.115 1.232 1.23 0.651 1.226 1.22 1.222 1.195 0.424 0.423 0.644 0.609
