static/jobfarm/user_models/minyf/common/HOME-GBHM/输出文件/Output/Grids/Eact20020224.asc
ncols 221
nrows 204
xllcorner -627000.0
yllcorner 3955000.0
cellsize 900.0
NODATA_value -9999.0
[rows 33 to 65 of 204, columns 0 to 73 of 221]
-9999.0 -9999.0 -9999.0 -9999.0 -9999.0 -9999.0 -9999.0 -9999.0 -9999.0 -9999.0 -9999.0 -9999.0 -9999.0 -9999.0 -9999.0 -9999.0 -9999.0 -9999.0 -9999.0 -9999.0 -9999.0 -9999.0 -9999.0 -9999.0 -9999.0 -9999.0 -9999.0 -9999.0 -9999.0 -9999.0 -9999.0 -9999.0 -9999.0 -9999.0 1.318 1.317 0.591 0.589 1.319 1.316 1.316 0.581 0.937 1.314 1.345 1.348 0.685 1.766 1.313 1.766 1.308 1.307 1.307 1.306 0.583 1.344 1.761 1.486 0.934 1.576 0.821 1.755 1.754 1.752 1.751 1.749 1.319 0.926 0.925 1.319 1.309 1.309 1.333 1.325
-9999.0 -9999.0 -9999.0 -9999.0 -9999.0 -9999.0 -9999.0 -9999.0 -9999.0 -9999.0 -9999.0 -9999.0 -9999.0 -9999.0 -9999.0 -9999.0 -9999.0 -9999.0 -9999.0 -9999.0 -9999.0 -9999.0 -9999.0 -9999.0 -9999.0 -9999.0 -9999.0 -9999.0 -9999.0 -9999.0 -9999.0 -9999.0 -9999.0 0.684 1.32 1.318 1.32 1.319 0.59 0.605 1.313 1.245 0.531 1.241 0.913 0.936 1.764 0.643 1.32 0.625 1.367 1.307 1.306 1.306 1.305 0.587 1.297 1.304 1.303 1.426 1.754 0.606 1.6 1.388 1.686 1.745 0.685 1.332 1.318 0.671 0.92 0.92 1.332 1.323
-9999.0 -9999.0 -9999.0 -9999.0 -9999.0 -9999.0 -9999.0 -9999.0 -9999.0 -9999.0 -9999.0 -9999.0 -9999.0 -9999.0 -9999.0 -9999.0 -9999.0 -9999.0 -9999.0 -9999.0 -9999.0 -9999.0 -9999.0 -9999.0 -9999.0 -9999.0 -9999.0 -9999.0 -9999.0 -9999.0 -9999.0 -9999.0 -9999.0 0.675 1.319 0.584 0.589 0.933 1.504 0.934 1.315 1.24 0.529 0.54 0.552 1.749 1.755 0.774 0.728 1.311 0.753 0.596 1.31 1.379 1.308 1.308 0.585 1.304 1.303 1.302 0.923 1.75 0.928 1.386 1.623 0.925 0.698 1.332 1.308 1.734 1.322 1.316 0.911 0.91
-9999.0 -9999.0 -9999.0 -9999.0 -9999.0 -9999.0 -9999.0 -9999.0 -9999.0 -9999.0 -9999.0 -9999.0 -9999.0 -9999.0 -9999.0 -9999.0 -9999.0 -9999.0 -9999.0 -9999.0 -9999.0 -9999.0 -9999.0 -9999.0 -9999.0 -9999.0 -9999.0 -9999.0 -9999.0 -9999.0 -9999.0 -9999.0 -9999.0 -9999.0 0.627 0.581 0.932 0.932 1.275 1.158 0.526 0.528 0.526 0.537 1.75 1.242 1.257 0.724 0.616 0.932 0.932 0.589 0.583 1.32 0.582 1.304 1.673 0.618 0.58 1.301 1.657 1.746 0.815 0.78 1.741 0.778 0.777 1.735 0.73 1.731 0.636 1.725 1.724 1.723
-9999.0 -9999.0 -9999.0 -9999.0 -9999.0 -9999.0 -9999.0 -9999.0 -9999.0 -9999.0 -9999.0 -9999.0 -9999.0 -9999.0 -9999.0 -9999.0 -9999.0 -9999.0 -9999.0 -9999.0 -9999.0 -9999.0 -9999.0 -9999.0 -9999.0 -9999.0 -9999.0 -9999.0 -9999.0 -9999.0 -9999.0 -9999.0 -9999.0 -9999.0 -9999.0 0.59 0.63 0.83 1.275 0.655 0.93 0.587 1.734 0.59 1.243 1.245 0.931 0.847 0.931 0.931 0.585 0.584 0.679 0.93 0.929 1.304 0.588 1.302 1.302 0.58 0.582 0.779 1.352 1.65 1.738 1.736 1.734 1.734 0.919 1.728 0.754 0.771 0.762 0.908
-9999.0 -9999.0 -9999.0 -9999.0 -9999.0 -9999.0 -9999.0 -9999.0 -9999.0 -9999.0 -9999.0 -9999.0 -9999.0 -9999.0 -9999.0 -9999.0 -9999.0 -9999.0 -9999.0 -9999.0 -9999.0 -9999.0 -9999.0 -9999.0 -9999.0 -9999.0 -9999.0 -9999.0 -9999.0 -9999.0 -9999.0 -9999.0 -9999.0 -9999.0 -9999.0 0.929 1.329 1.275 0.587 0.93 0.527 1.311 1.329 1.697 1.242 1.752 0.93 0.93 0.93 0.589 1.312 0.929 0.613 0.928 0.928 0.927 0.927 0.579 1.301 0.925 1.742 1.741 1.339 0.922 0.921 0.921 1.487 1.73 0.917 1.727 1.293 0.736 1.29 1.718
-9999.0 -9999.0 -9999.0 -9999.0 -9999.0 -9999.0 -9999.0 -9999.0 -9999.0 -9999.0 -9999.0 -9999.0 -9999.0 -9999.0 -9999.0 -9999.0 -9999.0 -9999.0 -9999.0 -9999.0 -9999.0 -9999.0 -9999.0 -9999.0 -9999.0 -9999.0 -9999.0 -9999.0 -9999.0 -9999.0 -9999.0 -9999.0 -9999.0 -9999.0 -9999.0 0.656 0.603 0.545 1.241 1.253 0.928 0.729 0.928 1.361 1.723 0.928 1.392 0.928 0.636 1.748 0.623 0.592 1.744 0.927 0.926 0.665 0.925 0.925 1.319 0.923 1.358 0.583 0.72 0.921 0.92 0.911 1.723 1.728 1.725 0.669 1.722 1.719 1.717 1.715
-9999.0 -9999.0 -9999.0 -9999.0 -9999.0 -9999.0 -9999.0 -9999.0 -9999.0 -9999.0 -9999.0 -9999.0 -9999.0 -9999.0 -9999.0 -9999.0 -9999.0 -9999.0 -9999.0 -9999.0 -9999.0 -9999.0 -9999.0 -9999.0 -9999.0 -9999.0 -9999.0 -9999.0 -9999.0 -9999.0 -9999.0 -9999.0 -9999.0 -9999.0 0.402 0.404 0.475 0.926 0.827 1.329 1.342 1.349 1.747 1.747 0.927 0.927 1.747 1.602 1.746 1.318 0.926 0.926 0.926 0.925 0.925 1.742 1.741 1.74 1.323 0.922 1.345 1.735 0.92 0.919 1.731 0.914 1.727 1.725 1.722 0.903 1.719 0.911 0.905 0.909
-9999.0 -9999.0 -9999.0 -9999.0 -9999.0 -9999.0 -9999.0 -9999.0 -9999.0 -9999.0 -9999.0 -9999.0 -9999.0 -9999.0 -9999.0 -9999.0 -9999.0 -9999.0 -9999.0 -9999.0 -9999.0 -9999.0 -9999.0 -9999.0 -9999.0 -9999.0 -9999.0 -9999.0 -9999.0 -9999.0 -9999.0 -9999.0 -9999.0 -9999.0 -9999.0 0.411 0.606 0.606 0.606 0.441 0.625 0.646 1.539 1.322 0.926 1.744 1.744 0.925 0.606 0.606 0.925 1.548 1.382 1.373 1.74 1.739 1.738 0.917 1.736 0.92 1.734 1.733 0.911 0.89 0.917 1.726 1.294 1.722 0.913 1.719 0.901 1.714 0.908 1.71
-9999.0 -9999.0 -9999.0 -9999.0 -9999.0 -9999.0 -9999.0 -9999.0 -9999.0 -9999.0 -9999.0 -9999.0 -9999.0 -9999.0 -9999.0 -9999.0 -9999.0 -9999.0 -9999.0 -9999.0 -9999.0 -9999.0 -9999.0 -9999.0 -9999.0 -9999.0 -9999.0 -9999.0 -9999.0 -9999.0 -9999.0 -9999.0 -9999.0 -9999.0 -9999.0 0.427 0.605 0.576 0.605 0.924 0.606 0.924 0.606 0.632 0.606 0.548 0.605 0.605 0.605 0.605 0.923 1.358 1.739 0.922 1.737 0.921 1.736 1.735 1.733 0.919 1.731 1.73 0.917 0.916 0.916 0.914 1.307 1.679 1.718 1.715 1.711 1.712 1.71 1.707
-9999.0 -9999.0 -9999.0 -9999.0 -9999.0 -9999.0 -9999.0 -9999.0 -9999.0 -9999.0 -9999.0 -9999.0 -9999.0 -9999.0 -9999.0 -9999.0 -9999.0 -9999.0 -9999.0 -9999.0 -9999.0 0.916 -9999.0 -9999.0 -9999.0 -9999.0 -9999.0 -9999.0 -9999.0 -9999.0 -9999.0 -9999.0 -9999.0 -9999.0 0.43 0.426 0.495 0.439 0.438 0.436 0.44 0.605 0.44 0.6 0.439 0.449 0.446 0.447 0.604 0.602 0.599 0.921 1.736 0.603 0.92 1.734 1.733 1.732 0.918 0.918 0.904 0.916 0.916 0.91 0.914 0.913 1.304 1.716 0.91 1.472 1.709 1.702 1.703 1.7
-9999.0 -9999.0 -9999.0 -9999.0 -9999.0 -9999.0 -9999.0 -9999.0 -9999.0 -9999.0 -9999.0 -9999.0 -9999.0 -9999.0 -9999.0 -9999.0 0.597 0.598 0.913 1.721 0.914 0.915 0.915 0.916 0.909 0.46 0.438 -9999.0 -9999.0 -9999.0 -9999.0 -9999.0 -9999.0 -9999.0 0.429 0.428 0.495 0.454 0.488 0.455 0.446 0.452 0.438 0.44 0.683 0.453 0.921 0.921 0.6 0.601 0.92 0.603 0.603 0.602 0.919 0.919 1.73 1.728 0.917 0.916 1.726 0.915 0.914 0.914 0.913 1.718 1.31 1.312 0.909 0.908 0.878 1.705 0.582 1.699
-9999.0 -9999.0 -9999.0 -9999.0 -9999.0 -9999.0 -9999.0 -9999.0 -9999.0 -9999.0 -9999.0 -9999.0 -9999.0 -9999.0 0.617 0.528 0.483 0.597 0.597 0.912 0.913 0.908 0.908 0.914 0.442 0.443 0.439 0.442 -9999.0 -9999.0 -9999.0 -9999.0 0.592 0.428 0.429 0.428 0.453 0.918 0.522 0.603 0.455 0.548 0.443 0.446 0.441 0.442 0.437 0.874 0.602 0.602 0.602 0.602 0.602 0.918 0.601 0.917 1.727 0.916 0.916 1.724 1.723 1.722 1.72 1.719 0.911 0.667 1.32 1.3 0.545 0.594 0.906 1.289 0.583 1.695
-9999.0 -9999.0 -9999.0 -9999.0 -9999.0 -9999.0 -9999.0 -9999.0 -9999.0 -9999.0 -9999.0 -9999.0 -9999.0 -9999.0 0.595 0.722 0.723 0.535 0.516 0.597 0.802 0.912 0.91 0.913 0.751 0.431 0.431 0.452 0.446 0.447 0.428 0.423 0.423 0.588 0.428 0.428 0.46 0.46 0.602 0.496 0.468 0.6 0.602 0.602 0.602 0.449 0.518 0.447 0.597 0.601 0.601 0.601 0.601 0.601 0.6 0.916 0.915 0.915 0.914 0.914 0.913 1.719 0.912 0.911 1.715 1.713 1.712 1.71 1.304 0.593 0.593 0.433 0.573 0.577
-9999.0 -9999.0 -9999.0 -9999.0 -9999.0 -9999.0 -9999.0 -9999.0 -9999.0 -9999.0 -9999.0 -9999.0 0.581 0.459 0.569 0.512 0.485 0.472 0.723 0.506 0.909 0.911 0.911 0.768 0.912 0.636 0.679 0.458 0.451 0.447 0.427 0.427 0.422 0.725 0.43 0.427 0.459 0.684 0.87 0.57 0.563 0.426 0.539 0.496 0.439 0.441 0.437 0.436 0.601 0.916 0.6 0.6 0.916 0.6 0.915 0.914 0.914 0.913 0.913 0.912 0.912 0.911 0.9 0.909 1.712 1.711 0.433 0.446 0.439 0.593 0.592 0.425 0.484 0.524
-9999.0 -9999.0 -9999.0 -9999.0 -9999.0 -9999.0 -9999.0 -9999.0 -9999.0 -9999.0 -9999.0 -9999.0 -9999.0 0.418 0.42 0.427 0.419 0.439 0.595 0.462 0.9 0.91 0.91 0.709 1.717 1.718 1.719 0.912 0.592 0.455 0.521 0.483 0.493 0.716 0.492 0.6 0.498 0.477 0.577 0.51 0.485 0.485 0.6 0.499 0.6 0.51 0.725 0.6 0.617 0.58 0.599 0.599 0.913 0.599 0.906 0.913 0.913 0.912 0.911 0.911 0.91 0.91 0.909 0.908 1.306 0.594 0.417 0.417 0.417 0.382 0.416 0.415 0.419 0.415
-9999.0 -9999.0 -9999.0 -9999.0 -9999.0 -9999.0 -9999.0 -9999.0 -9999.0 -9999.0 -9999.0 -9999.0 -9999.0 0.425 0.585 0.426 0.427 0.433 0.711 0.747 0.908 0.908 0.903 0.909 1.714 1.713 1.716 1.717 0.912 0.908 0.596 0.908 0.493 0.464 0.494 0.599 0.484 0.482 0.46 0.5 0.484 0.484 0.599 0.426 0.484 0.509 0.595 0.599 0.914 0.44 0.599 0.572 0.598 0.577 1.913 0.912 0.911 0.911 0.91 0.907 0.909 0.906 1.711 1.307 1.309 0.593 0.417 0.417 0.416 0.416 0.415 0.415 0.415 0.415
-9999.0 -9999.0 -9999.0 -9999.0 -9999.0 -9999.0 -9999.0 -9999.0 -9999.0 -9999.0 -9999.0 -9999.0 -9999.0 0.428 0.419 0.418 0.417 0.477 0.592 0.906 0.907 0.906 0.906 0.908 1.711 0.904 0.904 0.906 0.906 1.714 1.717 1.717 0.734 0.681 0.483 0.508 0.574 0.537 0.484 0.508 0.498 0.705 0.508 0.484 0.508 0.508 0.495 0.598 0.913 0.912 0.912 0.598 1.912 1.262 1.91 1.26 0.91 0.903 0.909 1.712 0.908 1.709 1.322 1.305 1.321 0.593 0.417 0.416 0.416 0.416 0.415 0.415 0.415 0.418
-9999.0 -9999.0 -9999.0 -9999.0 -9999.0 -9999.0 -9999.0 -9999.0 -9999.0 -9999.0 -9999.0 -9999.0 -9999.0 0.428 0.418 0.479 0.468 0.479 0.593 0.589 0.905 0.904 0.903 0.907 1.688 0.907 0.908 1.402 1.312 1.714 1.432 1.715 0.492 0.482 0.483 0.722 0.497 0.483 0.483 0.507 0.507 0.723 0.507 0.507 0.783 0.757 1.718 0.758 0.911 1.717 1.716 1.716 0.91 1.908 1.714 1.713 1.712 1.711 1.71 1.709 1.32 1.574 1.386 1.304 0.592 0.592 0.416 0.416 0.416 0.415 0.415 0.414 0.418 0.51
-9999.0 -9999.0 -9999.0 -9999.0 -9999.0 -9999.0 -9999.0 -9999.0 -9999.0 -9999.0 -9999.0 -9999.0 0.425 0.426 0.422 0.417 0.418 0.422 0.489 0.718 0.592 0.902 0.902 1.707 1.299 1.708 1.358 1.71 1.711 1.711 1.712 0.49 0.482 0.462 0.495 0.506 0.703 0.722 0.703 0.597 0.91 0.91 0.91 1.715 0.91 0.909 1.715 1.714 1.715 0.91 1.714 1.713 1.713 1.712 1.712 1.711 1.71 1.709 0.906 0.906 1.322 1.571 1.704 1.36 0.903 1.317 0.57 1.279 1.278 0.415 0.415 0.414 0.5 0.414
-9999.0 -9999.0 -9999.0 -9999.0 -9999.0 -9999.0 -9999.0 -9999.0 -9999.0 0.419 0.433 0.588 0.425 0.426 0.425 0.425 0.423 0.419 0.478 0.489 0.716 0.894 0.591 1.704 1.705 1.706 1.69 1.3 1.358 0.907 0.509 0.481 0.546 0.529 0.438 0.471 0.481 1.319 0.909 1.712 1.713 1.712 1.712 1.712 1.713 0.909 1.712 1.711 1.712 1.712 0.908 1.325 0.908 1.71 1.709 1.703 1.708 1.707 1.706 1.705 1.35 0.903 1.701 0.902 1.699 1.697 0.57 1.278 1.277 0.705 0.568 1.274 0.703 0.569
-9999.0 -9999.0 -9999.0 -9999.0 -9999.0 -9999.0 -9999.0 -9999.0 -9999.0 0.425 0.425 0.584 0.537 0.585 0.589 0.747 0.589 0.527 0.478 0.478 0.898 0.748 0.502 0.537 0.443 0.556 0.593 0.499 0.47 0.431 0.484 0.498 0.437 0.46 0.452 0.423 0.701 1.71 1.711 1.711 1.71 1.71 0.904 0.906 0.907 0.907 0.906 0.906 0.592 0.907 0.721 1.709 1.708 0.901 1.707 0.905 1.705 1.701 1.309 1.703 1.702 0.902 1.699 1.698 1.697 1.695 1.694 1.303 0.897 0.896 1.687 0.751 1.683 0.748
-9999.0 -9999.0 -9999.0 -9999.0 -9999.0 -9999.0 -9999.0 -9999.0 -9999.0 0.427 0.419 0.439 0.584 0.46 0.586 0.588 0.496 0.458 0.656 0.448 0.587 0.715 0.591 0.581 0.428 0.506 0.592 0.592 0.592 0.591 0.593 0.435 0.435 0.455 0.873 0.678 0.473 0.479 0.747 0.906 1.708 1.709 0.902 1.708 1.708 0.905 1.707 0.905 0.905 0.905 0.906 0.906 0.905 1.705 1.704 0.777 0.751 1.702 1.348 1.7 1.699 0.901 1.697 0.9 0.899 0.898 0.898 0.897 0.896 0.895 1.684 1.682 0.81 0.891
-9999.0 -9999.0 -9999.0 -9999.0 -9999.0 -9999.0 -9999.0 -9999.0 -9999.0 0.419 0.416 0.419 0.584 1.33 0.893 0.587 0.586 0.824 0.496 0.713 0.5 0.739 0.575 0.514 0.431 0.422 0.419 0.431 0.434 0.591 0.592 0.434 0.434 0.436 0.429 0.431 0.51 0.479 1.706 1.705 0.905 0.904 0.904 0.905 0.9 0.903 0.904 0.904 0.905 1.705 0.905 0.904 1.704 0.902 0.902 0.903 0.903 1.697 0.902 1.698 0.901 0.9 1.695 0.899 0.898 1.691 0.897 0.896 0.895 0.894 1.683 0.893 0.81 0.888
-9999.0 -9999.0 -9999.0 -9999.0 -9999.0 -9999.0 -9999.0 -9999.0 -9999.0 0.427 0.426 0.433 0.574 0.585 0.586 1.673 1.397 1.689 1.683 0.896 0.695 0.695 0.476 0.513 0.43 0.437 0.46 0.453 0.421 0.588 0.588 0.442 0.437 0.431 0.432 0.436 0.479 0.509 0.503 0.592 1.704 0.894 0.903 0.902 0.9 0.898 1.703 0.902 1.702 1.702 1.702 0.903 0.903 0.903 1.698 0.902 0.901 0.901 0.901 0.9 0.9 0.899 1.693 0.898 0.897 0.896 0.825 1.687 0.894 0.893 0.892 0.749 0.891 1.676
-9999.0 -9999.0 -9999.0 -9999.0 -9999.0 -9999.0 -9999.0 -9999.0 1.292 0.423 0.427 0.428 0.584 0.585 0.585 0.585 1.686 1.684 1.688 1.689 0.712 0.712 0.695 0.824 0.439 0.443 0.439 0.45 0.431 0.432 0.431 0.431 0.613 0.617 0.431 0.42 0.475 0.531 0.511 0.503 0.59 0.591 0.901 0.895 1.701 0.903 0.903 0.903 1.701 0.626 0.902 1.7 1.699 0.901 1.697 0.901 1.69 1.696 1.695 1.694 0.898 0.898 0.897 0.881 1.689 0.895 0.895 1.681 0.893 1.678 0.892 1.679 0.747 1.674
-9999.0 -9999.0 -9999.0 -9999.0 -9999.0 -9999.0 -9999.0 -9999.0 1.277 0.59 0.426 0.423 0.583 0.584 1.681 0.585 1.677 1.684 0.894 0.895 1.688 0.896 0.502 0.588 0.441 0.598 0.583 0.584 1.3 1.3 1.302 0.428 0.424 0.424 0.43 0.426 0.44 0.576 0.619 0.699 0.717 0.591 0.902 0.902 0.902 0.902 1.698 1.698 1.699 1.699 1.698 1.698 1.697 1.697 0.896 0.9 0.899 0.899 1.693 1.692 0.897 1.687 0.892 0.896 0.895 0.894 0.894 1.68 1.679 0.892 0.891 0.89 1.342 0.888
-9999.0 -9999.0 -9999.0 -9999.0 -9999.0 -9999.0 -9999.0 -9999.0 1.671 1.673 0.7 0.468 0.423 0.434 0.443 0.584 0.892 0.893 0.893 0.893 1.685 1.683 0.76 0.587 0.529 0.438 0.574 0.567 0.566 1.296 1.324 1.276 1.275 0.417 0.426 0.424 0.415 0.414 0.414 0.413 1.276 1.697 1.697 0.901 1.696 1.695 1.697 1.451 0.894 1.696 1.696 1.621 0.773 0.899 1.691 0.731 0.893 0.898 1.691 1.686 1.689 1.688 0.882 1.686 0.861 0.894 1.68 0.892 0.891 0.89 0.89 1.67 1.674 0.746
-9999.0 -9999.0 -9999.0 -9999.0 -9999.0 -9999.0 -9999.0 -9999.0 -9999.0 1.275 1.672 0.423 0.423 0.425 0.433 0.583 0.891 0.83 0.823 0.893 1.682 1.684 1.685 1.686 0.895 0.631 0.415 0.573 0.566 1.295 0.591 1.296 1.274 1.684 0.415 0.597 0.423 0.424 0.413 0.562 0.526 1.274 0.581 1.314 1.695 0.824 1.695 1.695 0.763 1.303 0.698 1.694 1.693 0.648 1.692 1.687 0.897 1.69 1.689 1.688 0.895 1.687 0.894 0.894 1.683 0.887 0.892 0.891 0.891 1.676 0.889 1.674 1.67 0.745
-9999.0 -9999.0 -9999.0 -9999.0 -9999.0 -9999.0 -9999.0 -9999.0 -9999.0 -9999.0 0.657 1.282 0.582 0.423 0.435 0.847 0.89 0.886 0.891 1.679 0.892 1.682 1.683 1.684 0.894 0.712 0.59 1.276 1.275 1.275 0.575 0.579 0.579 0.882 0.578 0.654 0.564 0.413 0.423 0.413 0.413 0.564 1.276 1.693 1.286 1.693 0.896 0.589 0.677 1.296 1.69 1.283 0.747 1.691 1.688 1.689 1.689 1.688 1.687 0.895 1.686 1.685 0.893 0.893 0.892 0.892 1.674 1.676 1.674 1.672 1.673 1.672 1.67 1.668
-9999.0 -9999.0 -9999.0 -9999.0 -9999.0 -9999.0 -9999.0 -9999.0 -9999.0 -9999.0 -9999.0 0.694 1.272 0.582 0.63 1.288 0.626 0.886 1.676 0.89 0.829 1.679 1.68 0.892 0.733 0.753 0.574 0.663 1.686 1.686 1.686 1.325 1.275 0.571 0.568 0.624 0.564 1.272 0.423 0.423 1.272 0.564 0.417 1.691 1.275 1.691 1.304 0.892 1.689 1.69 1.312 0.739 0.712 0.619 1.315 0.896 1.687 1.686 1.686 1.685 1.29 1.683 1.682 0.892 0.885 1.679 0.89 0.885 0.889 0.888 0.887 0.581 1.668 1.668
-9999.0 -9999.0 -9999.0 -9999.0 -9999.0 -9999.0 -9999.0 -9999.0 -9999.0 -9999.0 -9999.0 1.319 0.741 1.275 0.671 1.285 1.316 1.673 1.675 0.889 0.89 1.678 0.891 1.678 1.294 1.295 1.682 1.288 1.288 1.282 1.285 1.685 1.686 1.687 0.542 1.393 1.286 0.583 0.566 0.581 0.572 0.412 1.3 1.291 1.284 1.278 1.344 1.676 1.689 0.769 0.76 0.77 1.438 0.632 1.324 1.517 1.313 0.818 1.684 1.682 1.682 1.681 1.3 1.679 1.676 1.677 1.676 1.674 1.674 1.672 1.671 0.886 1.668 0.528
-9999.0 -9999.0 -9999.0 -9999.0 -9999.0 -9999.0 -9999.0 -9999.0 -9999.0 -9999.0 -9999.0 -9999.0 1.287 1.667 1.301 0.886 0.886 1.67 1.672 0.888 0.886 1.676 1.295 1.677 1.302 1.282 1.282 1.681 1.292 1.283 0.597 0.581 1.283 1.286 1.295 1.284 1.27 0.871 1.686 1.292 0.422 0.422 0.425 0.415 0.416 1.274 1.305 1.375 1.687 0.727 0.759 1.309 1.298 0.632 0.613 0.894 1.297 1.314 1.682 1.301 1.681 0.891 1.678 1.645 1.677 0.889 1.675 1.674 1.672 1.671 0.581 0.58 0.885 0.817
