static/jobfarm/user_models/minyf/common/HOME-GBHM/输出文件/Output/Grids/Eact20020226.asc
ncols 221
nrows 204
xllcorner -627000.0
yllcorner 3955000.0
cellsize 900.0
NODATA_value -9999.0
[rows 66 to 98 of 204, columns 74 to 147 of 221]
0.306 0.196 0.478 0.201 0.201 0.201 0.195 0.476 0.196 0.196 0.196 0.177 0.194 0.194 0.194 0.194 0.208 0.214 0.567 0.198 1.089 0.576 0.301 0.279 0.236 0.237 0.398 0.261 0.5 0.239 0.264 0.314 0.273 0.301 0.211 0.212 0.301 0.211 0.272 0.198 0.198 0.354 0.447 0.176 0.352 0.212 0.209 0.209 0.218 0.21 0.218 0.292 0.292 0.57 0.321 0.279 0.29 0.312 1.074 0.312 0.549 0.49 0.311 0.201 0.275 0.192 0.194 0.196 0.454 0.193 0.454 0.455 0.454 0.151
0.198 0.208 0.197 0.197 0.197 0.201 0.195 0.195 0.196 0.196 0.195 0.194 0.195 0.194 0.194 0.194 0.538 0.535 0.214 0.163 0.213 0.482 0.33 0.331 0.24 0.24 0.24 0.237 0.523 0.239 0.237 0.263 0.263 0.192 0.321 0.21 0.211 0.199 0.262 0.178 0.262 0.21 0.292 0.499 0.359 0.219 0.209 0.209 0.21 0.319 0.198 0.301 0.571 0.331 0.33 0.461 0.278 0.261 0.278 0.43 0.543 0.22 0.43 0.312 0.295 0.289 0.454 0.335 0.196 0.194 0.195 0.217 0.197 0.348
0.482 0.488 0.48 0.197 0.196 0.196 0.195 0.196 0.196 0.196 0.195 0.195 0.281 0.281 0.281 0.28 0.561 0.567 0.572 0.163 0.163 0.316 0.333 0.24 0.26 0.24 0.24 0.24 0.24 0.24 0.264 0.315 0.303 0.199 0.21 0.211 0.211 0.21 0.185 0.211 0.195 0.178 0.182 0.339 0.214 0.338 0.219 0.322 0.228 0.272 0.291 0.292 0.535 0.571 0.286 0.461 0.278 0.33 0.496 0.261 0.312 0.318 0.43 0.312 0.198 0.198 0.197 0.197 0.283 0.196 0.298 0.195 0.195 0.18
0.484 0.205 0.199 0.199 0.197 0.286 0.286 0.286 0.197 0.286 0.196 0.195 0.195 0.2 0.177 0.179 0.377 0.567 0.568 0.577 0.163 0.314 0.545 0.551 0.282 0.237 0.237 0.24 0.24 0.265 0.239 0.315 0.315 0.314 0.298 0.304 0.211 0.211 0.199 0.211 0.219 0.191 0.194 0.232 0.216 0.224 0.302 0.211 0.272 0.272 0.291 0.292 0.572 0.571 0.329 0.334 0.279 0.279 0.207 0.225 0.312 0.293 0.242 0.276 0.194 0.197 0.556 0.294 0.286 0.281 0.298 0.28 0.227 0.149
0.573 0.495 0.484 0.203 0.482 0.198 0.199 0.297 0.288 0.234 0.196 0.196 0.194 0.195 0.196 0.194 0.177 0.198 0.275 0.535 0.576 0.239 0.578 0.52 0.244 0.243 0.24 0.239 0.241 0.265 0.265 0.315 0.315 0.273 0.304 0.501 0.306 0.303 0.191 0.211 0.217 0.286 0.199 0.175 0.213 0.231 0.211 0.218 0.313 0.375 0.572 0.572 0.572 0.568 0.313 0.195 0.195 0.28 0.336 0.224 0.312 0.224 0.276 0.224 0.18 0.279 0.279 0.279 0.225 0.279 0.531 0.233 0.276 0.265
0.492 0.5 0.568 0.482 0.483 0.482 0.484 0.276 0.287 0.234 0.198 0.198 0.196 0.194 0.195 0.194 0.215 0.25 0.283 0.314 0.401 0.253 0.241 0.313 0.282 0.241 0.24 0.239 0.282 0.239 0.282 0.263 0.315 0.273 0.304 0.304 0.304 0.302 0.304 0.303 0.218 0.191 0.178 0.191 0.212 0.222 0.212 0.211 0.303 0.178 0.198 0.293 0.398 0.572 0.313 0.196 0.196 0.196 0.375 0.196 0.18 0.276 0.328 0.387 0.218 0.456 0.456 0.279 0.399 0.28 0.281 0.572 0.299 0.258
0.484 0.486 0.485 0.289 0.498 0.505 0.495 1.095 0.567 0.234 0.201 0.199 0.197 0.286 0.285 0.196 0.437 0.304 0.292 0.521 0.52 0.578 0.578 0.313 0.248 0.265 0.265 0.265 0.282 0.24 0.315 0.315 0.323 0.472 0.315 0.315 0.314 0.273 0.199 0.199 0.339 0.212 0.191 0.191 0.212 0.344 0.326 0.302 0.262 0.212 0.19 0.277 0.321 0.527 0.303 0.236 0.196 0.196 0.196 0.244 0.276 0.39 0.388 1.044 0.458 0.152 0.153 0.227 0.432 0.261 0.281 0.279 0.205 0.226
0.485 0.276 0.484 0.485 0.5 1.085 0.497 1.095 0.266 0.317 0.2 0.199 0.196 0.283 0.282 0.196 0.214 0.197 0.249 0.491 0.402 0.79 0.521 0.314 0.512 0.282 0.282 0.265 0.213 0.263 0.315 0.315 0.274 0.327 0.517 0.263 0.314 0.323 0.314 0.199 0.215 0.313 0.192 0.276 0.212 0.222 0.224 0.198 0.305 0.303 0.274 0.277 0.296 0.262 0.313 0.277 0.243 0.263 0.307 0.204 0.328 0.316 0.294 0.492 0.358 0.266 0.159 0.229 0.262 0.197 0.279 0.279 0.198 0.148
0.582 0.573 0.486 0.289 0.276 1.096 0.494 0.571 0.265 0.577 0.288 0.197 0.196 0.234 0.284 0.196 0.234 0.298 0.577 0.314 0.542 0.505 0.566 0.314 0.482 0.265 0.282 0.282 0.315 0.303 0.305 0.315 0.3 0.421 0.274 0.263 0.315 0.263 0.199 0.199 0.218 0.328 0.303 0.219 0.212 0.304 0.211 0.213 0.212 0.303 0.301 0.304 0.353 0.359 0.219 0.22 0.328 0.317 0.573 0.221 0.347 0.261 0.38 0.196 0.359 0.359 0.391 0.262 0.262 0.3 0.147 0.154 0.198 0.196
0.487 0.488 0.29 0.486 1.097 0.497 0.496 0.571 0.234 0.276 0.198 0.287 0.483 0.223 0.286 0.196 0.506 0.367 0.574 0.534 1.091 0.502 0.52 0.314 0.283 0.283 0.301 0.274 0.307 0.306 0.306 0.315 0.305 0.498 0.308 0.263 0.551 0.263 0.199 0.513 0.505 0.505 0.504 0.505 0.304 0.226 0.221 0.213 0.212 0.211 0.182 0.302 0.323 0.359 0.216 0.216 0.257 0.543 0.373 0.364 0.486 0.313 0.277 0.277 0.373 0.202 0.198 0.301 0.187 0.277 0.22 0.355 0.462 0.48
0.489 0.489 0.487 0.487 0.256 0.491 0.491 0.266 0.303 0.276 0.285 0.287 0.287 0.234 0.196 0.292 0.368 0.572 0.578 0.515 0.313 0.475 0.545 0.314 0.265 0.313 0.274 0.264 0.264 0.315 0.31 0.302 0.306 0.514 0.308 0.274 0.315 0.221 0.273 1.084 0.182 0.199 0.199 0.36 0.304 0.213 0.213 0.215 0.217 0.505 0.518 0.262 0.304 0.216 0.213 0.355 0.353 0.323 0.221 0.376 0.357 0.328 0.197 0.316 0.337 0.262 0.209 0.317 0.231 0.23 0.294 0.318 0.263 0.199
0.286 0.488 0.488 0.487 1.089 0.492 0.266 0.266 0.318 0.276 0.288 0.287 0.317 0.234 0.285 0.292 0.333 0.54 0.234 0.515 0.314 0.465 0.548 0.48 0.237 1.088 0.274 0.316 0.316 0.274 0.315 0.264 0.263 0.274 0.263 0.274 0.315 0.263 0.273 0.352 0.214 0.214 0.213 0.182 0.199 0.199 0.213 0.306 0.213 0.213 0.213 0.262 0.304 0.221 0.304 0.514 0.233 0.547 0.198 0.313 0.198 0.277 0.17 0.419 0.521 0.339 0.216 0.16 0.155 0.155 0.198 0.198 0.281 0.465
0.491 0.49 0.489 0.489 1.047 0.266 0.266 0.266 0.266 0.317 0.291 0.29 0.291 0.234 0.287 0.284 0.234 0.275 0.317 0.552 0.31 0.544 0.549 0.309 0.322 0.578 0.316 0.578 0.307 0.307 0.567 0.306 0.274 0.322 0.263 0.576 0.315 0.315 0.315 0.552 0.518 0.212 0.212 0.212 0.263 0.212 0.227 0.313 0.36 0.22 0.221 0.262 0.262 0.199 0.262 0.198 0.199 0.221 0.198 0.252 0.198 0.181 0.277 0.314 0.341 0.206 0.338 0.196 0.277 0.197 0.236 0.223 0.355 0.466
1.098 0.491 0.49 0.304 0.495 1.097 0.266 0.266 0.289 0.317 0.289 0.338 0.276 0.276 0.288 0.299 0.234 0.275 0.531 0.283 0.529 0.538 0.32 0.329 1.09 0.578 0.341 0.326 0.545 0.307 0.307 0.307 0.306 0.362 0.315 0.274 0.263 0.263 0.199 0.199 0.213 0.213 0.212 0.213 0.213 0.213 0.233 0.221 0.357 0.353 0.214 0.256 0.262 0.262 0.178 0.199 0.262 0.199 0.273 0.277 0.271 0.244 0.318 0.376 0.314 0.198 0.207 0.247 0.336 0.23 0.224 0.355 0.39 0.363
0.492 0.493 0.491 0.307 0.552 0.501 0.266 0.35 0.317 0.276 0.291 0.343 0.276 0.317 0.555 0.304 0.234 0.317 0.528 0.579 0.283 0.533 0.283 0.239 0.314 0.289 0.578 0.297 0.295 0.307 0.307 0.307 0.359 0.359 0.315 0.315 0.222 0.222 0.199 0.199 0.213 0.214 0.303 0.214 0.305 0.214 0.36 0.36 0.22 0.559 0.355 0.214 0.256 0.262 0.314 0.262 0.457 0.278 0.319 0.278 0.319 0.319 0.338 0.284 0.209 0.293 0.172 0.361 0.292 0.228 0.356 0.737 0.225 0.224
0.499 0.494 0.493 0.291 0.501 0.5 0.266 0.318 0.318 0.318 0.287 0.339 0.265 0.329 0.325 0.288 0.275 0.54 0.559 0.283 0.283 0.283 0.322 0.238 0.548 0.265 0.265 0.264 0.264 0.295 0.294 0.573 0.307 0.362 0.315 0.36 0.369 0.285 0.309 0.315 0.214 0.305 0.307 0.213 0.303 0.213 0.357 0.361 0.36 0.199 0.556 0.518 0.199 0.314 0.314 0.319 0.33 0.33 0.495 0.319 0.278 0.278 0.209 0.314 0.207 0.278 0.205 0.363 0.36 0.363 0.566 0.362 0.362 0.357
0.495 0.309 0.494 0.498 0.502 0.498 0.318 0.276 0.266 0.318 0.289 0.547 0.234 0.248 0.326 0.317 0.234 0.543 0.531 0.312 0.214 0.216 0.283 0.298 0.298 0.306 0.298 0.297 0.296 0.264 0.264 0.264 0.264 0.295 0.315 0.315 1.087 0.518 0.315 0.315 0.304 0.215 0.214 0.304 0.214 0.214 0.263 0.362 0.361 0.542 0.263 0.314 0.37 0.314 0.575 0.328 0.319 0.574 0.202 0.181 0.197 0.198 0.202 0.198 0.259 0.148 0.917 1.083 0.402 1.084 0.152 0.525 0.152 0.198
0.496 0.495 0.325 0.5 0.507 1.097 0.582 0.318 0.266 0.266 0.287 0.324 0.234 0.246 0.339 0.338 0.541 0.554 0.525 0.505 0.124 0.314 0.214 0.352 0.341 0.298 0.298 0.365 0.574 0.578 0.295 0.578 0.292 0.274 0.264 1.088 0.315 0.263 1.087 1.087 0.306 0.307 0.304 0.53 0.304 0.183 0.253 0.362 0.541 0.548 0.547 0.544 0.314 0.575 0.561 0.301 0.278 0.319 0.181 0.247 0.247 0.177 0.319 0.318 0.205 0.197 0.363 0.284 1.035 0.202 0.229 0.23 0.231 0.278
0.568 0.318 0.576 0.555 0.572 1.097 0.582 0.582 0.266 0.259 0.344 0.245 0.258 0.267 0.388 0.496 0.562 0.522 0.241 0.24 0.314 0.537 0.244 0.283 0.579 0.298 0.318 0.31 0.265 0.316 0.264 0.274 0.316 0.315 0.555 0.264 1.088 0.512 0.515 1.087 0.52 0.522 0.512 0.576 0.55 0.562 1.08 0.315 0.315 0.315 0.315 0.315 0.315 0.576 0.576 0.576 0.315 0.315 0.284 0.209 0.214 0.154 0.156 0.356 0.292 0.949 0.418 1.085 0.369 0.359 0.166 0.19 0.171 0.279
0.505 0.256 0.571 0.266 0.555 0.343 0.582 0.582 0.519 0.325 0.276 0.513 0.528 0.249 0.531 0.431 0.551 0.58 0.214 0.536 0.58 0.295 0.538 0.498 0.341 0.265 0.319 0.311 0.275 0.257 0.275 0.479 0.316 0.316 0.364 0.264 0.363 0.2 0.362 0.494 0.443 0.531 0.512 1.086 1.086 0.326 0.315 0.315 0.576 0.315 0.576 0.576 0.315 0.315 0.435 0.576 0.315 0.435 0.306 0.553 0.357 0.218 0.2 0.214 0.223 0.453 0.266 0.361 0.362 0.198 0.198 0.182 0.237 0.238
0.267 0.256 0.513 0.583 0.582 0.364 0.582 0.582 0.544 0.361 0.581 0.581 0.581 0.243 0.496 0.524 0.496 0.242 0.244 0.266 0.246 0.295 0.295 0.545 0.3 0.265 0.31 0.299 0.265 0.265 0.264 0.264 0.2 0.289 0.225 0.31 0.264 0.363 0.224 0.224 0.513 0.529 0.513 0.513 0.513 0.315 0.315 0.36 0.435 0.371 0.371 0.315 0.315 0.263 0.263 0.263 0.315 0.274 0.315 0.305 0.528 0.321 0.467 0.467 0.287 0.249 0.157 0.38 0.156 0.157 0.198 0.182 0.279 0.24
1.099 0.267 0.267 0.583 0.582 1.097 0.582 0.582 0.553 0.549 0.582 0.581 0.296 0.248 0.315 0.552 0.525 0.547 0.534 0.246 0.58 0.265 0.304 0.301 0.564 0.312 0.336 0.265 0.265 0.254 0.275 0.275 0.49 0.497 0.268 0.237 0.2 0.253 0.487 0.227 0.309 0.216 0.216 0.225 0.547 0.328 0.577 0.315 0.274 0.315 0.315 0.274 0.315 0.363 0.315 0.263 0.315 0.315 0.435 0.338 0.556 0.309 0.287 0.315 0.467 0.156 0.157 0.378 0.264 0.157 0.32 0.203 0.157 0.182
1.099 0.308 0.303 0.303 0.583 0.302 0.582 0.582 0.582 0.555 0.365 0.581 0.506 0.524 0.315 0.309 0.505 0.262 0.284 0.315 0.265 0.342 0.265 0.265 0.301 0.569 0.312 0.319 0.265 0.265 0.264 0.264 0.573 0.484 0.444 0.348 0.225 0.216 0.319 0.237 0.338 0.2 0.176 0.2 0.2 0.315 0.315 0.34 0.305 0.315 0.315 0.314 0.434 0.43 0.341 0.283 0.315 0.315 0.263 0.263 0.47 0.469 0.287 0.287 1.086 1.086 0.211 0.211 0.179 0.354 0.264 0.272 0.376 0.154
0.583 0.517 0.581 0.583 0.583 0.582 0.582 0.582 0.582 0.582 0.582 0.571 0.55 0.267 0.308 0.289 0.253 0.258 0.315 0.284 0.265 0.265 0.296 0.562 0.317 0.504 0.552 0.549 0.316 0.265 0.394 0.494 0.264 0.264 0.443 0.485 0.329 0.343 0.375 0.223 0.237 0.217 0.225 0.225 0.224 0.224 0.2 0.446 0.345 0.305 0.264 0.305 0.516 0.353 0.341 0.341 0.561 0.305 0.264 0.285 0.469 0.472 0.468 0.287 0.29 0.577 0.264 0.318 0.212 0.179 0.34 0.34 0.378 0.279
0.583 0.583 0.579 0.583 0.328 0.565 0.339 0.582 0.327 0.582 0.582 0.523 0.267 0.284 0.284 0.267 0.267 0.214 0.239 0.238 0.265 0.265 0.303 0.314 0.514 0.319 0.575 0.332 0.361 0.361 0.264 0.264 0.264 0.437 0.364 0.33 0.346 0.227 0.219 0.324 0.31 0.217 0.216 0.216 0.217 0.209 0.179 0.223 0.337 0.312 0.216 0.289 0.521 0.54 0.531 0.576 0.551 0.286 0.253 0.285 0.307 0.307 0.481 0.473 0.495 0.307 0.316 0.264 0.316 0.577 0.264 0.264 0.264 0.189
0.583 1.099 1.099 0.583 0.568 0.573 0.582 0.582 0.582 0.582 0.247 0.12 0.284 0.315 0.284 0.243 0.214 0.239 0.267 0.284 0.265 0.265 0.265 0.265 0.265 0.265 0.506 0.364 0.332 0.264 0.312 0.275 0.254 0.567 0.364 0.331 0.33 0.321 0.31 0.331 0.218 0.217 0.218 0.201 0.223 0.203 0.21 0.21 0.202 0.21 0.22 0.215 0.222 0.223 0.313 0.32 0.324 0.21 0.179 0.329 0.469 0.307 0.492 0.315 0.534 0.289 0.313 0.577 0.378 0.371 0.222 0.2 1.089 0.264
0.583 0.583 1.099 0.583 0.57 0.583 0.582 0.582 0.309 0.582 0.266 0.266 0.114 0.124 0.267 0.204 0.284 0.204 0.266 0.266 0.276 0.317 0.315 0.555 0.314 0.498 0.497 0.563 0.333 0.332 0.332 0.492 0.313 0.315 0.349 0.333 0.518 0.331 0.198 0.2 0.217 0.218 0.201 0.201 0.201 0.201 0.332 0.21 0.179 0.179 0.2 0.212 0.212 0.202 0.202 0.205 0.567 0.21 0.239 0.253 0.567 0.471 0.492 0.475 0.306 0.314 0.264 0.577 0.359 0.179 0.246 0.179 0.179 0.264
1.1 0.583 0.583 0.583 0.576 0.583 0.583 0.582 0.582 0.582 0.266 0.267 0.215 0.204 0.204 0.284 0.267 0.284 0.266 0.255 0.255 0.265 0.537 0.315 0.304 0.322 0.322 0.366 0.338 0.365 0.344 0.341 0.53 0.562 0.527 0.332 0.572 0.179 0.218 0.218 0.285 0.201 0.201 0.201 0.202 0.179 0.179 0.264 0.224 0.221 0.121 0.093 0.093 0.2 0.2 0.223 0.223 0.222 0.239 0.307 0.577 0.473 0.487 0.31 0.477 1.088 0.264 0.264 0.213 0.219 0.179 0.499 0.179 0.264
1.1 1.099 0.583 0.583 0.583 0.566 1.098 1.097 0.247 0.328 0.266 0.266 0.267 0.267 0.226 0.581 0.266 0.266 0.317 0.258 0.265 0.276 0.265 0.265 0.265 0.315 0.349 0.338 0.366 0.366 0.366 0.364 0.358 0.368 0.364 0.219 0.264 0.322 0.29 0.203 0.202 0.202 0.202 0.202 0.223 0.219 0.206 0.312 0.308 0.209 0.151 0.21 0.202 0.196 0.179 0.264 0.264 0.264 0.264 0.472 0.31 0.477 0.492 0.315 0.29 0.479 0.333 0.264 0.518 0.499 0.264 0.264 0.264 0.264
1.1 1.099 0.583 0.583 0.583 0.583 1.098 1.097 0.582 0.329 0.266 0.45 0.256 0.266 0.266 0.266 0.266 0.318 0.317 0.581 0.265 0.445 0.534 0.336 0.351 0.346 0.334 0.334 0.317 0.254 0.359 0.363 0.366 0.366 0.234 0.314 0.264 0.29 0.29 0.29 0.286 0.286 0.286 0.288 0.203 0.202 0.311 0.21 0.21 0.211 0.212 0.472 0.471 0.554 0.203 0.213 0.224 0.21 0.2 0.238 0.472 0.341 0.313 0.295 0.308 0.291 0.495 0.55 0.264 0.554 0.316 0.264 0.578 1.09
0.559 0.267 0.319 0.319 0.583 1.098 0.583 0.583 0.582 0.582 0.266 0.266 0.309 0.266 0.276 0.318 0.36 0.361 0.373 0.338 0.534 0.319 0.276 0.317 0.317 0.317 0.317 0.265 0.265 0.501 1.092 1.092 0.523 0.564 0.542 0.379 0.275 0.349 0.477 0.291 0.293 0.31 0.328 0.466 0.346 0.221 0.349 0.218 0.217 0.204 0.42 0.473 0.472 0.471 0.286 0.14 0.471 0.141 0.14 0.436 0.48 0.244 0.304 0.254 0.496 0.971 0.509 1.041 1.089 0.5 0.264 0.264 0.501 0.578
0.267 1.1 0.266 0.319 0.319 0.583 0.583 0.583 0.582 1.04 1.097 0.266 0.266 0.276 0.276 0.266 0.319 0.316 0.318 0.315 0.338 0.337 0.276 0.317 0.265 0.265 0.503 1.093 0.255 0.523 0.323 0.315 1.091 1.091 0.326 0.322 0.317 0.53 0.521 0.264 0.292 0.264 0.512 0.366 0.372 0.449 0.305 0.303 0.461 0.302 0.306 0.555 0.472 0.298 0.286 0.288 0.471 0.471 0.264 0.544 0.481 0.506 0.48 0.554 0.488 0.487 0.488 0.488 0.489 1.089 1.089 1.09 1.09 0.578
0.539 0.539 0.375 1.099 0.583 0.583 0.583 0.583 0.582 0.582 0.582 0.266 0.343 0.266 0.306 0.255 0.255 0.266 0.304 0.315 0.315 0.338 0.276 0.317 0.317 1.093 1.093 0.265 0.55 0.565 0.514 0.524 0.551 0.55 0.57 0.301 0.265 0.317 0.265 0.264 0.316 0.505 0.518 0.509 0.316 0.474 0.309 0.309 0.308 0.34 0.302 0.291 0.29 0.111 0.288 0.287 0.299 0.289 0.482 0.554 0.211 0.492 0.31 0.578 0.39 1.089 1.089 0.479 0.481 0.578 1.213 1.213 0.578 0.578
