static/jobfarm/user_models/minyf/common/HOME-GBHM/输出文件/Output/Grids/Eact20020222.asc
ncols 221
nrows 204
xllcorner -627000.0
yllcorner 3955000.0
cellsize 900.0
NODATA_value -9999.0
[rows 132 to 164 of 204, columns 74 to 147 of 221]
0.102 0.102 0.245 0.102 0.246 0.228 0.136 0.148 0.059 0.155 0.155 0.146 0.13 0.107 0.097 0.037 0.146 0.138 0.163 0.15 0.158 0.129 0.131 0.13 0.094 0.092 0.128 0.158 0.11 0.086 0.109 0.072 0.077 0.082 0.121 0.1 0.124 0.141 0.102 0.077 0.087 0.099 0.087 0.102 0.149 0.089 0.149 0.104 0.126 0.15 0.159 0.129 0.089 0.1 0.082 0.162 0.114 0.179 0.171 0.195 0.197 0.124 0.163 0.179 0.142 0.194 0.114 0.162 0.176 0.198 0.16 0.12 0.123 0.117
0.08 0.092 0.197 0.197 0.092 0.106 0.101 0.202 0.196 0.217 0.177 0.171 0.181 0.18 0.147 0.139 0.139 0.163 0.187 0.164 0.13 0.13 0.106 0.129 0.13 0.106 0.092 0.12 0.125 0.104 0.12 0.128 0.13 0.097 0.097 0.108 0.15 0.155 0.098 0.111 0.089 0.068 0.077 0.1 0.124 0.154 0.145 0.106 0.077 0.075 0.075 0.075 0.078 0.039 0.13 0.14 0.138 0.125 0.139 0.172 0.14 0.171 0.124 0.139 0.143 0.133 0.098 0.2 0.242 0.143 0.241 0.193 0.131 0.104
0.185 0.14 0.173 0.138 0.115 0.14 0.082 0.206 0.091 0.202 0.177 0.168 0.171 0.172 0.171 0.171 0.147 0.115 0.114 0.146 0.113 0.138 0.138 0.134 0.134 0.106 0.106 0.106 0.129 0.153 0.155 0.16 0.13 0.135 0.106 0.037 0.082 0.034 0.087 0.097 0.102 0.126 0.087 0.149 0.107 0.117 0.244 0.146 0.088 0.146 0.099 0.107 0.13 0.121 0.067 0.114 0.139 0.172 0.172 0.14 0.14 0.14 0.164 0.192 0.188 0.133 0.094 0.122 0.168 0.148 0.124 0.155 0.092 0.102
0.177 0.153 0.148 0.172 0.14 0.165 0.079 0.088 0.093 0.101 0.111 0.246 0.255 0.202 0.187 0.172 0.181 0.146 0.123 0.155 0.138 0.163 0.164 0.139 0.138 0.139 0.129 0.153 0.13 0.106 0.134 0.129 0.106 0.134 0.106 0.129 0.106 0.106 0.134 0.09 0.082 0.104 0.111 0.105 0.083 0.083 0.082 0.074 0.083 0.1 0.078 0.13 0.121 0.125 0.179 0.165 0.196 0.14 0.164 0.205 0.14 0.139 0.18 0.114 0.172 0.172 0.112 0.099 0.215 0.215 0.214 0.154 0.22 0.171
0.072 0.082 0.207 0.198 0.107 0.177 0.155 0.173 0.068 0.073 0.086 0.078 0.092 0.083 0.172 0.205 0.167 0.122 0.146 0.14 0.172 0.164 0.172 0.115 0.138 0.171 0.139 0.163 0.135 0.081 0.104 0.129 0.106 0.129 0.135 0.129 0.13 0.13 0.13 0.159 0.13 0.094 0.102 0.16 0.106 0.078 0.088 0.111 0.125 0.125 0.154 0.088 0.141 0.125 0.141 0.125 0.14 0.123 0.13 0.147 0.139 0.164 0.127 0.165 0.189 0.19 0.152 0.099 0.238 0.109 0.157 0.182 0.142 0.144
-9999.0 0.072 0.082 0.083 0.097 0.097 0.165 0.165 0.068 0.078 0.083 0.083 0.078 0.088 0.088 0.196 0.22 0.172 0.177 0.173 0.14 0.164 0.173 0.115 0.138 0.14 0.138 0.163 0.188 0.13 0.13 0.13 0.159 0.13 0.13 0.13 0.13 0.154 0.13 0.154 0.13 0.089 0.102 0.16 0.131 0.15 0.166 0.156 0.102 0.102 0.088 0.179 0.101 0.15 0.15 0.13 0.172 0.148 0.115 0.115 0.079 0.135 0.131 0.117 0.165 0.165 0.142 0.079 0.102 0.139 0.148 0.202 0.178 0.168
-9999.0 0.097 0.184 0.082 0.089 0.087 0.156 0.082 0.173 0.078 0.093 0.173 0.083 0.078 0.14 0.16 0.181 0.18 0.148 0.14 0.14 0.172 0.164 0.133 0.179 0.151 0.177 0.163 0.16 0.13 0.138 0.047 0.15 0.154 0.18 0.125 0.134 0.106 0.111 0.105 0.106 0.129 0.089 0.093 0.15 0.104 0.171 0.179 0.147 0.098 0.104 0.156 0.161 0.126 0.141 0.126 0.127 0.104 0.146 0.121 0.092 0.079 0.107 0.127 0.156 0.146 0.102 0.102 0.079 0.132 0.095 0.177 0.157 0.112
-9999.0 -9999.0 0.077 0.072 0.078 0.148 0.082 0.092 0.197 0.078 0.088 0.19 0.223 0.093 0.21 0.193 0.187 0.197 0.082 0.205 0.188 0.155 0.163 0.117 0.135 0.148 0.122 0.159 0.171 0.144 0.163 0.14 0.14 0.129 0.159 0.13 0.13 0.13 0.13 0.159 0.131 0.172 0.148 0.104 0.147 0.068 0.079 0.076 0.101 0.126 0.146 0.13 0.077 0.101 0.102 0.131 0.131 0.084 0.076 0.096 0.076 0.069 0.102 0.131 0.132 0.094 0.101 0.074 0.064 0.077 0.144 0.178 0.124 0.159
-9999.0 -9999.0 0.077 0.072 0.149 0.082 0.082 0.198 0.208 0.083 0.093 0.093 0.16 0.168 0.115 0.128 0.147 0.181 0.086 0.162 0.147 0.138 0.115 0.14 0.136 0.188 0.132 0.142 0.209 0.058 0.228 0.213 0.228 0.129 0.154 0.16 0.107 0.105 0.106 0.13 0.13 0.106 0.172 0.172 0.113 0.123 0.131 0.136 0.13 0.121 0.077 0.081 0.076 0.101 0.126 0.131 0.089 0.146 0.117 0.121 0.102 0.102 0.131 0.102 0.132 0.102 0.079 0.102 0.117 0.128 0.184 0.194 0.194 0.145
-9999.0 -9999.0 0.072 0.082 0.092 0.215 0.102 0.102 0.117 0.112 0.263 0.175 0.088 0.185 0.096 0.177 0.206 0.092 0.067 0.076 0.147 0.168 0.139 0.139 0.14 0.127 0.164 0.142 0.157 0.197 0.184 0.145 0.145 0.164 0.13 0.13 0.136 0.105 0.105 0.135 0.106 0.105 0.105 0.106 0.04 0.141 0.098 0.126 0.155 0.128 0.114 0.101 0.106 0.101 0.102 0.126 0.16 0.126 0.156 0.102 0.106 0.106 0.069 0.13 0.079 0.079 0.089 0.105 0.09 0.195 0.144 0.168 0.145 0.109
-9999.0 -9999.0 -9999.0 -9999.0 -9999.0 0.072 -9999.0 0.082 0.073 0.182 0.166 0.199 0.073 0.172 0.148 0.163 0.172 0.082 0.088 0.222 0.227 0.227 0.179 0.165 0.173 0.149 0.126 0.142 0.128 0.168 0.114 0.139 0.164 0.165 0.13 0.131 0.155 0.131 0.131 0.136 0.111 0.11 0.081 0.08 0.034 0.04 0.147 0.113 0.126 0.14 0.118 0.101 0.117 0.102 0.101 0.135 0.112 0.117 0.127 0.142 0.181 0.191 0.152 0.099 0.11 0.157 0.153 0.162 0.127 0.169 0.134 0.147 0.163 0.105
-9999.0 -9999.0 -9999.0 -9999.0 -9999.0 -9999.0 -9999.0 0.097 0.097 0.149 0.159 0.072 0.168 0.082 0.173 0.187 0.181 0.078 0.078 0.178 0.077 0.172 0.206 0.164 0.18 0.174 0.137 0.126 0.164 0.145 0.145 0.164 0.164 0.165 0.165 0.106 0.13 0.155 0.155 0.131 0.131 0.16 0.131 0.131 0.136 0.148 0.139 0.14 0.114 0.126 0.151 0.171 0.146 0.102 0.079 0.117 0.131 0.094 0.089 0.089 0.151 0.166 0.18 0.1 0.11 0.172 0.11 0.178 0.223 0.196 0.159 0.131 0.131 0.133
-9999.0 -9999.0 -9999.0 -9999.0 -9999.0 -9999.0 -9999.0 -9999.0 -9999.0 0.072 0.159 0.082 0.198 0.177 0.197 0.072 0.138 0.148 0.083 0.077 0.082 0.172 0.185 0.189 0.205 0.19 0.19 0.189 0.198 0.165 0.165 0.173 0.148 0.139 0.115 0.139 0.13 0.16 0.131 0.136 0.09 0.096 0.105 0.121 0.105 0.105 0.164 0.165 0.165 0.151 0.156 0.127 0.131 0.106 0.069 0.102 0.121 0.102 0.089 0.099 0.171 0.171 0.2 0.152 0.138 0.132 0.132 0.144 0.144 0.124 0.135 0.157 0.126 0.108
-9999.0 -9999.0 -9999.0 -9999.0 -9999.0 -9999.0 -9999.0 -9999.0 -9999.0 -9999.0 0.087 0.168 0.077 0.125 0.062 0.072 0.173 0.153 0.224 0.099 0.208 0.211 0.138 0.178 0.155 0.155 0.173 0.14 0.139 0.115 0.139 0.139 0.14 0.051 0.164 0.193 0.101 0.11 0.105 0.106 0.135 0.106 0.13 0.131 0.131 0.16 0.106 0.165 0.173 0.122 0.077 0.096 0.077 0.102 0.127 0.132 0.127 0.131 0.102 0.102 0.166 0.175 0.141 0.141 0.142 0.128 0.127 0.09 0.163 0.103 0.157 0.152 0.116 0.126
-9999.0 -9999.0 -9999.0 -9999.0 -9999.0 -9999.0 -9999.0 -9999.0 -9999.0 -9999.0 -9999.0 0.087 0.082 0.183 0.064 0.123 0.143 0.143 0.117 0.069 0.148 0.087 0.173 0.198 0.185 0.18 0.206 0.165 0.165 0.14 0.164 0.164 0.133 0.18 0.155 0.165 0.13 0.155 0.156 0.161 0.106 0.106 0.136 0.106 0.131 0.131 0.131 0.161 0.14 0.14 0.124 0.188 0.132 0.117 0.121 0.077 0.102 0.089 0.099 0.162 0.192 0.196 0.16 0.128 0.127 0.128 0.157 0.103 0.128 0.089 0.099 0.111 0.142 0.133
-9999.0 -9999.0 -9999.0 -9999.0 -9999.0 -9999.0 -9999.0 -9999.0 -9999.0 -9999.0 -9999.0 -9999.0 0.077 0.072 0.082 0.082 0.207 0.182 0.147 0.167 0.092 0.102 0.208 0.173 0.231 0.192 0.135 0.13 0.115 0.14 0.14 0.14 0.165 0.173 0.046 0.148 0.101 0.106 0.081 0.106 0.136 0.106 0.131 0.131 0.136 0.131 0.084 0.094 0.198 0.17 0.19 0.147 0.096 0.102 0.092 0.077 0.107 0.102 0.102 0.106 0.077 0.15 0.149 0.077 0.106 0.078 0.129 0.08 0.171 0.099 0.164 0.152 0.152 0.085
-9999.0 -9999.0 -9999.0 -9999.0 -9999.0 -9999.0 -9999.0 -9999.0 -9999.0 -9999.0 -9999.0 -9999.0 -9999.0 -9999.0 -9999.0 -9999.0 0.082 0.159 0.166 0.199 0.089 0.168 0.148 0.153 0.182 0.078 0.178 0.145 0.145 0.14 0.165 0.053 0.185 0.19 0.21 0.21 0.223 0.19 0.165 0.136 0.106 0.131 0.131 0.131 0.131 0.131 0.131 0.11 0.146 0.188 0.13 0.138 0.104 0.141 0.127 0.142 0.157 0.127 0.127 0.127 0.175 0.142 0.141 0.141 0.138 0.118 0.139 0.129 0.138 0.229 0.1 0.184 0.167 0.15
-9999.0 -9999.0 -9999.0 -9999.0 -9999.0 -9999.0 -9999.0 -9999.0 -9999.0 -9999.0 -9999.0 -9999.0 -9999.0 -9999.0 -9999.0 -9999.0 -9999.0 -9999.0 -9999.0 -9999.0 0.069 0.087 0.158 0.157 0.077 0.072 0.162 0.123 0.14 0.14 0.165 0.19 0.165 0.165 0.173 0.14 0.14 0.14 0.173 0.165 0.136 0.081 0.081 0.111 0.074 0.106 0.136 0.094 0.089 0.131 0.186 0.166 0.188 0.114 0.133 0.107 0.132 0.111 0.092 0.136 0.117 0.142 0.166 0.176 0.149 0.129 0.129 0.17 0.108 0.155 0.119 0.104 0.083 0.083
-9999.0 -9999.0 -9999.0 -9999.0 -9999.0 -9999.0 -9999.0 -9999.0 -9999.0 -9999.0 -9999.0 -9999.0 -9999.0 -9999.0 -9999.0 -9999.0 -9999.0 -9999.0 -9999.0 -9999.0 -9999.0 0.072 0.082 0.097 0.092 0.104 0.092 0.22 0.198 0.158 0.162 0.115 0.14 0.165 0.165 0.19 0.19 0.19 0.19 0.19 0.19 0.11 0.146 0.146 0.11 0.099 0.104 0.141 0.151 0.158 0.156 0.156 0.131 0.141 0.165 0.174 0.132 0.106 0.119 0.077 0.15 0.142 0.166 0.166 0.168 0.192 0.149 0.15 0.104 0.216 0.191 0.159 0.145 0.102
-9999.0 -9999.0 -9999.0 -9999.0 -9999.0 -9999.0 -9999.0 -9999.0 -9999.0 -9999.0 -9999.0 -9999.0 -9999.0 -9999.0 -9999.0 -9999.0 -9999.0 -9999.0 -9999.0 -9999.0 -9999.0 -9999.0 0.111 0.117 0.112 0.066 0.214 0.204 0.205 0.185 0.198 0.165 0.165 0.165 0.043 0.19 0.185 0.185 0.16 0.165 0.19 0.094 0.161 0.146 0.151 0.084 0.106 0.081 0.106 0.131 0.132 0.163 0.161 0.136 0.106 0.14 0.115 0.136 0.133 0.128 0.132 0.135 0.117 0.142 0.049 0.168 0.161 0.176 0.097 0.155 0.18 0.12 0.199 0.194
-9999.0 -9999.0 -9999.0 -9999.0 -9999.0 -9999.0 -9999.0 -9999.0 -9999.0 -9999.0 -9999.0 -9999.0 -9999.0 -9999.0 -9999.0 -9999.0 -9999.0 -9999.0 -9999.0 -9999.0 -9999.0 -9999.0 -9999.0 0.124 0.082 0.195 0.199 0.202 0.195 0.19 0.165 0.165 0.165 0.165 0.041 0.195 0.174 0.162 0.17 0.115 0.141 0.165 0.1 0.084 0.136 0.084 0.126 0.132 0.151 0.084 0.121 0.121 0.132 0.156 0.168 0.131 0.174 0.126 0.143 0.129 0.109 0.082 0.083 0.078 0.102 0.08 0.129 0.129 0.117 0.181 0.149 0.125 0.107 0.107
-9999.0 -9999.0 -9999.0 -9999.0 -9999.0 -9999.0 -9999.0 -9999.0 -9999.0 -9999.0 -9999.0 -9999.0 -9999.0 -9999.0 -9999.0 -9999.0 -9999.0 -9999.0 -9999.0 -9999.0 -9999.0 -9999.0 -9999.0 0.093 0.21 0.211 0.154 0.165 0.174 0.115 0.14 0.141 0.141 0.174 0.165 0.165 0.134 0.189 0.166 0.144 0.204 0.135 0.116 0.084 0.1 0.1 0.166 0.158 0.184 0.094 0.15 0.167 0.043 0.107 0.126 0.126 0.179 0.17 0.128 0.185 0.185 0.197 0.218 0.102 0.065 0.104 0.104 0.134 0.117 0.127 0.139 0.195 0.094 0.138
-9999.0 -9999.0 -9999.0 -9999.0 -9999.0 -9999.0 -9999.0 -9999.0 -9999.0 -9999.0 -9999.0 -9999.0 -9999.0 -9999.0 -9999.0 -9999.0 -9999.0 -9999.0 -9999.0 -9999.0 -9999.0 -9999.0 -9999.0 -9999.0 0.062 0.141 0.083 0.174 0.144 0.155 0.164 0.141 0.14 0.149 0.116 0.141 0.134 0.18 0.191 0.18 0.188 0.14 0.141 0.144 0.124 0.154 0.124 0.175 0.161 0.144 0.141 0.135 0.041 0.044 0.042 0.183 0.172 0.229 0.196 0.195 0.181 0.146 0.146 0.17 0.137 0.086 0.16 0.107 0.13 0.12 0.182 0.171 0.094 0.117
-9999.0 -9999.0 -9999.0 -9999.0 -9999.0 -9999.0 -9999.0 -9999.0 -9999.0 -9999.0 -9999.0 -9999.0 -9999.0 -9999.0 -9999.0 -9999.0 -9999.0 -9999.0 -9999.0 -9999.0 -9999.0 -9999.0 -9999.0 -9999.0 -9999.0 -9999.0 -9999.0 0.124 0.138 0.141 0.174 0.174 0.115 0.124 0.124 0.091 0.124 0.124 0.116 0.14 0.141 0.166 0.166 0.166 0.174 0.141 0.174 0.124 0.144 0.15 0.134 0.115 0.032 0.035 0.037 0.044 0.158 0.188 0.222 0.259 0.17 0.179 0.207 0.197 -9999.0 0.093 0.107 0.135 0.109 0.147 0.171 0.122 0.19 0.07
-9999.0 -9999.0 -9999.0 -9999.0 -9999.0 -9999.0 -9999.0 -9999.0 -9999.0 -9999.0 -9999.0 -9999.0 -9999.0 -9999.0 -9999.0 -9999.0 -9999.0 -9999.0 -9999.0 -9999.0 -9999.0 -9999.0 -9999.0 -9999.0 -9999.0 -9999.0 -9999.0 -9999.0 -9999.0 0.141 0.138 0.149 0.141 0.174 0.14 0.141 0.174 0.149 0.14 0.14 0.149 0.116 0.141 0.174 0.141 0.174 0.149 0.104 0.115 0.118 0.164 0.145 0.165 0.054 0.047 0.047 0.202 0.197 0.202 0.184 0.126 0.21 0.175 -9999.0 -9999.0 -9999.0 0.086 0.089 0.091 0.143 0.182 0.174 0.16 0.08
-9999.0 -9999.0 -9999.0 -9999.0 -9999.0 -9999.0 -9999.0 -9999.0 -9999.0 -9999.0 -9999.0 -9999.0 -9999.0 -9999.0 -9999.0 -9999.0 -9999.0 -9999.0 -9999.0 -9999.0 -9999.0 -9999.0 -9999.0 -9999.0 -9999.0 -9999.0 -9999.0 -9999.0 -9999.0 -9999.0 0.141 0.163 0.166 0.191 0.191 0.199 0.166 0.183 0.14 0.141 0.166 0.166 0.191 0.199 0.166 0.166 0.141 0.125 0.144 0.129 0.148 0.138 0.145 0.058 0.059 0.059 0.059 0.052 0.052 0.228 0.121 0.129 -9999.0 -9999.0 -9999.0 -9999.0 -9999.0 0.127 0.132 0.128 0.177 0.278 0.221 0.18
-9999.0 -9999.0 -9999.0 -9999.0 -9999.0 -9999.0 -9999.0 -9999.0 -9999.0 -9999.0 -9999.0 -9999.0 -9999.0 -9999.0 -9999.0 -9999.0 -9999.0 -9999.0 -9999.0 -9999.0 -9999.0 -9999.0 -9999.0 -9999.0 -9999.0 -9999.0 -9999.0 -9999.0 -9999.0 -9999.0 -9999.0 0.141 0.163 0.166 0.199 0.166 0.183 0.149 0.158 0.158 0.124 0.124 0.124 0.141 0.167 0.191 0.191 0.199 0.166 0.163 0.164 0.172 0.163 0.138 0.138 0.046 0.035 0.032 0.138 0.037 0.133 -9999.0 -9999.0 -9999.0 -9999.0 -9999.0 -9999.0 -9999.0 -9999.0 0.102 0.112 0.128 0.107 0.123
-9999.0 -9999.0 -9999.0 -9999.0 -9999.0 -9999.0 -9999.0 -9999.0 -9999.0 -9999.0 -9999.0 -9999.0 -9999.0 -9999.0 -9999.0 -9999.0 -9999.0 -9999.0 -9999.0 -9999.0 -9999.0 -9999.0 -9999.0 -9999.0 -9999.0 -9999.0 -9999.0 -9999.0 -9999.0 -9999.0 -9999.0 0.215 0.18 0.077 0.137 0.147 0.133 0.124 0.123 0.133 0.099 0.133 0.124 0.142 0.142 0.142 0.167 0.166 0.142 0.167 0.191 0.146 0.051 0.048 0.052 0.219 0.05 0.052 0.056 0.052 -9999.0 -9999.0 -9999.0 -9999.0 -9999.0 -9999.0 -9999.0 -9999.0 -9999.0 -9999.0 0.208 0.26 0.238 0.18
-9999.0 -9999.0 -9999.0 -9999.0 -9999.0 -9999.0 -9999.0 -9999.0 -9999.0 -9999.0 -9999.0 -9999.0 -9999.0 -9999.0 -9999.0 -9999.0 -9999.0 -9999.0 -9999.0 -9999.0 -9999.0 -9999.0 -9999.0 -9999.0 -9999.0 -9999.0 -9999.0 -9999.0 -9999.0 -9999.0 -9999.0 -9999.0 0.202 0.074 0.074 0.068 0.063 0.159 0.063 0.15 0.15 0.164 0.149 0.041 0.041 0.175 0.044 0.049 0.226 0.205 0.179 0.131 0.175 0.044 0.052 0.15 0.168 0.045 0.051 0.045 0.1 0.122 -9999.0 -9999.0 -9999.0 -9999.0 -9999.0 -9999.0 -9999.0 -9999.0 -9999.0 -9999.0 -9999.0 0.183
-9999.0 -9999.0 -9999.0 -9999.0 -9999.0 -9999.0 -9999.0 -9999.0 -9999.0 -9999.0 -9999.0 -9999.0 -9999.0 -9999.0 -9999.0 -9999.0 -9999.0 -9999.0 -9999.0 -9999.0 -9999.0 -9999.0 -9999.0 -9999.0 -9999.0 -9999.0 -9999.0 -9999.0 -9999.0 -9999.0 -9999.0 -9999.0 -9999.0 -9999.0 0.17 0.074 0.074 0.064 0.092 0.125 0.117 0.15 0.166 0.167 0.191 0.191 0.191 0.2 0.163 0.038 0.119 0.156 0.127 0.109 0.151 0.039 0.168 0.054 0.19 0.042 0.047 0.197 0.195 -9999.0 -9999.0 -9999.0 -9999.0 -9999.0 -9999.0 -9999.0 -9999.0 -9999.0 -9999.0 -9999.0
-9999.0 -9999.0 -9999.0 -9999.0 -9999.0 -9999.0 -9999.0 -9999.0 -9999.0 -9999.0 -9999.0 -9999.0 -9999.0 -9999.0 -9999.0 -9999.0 -9999.0 -9999.0 -9999.0 -9999.0 -9999.0 -9999.0 -9999.0 -9999.0 -9999.0 -9999.0 -9999.0 -9999.0 -9999.0 -9999.0 -9999.0 -9999.0 -9999.0 -9999.0 0.074 0.15 0.074 0.064 0.064 0.125 0.117 0.099 0.125 0.159 0.159 0.141 0.041 0.044 0.127 0.123 0.119 0.139 0.046 0.139 0.165 0.202 0.151 0.041 0.052 0.139 0.04 0.147 0.169 0.144 -9999.0 -9999.0 -9999.0 -9999.0 -9999.0 -9999.0 -9999.0 -9999.0 -9999.0 -9999.0
-9999.0 -9999.0 -9999.0 -9999.0 -9999.0 -9999.0 -9999.0 -9999.0 -9999.0 -9999.0 -9999.0 -9999.0 -9999.0 -9999.0 -9999.0 -9999.0 -9999.0 -9999.0 -9999.0 -9999.0 -9999.0 -9999.0 -9999.0 -9999.0 -9999.0 -9999.0 -9999.0 -9999.0 -9999.0 -9999.0 -9999.0 -9999.0 -9999.0 -9999.0 -9999.0 -9999.0 -9999.0 -9999.0 -9999.0 0.078 0.159 0.159 0.146 0.122 0.1 0.1 0.125 0.039 0.044 0.12 0.129 0.13 0.14 0.224 0.214 0.14 0.144 0.203 0.05 0.06 0.192 0.183 0.124 0.144 0.144 -9999.0 -9999.0 -9999.0 -9999.0 -9999.0 -9999.0 -9999.0 -9999.0 -9999.0
-9999.0 -9999.0 -9999.0 -9999.0 -9999.0 -9999.0 -9999.0 -9999.0 -9999.0 -9999.0 -9999.0 -9999.0 -9999.0 -9999.0 -9999.0 -9999.0 -9999.0 -9999.0 -9999.0 -9999.0 -9999.0 -9999.0 -9999.0 -9999.0 -9999.0 -9999.0 -9999.0 -9999.0 -9999.0 -9999.0 -9999.0 -9999.0 -9999.0 -9999.0 -9999.0 -9999.0 -9999.0 -9999.0 -9999.0 -9999.0 -9999.0 0.2 0.172 0.156 0.133 0.109 0.109 0.1 0.1 0.092 0.122 0.1 0.119 0.13 0.13 0.191 0.157 0.147 0.22 0.063 0.056 0.053 0.154 0.147 0.139 0.127 0.146 -9999.0 -9999.0 -9999.0 -9999.0 -9999.0 -9999.0 -9999.0
