static/jobfarm/user_models/minyf/common/HOME-GBHM/输出文件/Output/Grids/Eact20020223.asc
ncols 221
nrows 204
xllcorner -627000.0
yllcorner 3955000.0
cellsize 900.0
NODATA_value -9999.0
[rows 33 to 65 of 204, columns 74 to 147 of 221]
1.387 1.054 0.798 0.779 0.895 0.679 1.132 0.925 1.112 1.409 0.755 0.956 0.666 0.659 0.874 0.591 0.527 0.628 0.53 0.522 0.525 1.338 0.78 0.519 0.522 0.52 0.527 0.522 0.551 0.516 0.531 1.307 1.396 1.09 1.088 0.837 1.061 0.632 1.016 1.037 0.628 0.627 0.629 0.499 0.499 0.5 -9999.0 -9999.0 -9999.0 -9999.0 -9999.0 -9999.0 -9999.0 -9999.0 -9999.0 -9999.0 -9999.0 -9999.0 -9999.0 -9999.0 -9999.0 -9999.0 -9999.0 -9999.0 -9999.0 -9999.0 -9999.0 -9999.0 -9999.0 -9999.0 -9999.0 -9999.0 -9999.0 -9999.0
1.379 0.782 1.444 0.755 0.889 2.013 0.646 0.879 0.872 1.125 0.664 1.343 1.372 0.874 0.873 0.533 0.645 0.524 0.672 0.524 0.865 0.781 0.52 0.519 0.519 0.522 0.775 0.609 0.516 0.516 0.515 0.574 1.351 1.787 0.972 1.407 0.802 0.689 0.624 1.078 0.628 0.67 0.847 0.621 0.501 -9999.0 -9999.0 -9999.0 -9999.0 -9999.0 -9999.0 -9999.0 -9999.0 -9999.0 -9999.0 -9999.0 -9999.0 -9999.0 -9999.0 -9999.0 -9999.0 -9999.0 -9999.0 -9999.0 -9999.0 -9999.0 -9999.0 -9999.0 -9999.0 -9999.0 -9999.0 -9999.0 -9999.0 -9999.0
1.139 0.883 0.76 0.774 0.866 1.138 1.136 0.993 0.884 0.911 0.662 0.642 0.928 1.356 0.873 1.976 0.527 0.526 0.526 0.525 0.865 0.69 0.52 0.519 0.528 0.521 0.532 0.654 0.516 0.519 0.514 0.515 1.331 1.356 1.087 1.086 1.333 0.786 1.367 0.84 0.831 0.825 0.644 0.626 0.501 -9999.0 -9999.0 -9999.0 -9999.0 -9999.0 -9999.0 -9999.0 -9999.0 -9999.0 -9999.0 -9999.0 -9999.0 -9999.0 -9999.0 -9999.0 -9999.0 -9999.0 -9999.0 -9999.0 -9999.0 -9999.0 -9999.0 -9999.0 -9999.0 -9999.0 -9999.0 -9999.0 -9999.0 -9999.0
1.41 0.974 1.096 1.139 1.353 1.352 0.66 1.997 0.648 0.657 1.341 1.339 1.428 0.662 1.351 1.408 0.655 0.538 0.587 0.641 0.795 0.521 0.522 0.657 0.607 1.041 0.745 0.646 0.516 0.515 0.518 1.314 1.314 1.318 1.299 1.085 1.907 1.304 0.994 0.882 0.644 0.63 0.588 0.647 0.501 0.501 -9999.0 -9999.0 -9999.0 -9999.0 -9999.0 -9999.0 -9999.0 -9999.0 -9999.0 -9999.0 -9999.0 -9999.0 -9999.0 -9999.0 -9999.0 -9999.0 -9999.0 -9999.0 -9999.0 -9999.0 -9999.0 -9999.0 -9999.0 -9999.0 -9999.0 -9999.0 -9999.0 -9999.0
0.938 0.709 1.137 1.111 1.352 1.348 1.346 1.996 1.343 0.644 0.635 0.875 1.356 1.354 1.361 0.656 0.869 0.654 0.653 0.903 0.915 0.658 1.054 1.052 0.778 0.713 0.634 0.772 0.516 0.631 0.513 1.313 1.313 1.316 1.352 0.92 1.083 1.292 1.041 1.297 0.646 1.282 0.644 0.653 0.502 0.501 -9999.0 -9999.0 -9999.0 -9999.0 -9999.0 -9999.0 -9999.0 -9999.0 -9999.0 -9999.0 -9999.0 -9999.0 -9999.0 -9999.0 -9999.0 -9999.0 -9999.0 -9999.0 -9999.0 -9999.0 -9999.0 -9999.0 -9999.0 -9999.0 -9999.0 -9999.0 -9999.0 -9999.0
1.14 1.136 1.421 1.103 1.368 1.367 1.346 1.371 1.341 1.34 1.37 0.681 1.354 1.984 1.349 0.663 1.118 0.906 0.797 1.112 1.112 1.11 1.108 1.106 1.105 0.789 0.519 0.754 0.515 0.649 0.513 0.516 0.649 0.515 1.354 1.31 1.062 1.903 0.9 1.295 1.284 0.644 0.636 0.626 0.625 0.625 0.497 0.499 0.619 0.498 0.497 0.617 -9999.0 -9999.0 -9999.0 -9999.0 -9999.0 -9999.0 -9999.0 -9999.0 -9999.0 -9999.0 -9999.0 -9999.0 -9999.0 -9999.0 -9999.0 -9999.0 -9999.0 -9999.0 -9999.0 -9999.0 -9999.0 -9999.0
1.601 1.137 1.421 1.422 1.348 1.366 1.363 1.36 1.341 1.582 1.35 0.674 1.354 1.352 0.706 0.785 0.662 0.781 1.11 0.781 1.105 1.103 1.108 1.106 1.104 0.856 0.906 0.705 0.518 0.65 0.782 0.641 0.628 0.514 1.337 0.999 0.635 1.073 0.838 1.292 1.285 0.502 0.751 0.634 0.502 0.633 0.617 0.497 0.498 0.498 0.497 0.617 0.616 -9999.0 -9999.0 -9999.0 -9999.0 -9999.0 -9999.0 -9999.0 -9999.0 -9999.0 -9999.0 -9999.0 -9999.0 -9999.0 -9999.0 -9999.0 -9999.0 -9999.0 -9999.0 -9999.0 -9999.0 -9999.0
1.606 0.686 1.6 1.106 0.702 1.345 1.362 1.359 1.358 1.375 1.349 1.353 0.653 1.348 0.785 0.523 0.867 0.524 0.7 0.747 0.639 0.61 0.791 0.518 0.643 1.097 1.325 0.753 0.644 1.316 1.928 0.848 0.515 0.552 1.349 1.339 1.024 1.081 0.905 0.802 0.868 0.858 0.503 0.629 0.502 0.506 0.498 0.497 0.499 0.498 0.495 0.613 0.496 -9999.0 -9999.0 -9999.0 -9999.0 -9999.0 -9999.0 -9999.0 -9999.0 -9999.0 -9999.0 -9999.0 -9999.0 -9999.0 -9999.0 -9999.0 -9999.0 -9999.0 -9999.0 -9999.0 -9999.0 -9999.0
0.934 1.111 1.105 0.813 0.728 1.343 1.36 1.358 1.357 1.336 0.651 0.688 1.349 0.771 0.521 0.522 0.797 0.7 0.521 0.677 0.793 0.696 1.952 0.765 0.7 0.634 1.1 1.322 1.801 1.323 1.316 1.319 0.978 0.82 0.762 1.336 0.733 1.081 0.745 0.886 1.043 0.644 0.637 0.503 0.794 0.774 0.498 0.509 0.503 0.496 0.495 0.624 0.616 0.496 -9999.0 -9999.0 -9999.0 -9999.0 -9999.0 -9999.0 -9999.0 -9999.0 -9999.0 -9999.0 -9999.0 -9999.0 -9999.0 -9999.0 -9999.0 -9999.0 -9999.0 -9999.0 -9999.0 -9999.0
0.685 1.997 1.096 1.092 1.106 1.087 0.975 1.39 1.355 1.429 1.346 1.345 0.605 0.533 0.519 0.519 0.641 0.537 0.536 0.532 0.793 0.67 0.791 0.564 0.53 0.525 0.772 0.786 1.318 1.315 1.313 1.313 1.311 1.307 1.307 0.851 0.916 1.081 0.759 0.862 0.901 0.627 0.779 0.712 0.751 0.84 0.502 0.632 0.497 0.496 0.496 0.862 0.497 -9999.0 -9999.0 -9999.0 -9999.0 -9999.0 -9999.0 -9999.0 -9999.0 -9999.0 -9999.0 -9999.0 -9999.0 -9999.0 -9999.0 -9999.0 -9999.0 -9999.0 -9999.0 -9999.0 -9999.0 -9999.0
1.997 0.813 1.104 1.101 1.089 1.104 1.128 1.037 1.441 0.99 1.346 0.656 1.35 0.52 0.519 0.524 0.614 0.52 0.522 0.656 0.711 0.754 0.84 0.562 0.567 0.526 0.54 0.945 0.68 1.317 1.314 1.314 1.311 1.528 1.31 1.002 1.073 0.736 0.54 0.53 1.015 0.865 0.858 0.703 0.66 0.672 0.625 0.544 0.622 0.497 1.058 0.498 0.497 -9999.0 -9999.0 -9999.0 -9999.0 -9999.0 -9999.0 -9999.0 -9999.0 -9999.0 -9999.0 -9999.0 -9999.0 -9999.0 -9999.0 -9999.0 -9999.0 -9999.0 -9999.0 -9999.0 -9999.0 -9999.0
2.0 1.99 1.104 1.102 1.097 1.104 1.127 1.989 0.857 0.871 1.346 1.348 1.353 0.521 0.524 0.644 0.523 0.521 0.522 0.522 0.52 0.881 0.724 0.53 0.529 0.525 0.655 0.672 0.854 0.645 1.315 1.314 1.311 1.308 0.737 0.725 0.537 0.54 0.624 1.017 0.593 1.073 0.883 1.07 1.049 0.762 1.066 1.017 1.039 1.006 0.502 0.498 0.497 -9999.0 -9999.0 -9999.0 -9999.0 -9999.0 -9999.0 -9999.0 -9999.0 -9999.0 -9999.0 -9999.0 -9999.0 -9999.0 -9999.0 -9999.0 -9999.0 -9999.0 -9999.0 -9999.0 -9999.0 -9999.0
1.409 1.115 0.773 1.41 1.101 0.522 1.108 0.97 0.885 1.394 1.346 1.345 0.522 0.649 0.525 0.525 0.521 0.524 0.523 0.521 0.525 0.647 0.526 0.69 0.527 0.805 0.61 0.77 0.521 0.854 1.316 1.314 1.313 1.309 1.503 0.648 0.509 0.539 0.559 0.562 1.016 0.634 0.76 0.76 0.71 0.819 0.889 0.637 0.623 0.631 0.499 0.498 0.497 0.497 -9999.0 -9999.0 -9999.0 -9999.0 -9999.0 -9999.0 -9999.0 -9999.0 -9999.0 -9999.0 -9999.0 -9999.0 -9999.0 -9999.0 -9999.0 -9999.0 -9999.0 -9999.0 -9999.0 -9999.0
0.777 1.103 0.767 0.97 0.775 1.126 1.105 1.102 1.097 0.833 1.346 1.345 1.344 1.342 1.341 0.526 0.525 0.523 0.522 0.606 0.627 0.52 0.529 0.522 0.759 0.758 0.523 0.77 0.52 0.655 0.684 1.315 1.312 0.632 0.916 0.513 0.509 0.538 0.572 0.507 0.875 0.831 0.7 0.685 0.683 0.657 1.275 1.273 0.628 0.641 0.498 0.618 0.614 0.495 0.498 -9999.0 -9999.0 0.497 0.499 -9999.0 -9999.0 -9999.0 -9999.0 -9999.0 -9999.0 -9999.0 -9999.0 -9999.0 -9999.0 -9999.0 -9999.0 -9999.0 -9999.0 -9999.0
0.766 1.987 0.587 0.62 0.518 0.984 0.608 1.111 0.597 1.004 0.664 0.663 0.654 1.343 1.342 1.341 0.527 0.525 0.628 0.718 0.524 0.527 0.547 0.562 0.533 0.535 0.54 0.675 0.521 0.519 0.714 0.646 1.304 1.301 0.882 0.535 0.513 0.559 0.525 0.87 0.835 0.855 0.764 0.69 1.279 1.277 0.641 0.639 0.635 1.271 1.269 1.324 0.496 0.495 0.498 -9999.0 -9999.0 0.497 0.656 -9999.0 -9999.0 -9999.0 -9999.0 -9999.0 -9999.0 -9999.0 -9999.0 -9999.0 -9999.0 -9999.0 -9999.0 -9999.0 -9999.0 -9999.0
0.529 1.345 0.529 1.356 0.52 0.521 0.528 0.997 0.528 0.694 0.988 0.663 0.653 0.653 1.342 1.34 0.526 0.528 0.525 0.527 0.525 0.532 0.526 0.534 0.524 0.523 0.52 0.658 0.748 0.677 0.655 0.643 0.634 1.341 0.632 0.524 0.509 0.553 0.658 0.891 0.941 0.944 0.936 1.314 0.768 0.77 0.853 0.862 0.761 0.626 0.626 0.747 0.497 0.623 0.497 0.513 0.499 0.631 0.495 -9999.0 -9999.0 -9999.0 -9999.0 -9999.0 -9999.0 -9999.0 -9999.0 -9999.0 -9999.0 -9999.0 -9999.0 -9999.0 -9999.0 -9999.0
0.531 0.531 0.531 0.66 0.53 0.531 0.53 1.352 0.53 0.661 0.532 0.663 0.529 0.533 0.78 0.778 0.778 0.975 0.701 1.005 0.753 0.536 0.532 0.532 0.526 0.533 0.708 0.654 0.984 0.883 0.789 1.004 0.735 1.354 0.511 0.527 0.522 0.529 0.728 0.885 0.963 1.306 1.299 0.904 1.053 0.864 0.64 0.632 0.635 0.501 0.5 0.5 0.5 0.497 0.629 0.631 0.497 0.823 0.496 -9999.0 -9999.0 -9999.0 -9999.0 -9999.0 -9999.0 -9999.0 -9999.0 -9999.0 -9999.0 -9999.0 -9999.0 -9999.0 -9999.0 -9999.0
0.532 0.661 0.532 0.669 0.531 0.531 0.531 0.531 0.53 0.529 0.529 0.656 0.656 0.528 0.528 0.527 0.538 0.776 0.777 0.772 0.776 0.742 0.541 0.543 0.71 0.728 0.7 0.655 0.654 0.653 0.658 0.644 1.918 1.087 0.77 0.532 0.527 0.734 0.934 0.656 0.928 0.98 0.888 0.886 0.857 0.976 0.642 0.644 0.638 0.627 0.626 0.5 0.499 0.498 0.622 0.633 0.663 0.681 0.495 0.495 0.626 0.495 -9999.0 -9999.0 -9999.0 -9999.0 -9999.0 -9999.0 -9999.0 -9999.0 -9999.0 -9999.0 -9999.0 -9999.0
0.534 0.538 0.533 0.535 0.533 0.66 0.532 0.532 0.659 0.531 0.53 0.533 0.53 0.533 0.532 0.532 0.547 0.536 0.537 0.545 0.529 0.773 1.098 0.824 0.706 1.071 0.695 0.715 1.091 0.649 0.659 0.948 0.941 0.94 0.644 0.527 0.708 0.815 1.004 1.003 0.892 0.878 1.075 0.874 0.849 0.629 0.652 0.667 0.637 0.502 0.502 0.5 0.5 0.499 0.645 0.712 1.013 0.625 0.495 0.495 0.614 0.613 -9999.0 -9999.0 -9999.0 -9999.0 -9999.0 -9999.0 -9999.0 -9999.0 -9999.0 -9999.0 -9999.0 -9999.0
0.54 0.535 0.535 0.656 0.534 0.537 0.533 0.533 0.657 0.532 0.659 0.535 0.531 0.534 0.533 0.533 0.836 0.558 0.538 0.578 0.563 0.545 0.772 0.771 0.688 0.683 0.966 0.78 0.924 0.923 0.961 1.351 1.521 0.639 0.844 0.689 0.849 0.707 0.685 1.298 0.74 0.636 0.884 0.999 0.871 0.879 0.87 0.868 0.534 0.505 0.502 0.64 0.501 0.499 0.516 0.521 1.06 0.721 0.615 0.495 0.558 0.614 -9999.0 -9999.0 -9999.0 -9999.0 -9999.0 -9999.0 -9999.0 -9999.0 -9999.0 -9999.0 -9999.0 -9999.0
0.54 0.914 1.365 0.826 1.358 1.979 1.368 1.359 0.603 0.533 0.533 0.536 0.532 0.532 0.532 0.669 0.776 0.537 0.69 0.596 0.79 0.821 0.752 0.545 0.559 0.796 0.677 0.67 1.925 0.705 0.719 1.392 0.726 0.64 0.517 0.942 0.684 0.716 0.691 0.73 0.784 0.693 0.886 0.921 0.757 0.873 0.857 0.648 0.508 0.635 0.639 0.505 0.503 0.503 0.508 0.502 0.581 0.616 0.615 0.615 0.707 -9999.0 -9999.0 -9999.0 -9999.0 -9999.0 -9999.0 -9999.0 -9999.0 -9999.0 -9999.0 -9999.0 -9999.0 -9999.0
0.964 0.864 1.683 0.896 1.383 0.844 0.912 0.971 0.78 0.825 1.356 0.619 0.534 0.544 0.543 0.777 0.54 0.775 0.541 0.69 0.677 0.565 0.736 0.805 0.729 0.555 0.559 0.665 0.65 0.734 1.315 0.946 0.646 0.673 0.822 0.657 0.652 0.653 0.655 0.674 0.643 0.639 0.642 0.642 0.636 0.634 0.735 0.71 0.514 0.521 0.52 0.509 0.52 0.521 0.748 0.533 0.655 1.06 0.626 0.623 1.058 -9999.0 -9999.0 -9999.0 -9999.0 -9999.0 -9999.0 -9999.0 -9999.0 -9999.0 -9999.0 -9999.0 -9999.0 -9999.0
1.123 1.982 1.118 1.121 1.12 0.894 0.784 0.64 0.772 1.036 0.778 0.771 1.35 0.664 1.351 0.54 0.536 0.537 0.536 0.537 0.538 0.642 0.769 0.788 0.697 0.839 0.737 0.553 0.617 1.318 1.643 0.944 0.749 0.647 0.944 0.651 0.522 0.523 0.522 0.521 0.648 1.301 0.639 0.638 0.643 0.636 0.721 0.707 0.687 0.523 0.617 0.521 0.52 0.538 0.544 0.534 0.525 1.052 0.644 1.059 1.059 0.891 -9999.0 -9999.0 -9999.0 -9999.0 -9999.0 -9999.0 -9999.0 -9999.0 -9999.0 -9999.0 -9999.0 -9999.0
1.982 1.981 1.121 0.75 1.976 0.724 0.575 0.639 0.72 0.641 0.662 0.661 0.633 0.67 0.662 0.535 0.535 0.534 0.537 0.536 0.54 0.538 0.637 0.663 0.534 0.65 0.66 0.559 0.671 1.32 1.341 0.645 0.644 0.643 0.86 0.784 0.838 0.556 0.522 0.522 0.52 0.517 0.517 0.64 0.639 1.295 0.636 0.635 0.629 0.718 0.626 0.754 1.051 0.753 0.504 0.503 0.668 1.058 1.052 0.512 0.686 0.745 0.772 0.619 0.618 -9999.0 -9999.0 -9999.0 -9999.0 -9999.0 -9999.0 -9999.0 -9999.0 -9999.0
0.92 1.121 1.12 1.976 1.384 1.117 0.783 0.576 0.559 0.557 0.542 0.542 0.543 0.611 0.54 0.676 0.536 0.539 0.535 0.534 0.537 0.544 0.568 0.535 0.698 0.554 0.662 0.661 0.664 1.322 0.647 0.647 0.646 0.645 0.644 0.665 0.657 0.665 0.525 0.521 0.52 0.643 1.303 0.686 0.64 1.297 0.642 0.632 0.631 0.63 0.628 0.785 0.839 0.74 0.671 0.948 1.063 0.623 0.518 0.503 0.501 0.62 1.059 0.622 0.499 0.498 -9999.0 -9999.0 -9999.0 -9999.0 -9999.0 -9999.0 -9999.0 -9999.0
1.0 0.703 1.977 1.368 1.368 0.653 0.723 0.591 0.589 0.548 0.541 0.67 0.542 0.54 0.54 0.539 0.537 0.54 0.67 0.535 0.535 0.538 0.57 0.544 0.535 0.53 0.7 0.679 0.651 0.937 0.649 1.089 1.088 0.646 0.645 0.651 0.65 0.659 0.655 0.525 0.646 0.521 0.648 0.821 1.301 1.299 0.635 0.787 0.846 1.07 1.03 0.842 1.067 0.63 1.066 1.061 1.064 0.654 0.637 0.634 0.504 0.503 0.51 0.643 0.502 0.624 -9999.0 -9999.0 -9999.0 -9999.0 -9999.0 -9999.0 -9999.0 -9999.0
0.923 1.977 1.975 1.469 0.635 0.723 0.582 1.375 1.384 0.559 0.545 0.543 0.546 0.672 0.671 0.541 0.54 0.538 0.544 0.694 0.662 0.541 0.536 0.537 0.537 0.665 0.53 0.956 0.889 0.659 0.65 0.951 0.892 0.881 0.653 0.652 0.651 0.65 0.527 0.525 0.524 0.522 0.839 0.854 1.075 0.662 1.073 0.739 0.514 1.885 0.753 0.82 1.068 0.729 1.066 0.866 0.518 0.625 0.627 0.639 0.509 0.507 0.658 0.67 0.626 0.627 -9999.0 -9999.0 -9999.0 -9999.0 -9999.0 -9999.0 -9999.0 -9999.0
0.785 1.441 0.714 0.7 1.434 1.364 0.546 0.545 0.545 0.547 0.602 0.56 0.557 0.919 0.584 0.882 0.739 0.561 0.564 0.659 0.658 0.578 0.676 0.539 0.538 0.571 0.804 1.927 0.657 0.652 0.897 0.728 0.884 0.661 0.654 0.662 0.653 0.652 0.669 0.689 0.721 0.97 0.822 1.077 0.855 0.756 0.74 0.522 0.655 1.296 0.634 0.514 1.069 1.068 0.641 0.64 0.634 1.296 0.631 0.509 0.509 0.63 0.635 0.66 0.632 0.642 -9999.0 -9999.0 0.507 -9999.0 -9999.0 -9999.0 -9999.0 -9999.0
0.894 0.638 0.849 0.835 0.637 0.642 0.621 0.621 0.577 0.547 0.563 0.561 0.574 0.615 0.671 0.825 0.651 0.566 0.828 0.588 0.62 0.657 0.695 0.542 0.539 0.539 0.673 0.662 0.704 0.654 0.684 0.86 0.8 0.842 0.656 0.655 0.654 0.653 0.688 0.807 0.655 0.921 0.822 0.858 0.747 0.744 0.532 0.523 0.657 1.887 0.517 0.637 0.648 1.068 0.657 0.642 0.726 0.66 0.634 0.634 0.561 0.511 0.511 0.839 0.839 0.631 0.509 0.509 0.509 0.51 0.509 -9999.0 -9999.0 -9999.0
1.569 1.387 0.717 0.716 0.553 0.552 0.551 0.552 0.551 0.551 0.577 0.626 0.671 0.677 0.624 1.948 0.825 0.952 0.802 0.968 0.963 0.629 0.68 0.539 0.541 0.677 0.687 0.698 1.35 0.982 0.948 0.76 0.627 0.64 0.695 0.662 0.656 0.987 0.674 0.781 0.808 0.862 0.991 0.789 0.864 0.731 0.526 0.528 0.654 1.888 0.523 0.522 0.656 1.069 0.659 0.946 1.295 0.643 0.633 0.633 0.632 0.635 0.635 0.512 0.515 0.841 0.633 0.633 0.511 0.513 0.512 0.512 -9999.0 0.513
0.653 1.387 1.428 0.67 0.556 0.556 0.56 0.554 0.691 0.688 0.577 0.568 0.645 0.804 0.655 0.65 1.35 0.896 0.918 0.915 0.706 0.794 0.694 0.674 0.679 0.678 1.93 0.696 1.642 0.942 0.918 0.939 1.085 0.681 0.641 0.535 0.663 0.534 0.757 0.772 0.538 0.84 1.046 0.894 0.532 0.689 0.529 0.527 0.522 1.889 0.525 0.651 0.519 2.079 0.664 1.3 0.686 1.298 0.566 0.667 0.638 0.637 0.637 0.515 0.636 0.763 0.543 0.514 0.514 1.282 0.513 0.513 1.28 1.284
1.434 0.67 0.919 1.397 1.374 0.56 0.558 0.554 0.554 0.554 0.739 0.79 0.835 0.627 0.629 0.822 0.633 0.985 0.744 0.764 1.075 0.811 0.715 0.724 0.677 1.337 0.85 0.914 0.953 1.924 0.657 0.916 0.762 0.762 0.566 0.537 0.536 0.549 0.556 0.851 0.633 0.679 0.623 0.913 0.69 0.731 0.53 0.529 1.314 0.617 0.654 0.527 0.642 2.08 0.646 1.301 1.88 1.3 0.768 0.641 0.64 0.64 0.639 0.639 0.647 0.848 0.517 0.639 0.517 0.52 1.289 0.637 1.815 1.285
0.691 0.695 0.652 0.625 0.694 1.374 1.373 1.371 0.556 0.556 0.579 0.573 0.683 0.683 0.83 0.657 0.761 0.663 0.853 1.349 0.805 1.026 0.784 0.71 0.707 0.67 1.929 1.337 0.66 0.659 0.661 0.677 0.916 1.084 0.556 0.559 0.538 0.606 0.557 0.887 0.938 1.35 0.749 0.812 0.732 0.535 0.531 0.658 1.592 0.529 0.533 0.529 0.655 1.071 0.645 1.301 1.304 1.879 0.853 0.643 0.643 0.642 0.642 0.889 0.706 0.52 0.52 0.656 1.294 0.524 0.523 0.521 0.517 0.645
