static/jobfarm/user_models/minyf/common/HOME-GBHM/输出文件/Output/Grids/Eact20020224.asc
ncols 221
nrows 204
xllcorner -627000.0
yllcorner 3955000.0
cellsize 900.0
NODATA_value -9999.0
[rows 99 to 131 of 204, columns 74 to 147 of 221]
1.246 1.247 0.648 0.87 0.873 0.648 0.873 0.872 0.872 0.872 0.872 0.872 1.642 0.871 0.871 0.871 0.854 0.87 0.87 0.868 0.87 0.809 0.603 0.603 0.737 1.636 0.615 0.657 0.732 0.732 0.732 0.787 0.731 0.755 0.691 0.668 0.72 0.73 0.755 0.865 0.865 0.683 0.546 0.609 0.65 0.566 1.591 0.641 1.226 0.563 0.56 0.653 0.542 0.279 0.282 1.223 1.226 1.222 0.863 1.627 0.436 1.627 0.633 1.265 1.627 0.864 1.627 1.628 1.626 1.628 0.864 0.864 0.865 0.865
1.272 0.648 0.873 0.852 0.873 0.671 0.774 0.67 0.872 0.671 0.872 0.548 0.872 0.872 0.871 0.871 0.87 0.871 0.871 0.87 0.87 0.618 0.64 1.639 0.621 0.621 0.693 0.693 0.732 0.732 0.732 0.732 0.756 0.732 0.692 0.692 0.755 0.731 0.754 0.754 0.635 0.547 1.632 0.69 1.229 0.678 1.631 1.63 1.231 1.252 0.668 0.584 0.547 0.545 0.865 0.36 0.553 0.547 1.238 0.435 1.243 1.63 1.252 1.284 0.613 0.665 0.865 0.866 1.632 1.246 0.852 1.631 1.629 0.867
0.578 0.732 0.873 0.872 0.873 0.694 0.719 0.571 0.439 0.82 0.872 0.749 0.548 0.872 0.872 0.871 0.871 0.871 0.862 0.549 0.587 1.24 0.64 0.622 0.616 0.734 0.693 0.733 0.733 0.733 0.733 0.733 0.698 0.693 0.732 0.732 0.732 0.756 0.756 0.756 0.594 0.581 1.231 1.279 0.627 0.627 0.549 1.633 0.636 0.621 0.734 0.568 1.223 0.587 0.866 0.552 0.862 0.557 0.866 0.436 1.246 0.754 1.604 1.239 0.676 0.667 1.634 1.634 0.62 1.635 1.636 1.636 1.635 0.869
1.646 1.646 1.646 0.873 0.711 0.87 0.736 0.868 0.648 0.671 0.599 0.599 0.548 0.548 0.548 0.872 0.599 0.756 0.572 0.577 0.749 0.828 0.629 0.694 0.688 0.694 0.694 0.694 0.716 0.733 0.789 0.733 0.705 0.693 0.691 0.784 0.868 0.868 0.781 0.698 0.548 0.541 0.541 0.541 0.541 0.667 0.566 0.55 1.236 1.225 0.55 0.566 0.554 0.548 0.848 0.377 1.242 0.864 0.868 1.572 0.863 1.636 1.636 0.724 0.548 1.23 1.231 0.598 0.62 1.233 0.682 1.25 1.259 0.871
1.646 1.597 0.671 0.671 0.873 0.873 0.873 0.658 0.873 0.873 0.873 0.873 0.872 0.872 0.599 0.599 0.599 0.599 0.599 0.599 0.599 0.695 0.735 0.689 0.713 0.695 0.695 0.694 0.688 0.694 0.694 0.694 0.671 0.694 0.734 0.869 0.631 0.693 0.869 0.869 0.554 0.548 0.541 0.541 0.541 0.541 0.584 0.551 0.548 0.548 1.419 0.554 0.546 0.573 0.869 0.867 1.638 0.865 0.656 1.638 0.864 1.339 1.639 1.272 1.231 1.232 0.561 0.56 1.234 0.623 0.719 1.252 1.251 0.872
1.646 0.873 0.671 0.613 0.671 0.873 0.873 0.873 0.873 0.644 0.873 0.549 0.549 0.593 0.597 0.6 0.599 0.599 0.696 0.696 0.696 0.708 0.695 0.695 0.695 0.695 0.695 0.695 0.695 0.695 0.695 0.695 0.734 0.734 0.792 0.759 0.694 0.759 0.759 0.87 0.58 0.544 0.549 0.542 0.542 0.542 0.349 0.341 0.591 0.589 0.492 0.56 0.542 0.542 0.542 0.861 0.87 0.362 0.657 0.871 1.267 1.25 1.268 1.422 1.238 1.236 1.236 1.237 0.584 0.552 1.241 0.585 1.252 0.593
0.873 1.641 0.873 0.873 0.704 0.873 0.873 0.873 0.873 0.873 0.873 0.873 0.873 0.549 0.599 1.645 0.696 0.696 0.696 0.696 0.656 0.696 0.696 0.708 0.745 0.872 0.695 0.695 0.735 0.731 0.695 0.735 0.871 0.759 0.735 0.695 0.695 0.574 0.871 0.871 0.549 0.543 0.543 0.543 0.543 0.543 0.579 0.55 0.342 0.341 0.398 0.347 0.543 0.543 0.543 0.543 0.802 1.231 1.644 0.552 0.872 1.248 1.248 0.362 1.237 1.239 1.238 1.239 1.24 1.24 1.254 1.25 0.592 1.244
1.646 1.646 1.64 0.873 0.873 0.873 0.873 0.873 0.855 0.873 0.873 0.873 0.872 0.761 0.802 0.873 0.585 0.69 0.696 0.696 0.696 0.708 0.708 0.711 0.872 0.696 0.696 0.696 0.708 0.708 0.76 0.736 0.696 0.696 0.695 0.76 0.872 0.872 0.792 0.579 0.543 0.543 0.543 0.543 0.567 0.572 1.249 1.255 0.55 0.344 1.232 0.341 0.342 0.544 0.544 0.544 0.546 0.28 0.311 0.552 0.868 1.648 0.353 0.36 1.239 1.24 1.24 1.24 1.242 1.243 1.247 1.253 0.598 0.601
1.646 0.874 1.28 0.874 0.874 0.874 0.604 0.874 0.874 0.87 0.874 0.874 0.874 0.709 0.873 0.597 0.697 0.702 0.685 0.697 0.761 0.697 0.697 0.873 0.69 0.696 0.709 0.834 0.696 0.711 0.708 0.736 0.69 0.736 0.807 0.873 0.873 0.736 0.873 0.58 0.572 0.569 0.585 0.56 0.567 0.544 0.556 1.256 0.676 0.588 0.616 0.544 0.544 0.342 0.807 0.452 0.545 0.545 0.59 0.545 1.313 0.442 0.44 1.253 0.584 1.653 0.582 1.655 1.245 1.246 1.252 1.26 1.256 1.258
1.646 1.631 0.874 1.647 0.852 0.832 0.874 0.81 0.874 0.873 0.874 0.874 0.874 0.874 0.874 0.874 0.713 0.852 0.693 0.691 0.723 0.719 0.793 0.793 0.874 0.697 0.697 0.874 0.709 0.761 0.709 0.697 0.737 0.731 0.874 0.874 0.874 0.737 0.862 0.873 0.695 0.56 0.554 0.581 0.604 0.57 0.546 1.237 0.688 1.239 0.86 1.24 0.545 0.545 0.342 0.36 0.453 0.546 0.576 0.546 1.596 0.442 1.286 1.293 1.656 1.246 1.657 1.649 1.659 1.578 1.253 0.882 0.777 1.27
1.646 1.646 1.643 0.874 1.647 0.874 0.874 0.85 0.814 0.872 0.873 0.874 0.86 0.874 0.874 0.874 0.79 0.874 0.874 0.697 0.697 0.722 0.762 0.738 0.874 0.874 0.697 0.691 0.39 0.691 0.697 0.6 0.697 0.697 0.698 0.697 0.697 0.584 0.875 0.875 0.661 0.573 0.547 0.755 0.579 1.509 0.614 0.598 0.699 1.239 1.238 0.557 1.251 1.288 0.546 0.342 0.681 0.682 0.662 1.655 0.441 1.657 1.657 1.658 1.659 1.66 0.444 0.444 1.281 1.663 1.261 0.884 0.884 0.629
1.646 1.647 1.647 1.647 1.647 0.874 0.874 0.66 0.723 0.874 0.874 0.874 0.874 0.874 0.874 0.875 0.875 0.588 0.596 0.571 0.738 0.738 0.738 0.738 0.725 0.738 0.794 0.697 0.691 0.686 0.813 0.737 0.856 0.794 1.303 0.875 0.795 0.652 0.621 0.583 0.587 0.587 0.555 0.642 0.571 0.575 0.583 0.554 1.24 0.565 0.539 0.556 0.866 1.294 1.501 1.255 0.547 0.443 0.876 0.44 0.874 0.876 0.877 1.661 0.882 1.663 1.664 1.665 1.666 0.884 0.731 0.886 0.886 1.293
1.647 1.647 1.647 1.295 1.283 1.647 0.874 0.874 0.874 0.874 0.875 0.875 0.875 0.875 0.875 0.875 0.875 0.875 0.595 0.864 0.669 0.694 0.745 0.83 0.875 0.738 0.738 0.812 0.738 0.698 0.698 0.698 0.739 0.731 0.842 0.639 0.651 0.646 0.655 0.575 0.65 0.588 0.572 0.651 0.572 0.588 0.582 0.581 1.274 0.582 0.557 1.264 1.657 0.879 0.365 1.272 1.284 1.264 0.444 0.881 0.882 0.879 1.662 0.883 1.665 1.666 1.667 0.885 0.886 0.886 0.887 0.888 0.888 0.889
1.647 1.647 1.647 1.647 1.284 1.648 0.875 0.875 0.875 0.875 0.875 0.875 0.558 0.551 0.568 0.577 0.875 0.592 0.622 0.656 0.874 0.657 0.862 0.624 0.819 0.777 0.739 0.739 1.639 0.739 0.739 0.727 0.739 0.739 0.619 0.656 0.582 0.852 0.658 0.576 0.572 0.572 0.573 0.652 0.563 0.652 0.599 0.603 0.605 0.675 0.639 0.587 1.264 1.262 0.88 0.366 0.88 1.259 1.663 0.444 0.441 0.445 1.285 0.865 0.885 0.886 1.671 0.887 0.888 0.888 0.889 0.889 0.886 0.651
0.874 1.647 1.647 1.648 1.616 1.422 0.875 0.875 0.875 0.868 0.875 0.875 0.552 0.564 0.57 0.875 0.876 0.612 0.659 0.658 0.853 0.63 0.633 0.874 0.727 0.716 0.877 0.877 0.877 0.877 0.74 1.653 1.653 0.74 0.725 1.284 0.592 0.654 0.877 0.73 0.879 0.879 0.573 0.573 0.879 0.88 0.291 0.309 1.285 0.791 0.64 1.259 1.265 1.263 1.271 1.276 0.883 0.884 0.667 1.667 1.668 0.446 0.444 0.886 0.887 1.673 1.674 0.889 0.447 0.89 1.679 0.891 0.892 1.298
0.874 0.874 1.647 1.648 0.875 1.649 1.648 0.875 0.44 0.875 0.875 0.876 0.876 0.876 0.727 0.727 0.876 0.743 0.689 0.673 0.577 0.578 0.587 0.6 0.8 0.83 0.877 0.877 0.658 0.606 0.878 0.878 0.878 0.877 0.675 0.589 0.549 0.563 0.652 0.652 0.879 0.76 0.673 0.55 0.88 0.663 0.688 0.64 0.64 1.662 1.391 0.776 1.267 0.357 0.367 0.367 0.885 1.668 1.669 0.364 0.37 0.428 1.261 0.883 0.889 0.447 0.884 1.678 0.891 0.892 1.682 1.684 1.683 1.686
1.25 1.28 0.874 1.648 1.649 1.649 1.649 0.875 0.875 0.441 0.876 0.441 0.79 0.876 0.876 0.876 0.613 0.613 0.614 0.608 0.6 0.651 0.721 0.698 0.877 0.878 0.878 0.878 0.605 0.606 0.623 0.628 0.76 0.59 0.589 0.59 0.572 0.59 0.59 0.653 0.778 0.802 0.628 0.567 0.695 0.882 0.702 0.655 0.576 0.293 0.679 0.586 0.289 0.319 1.668 1.669 0.886 0.887 0.882 1.302 1.271 0.886 0.447 1.269 1.678 1.679 0.892 0.877 0.449 1.684 1.673 1.687 1.689 0.449
1.251 1.648 0.875 1.649 1.649 1.637 1.646 0.876 0.876 0.876 0.844 0.876 0.876 0.875 0.877 0.877 0.613 0.877 0.615 0.674 0.651 0.674 0.698 0.698 0.878 0.878 0.871 0.879 0.606 0.642 0.817 0.661 0.879 0.584 0.59 0.574 0.606 0.574 0.654 0.591 0.743 0.68 0.719 0.559 0.793 0.655 0.648 0.656 1.51 1.667 1.348 1.668 0.291 1.291 1.299 1.672 0.887 0.888 0.889 0.447 0.447 1.678 0.884 0.448 0.448 1.682 0.893 1.685 0.895 0.449 0.449 0.45 1.883 1.682
0.874 0.44 1.835 1.835 0.875 1.65 0.876 0.876 0.876 0.876 0.876 0.876 0.877 0.553 0.877 0.877 0.877 0.609 0.582 0.578 0.585 0.675 0.675 0.879 0.879 0.879 0.879 0.879 0.607 0.607 0.686 0.661 0.623 0.584 0.654 1.337 0.551 0.351 0.559 0.655 0.739 0.826 0.576 0.552 0.802 0.593 0.577 0.657 1.668 0.718 0.583 1.265 0.583 0.585 1.342 1.674 1.675 1.676 0.89 0.448 0.369 0.369 0.892 0.893 0.449 0.449 1.687 0.371 1.69 0.371 0.894 0.45 1.888 1.381
0.874 1.835 0.875 1.649 0.875 0.876 0.876 0.876 0.876 0.876 0.876 0.877 0.553 1.456 0.553 0.878 0.878 0.878 0.651 0.745 0.652 0.652 0.879 0.879 0.879 0.88 0.88 0.878 0.88 0.88 0.881 0.661 0.61 0.576 0.591 0.654 0.744 0.609 1.392 1.664 0.655 0.855 0.621 0.621 0.577 0.57 1.317 0.71 0.721 0.773 0.614 1.526 0.615 1.331 1.676 1.677 0.89 0.891 0.891 0.448 0.893 1.683 0.894 0.895 0.873 0.45 1.69 1.691 0.899 0.899 0.9 0.897 1.672 0.3
0.738 0.875 1.649 1.65 1.65 0.876 1.837 0.876 0.876 0.877 0.877 0.877 0.553 0.553 0.553 0.878 0.878 0.878 0.876 0.879 0.652 0.879 0.879 0.88 0.88 0.873 0.814 0.881 0.585 0.823 0.719 0.663 0.617 0.58 0.559 0.609 0.638 0.595 1.665 1.665 1.665 0.803 0.68 0.622 0.57 0.578 0.781 0.658 1.671 0.602 0.586 0.601 1.314 1.677 1.678 1.679 0.892 0.674 0.449 1.684 0.37 0.37 0.896 0.369 0.368 0.894 0.449 1.684 0.898 1.698 1.7 0.654 0.29 1.882
0.692 0.755 1.649 1.65 1.65 1.651 0.876 0.877 0.877 0.877 0.877 0.877 0.554 0.554 0.554 0.878 0.879 0.879 0.879 0.879 0.88 0.88 0.88 0.88 0.88 0.881 0.881 0.881 0.879 0.875 0.882 0.875 0.883 0.883 0.766 0.679 0.61 0.601 0.62 1.277 1.668 0.681 0.886 0.886 0.622 0.579 0.857 0.841 0.659 0.889 0.659 0.667 1.512 0.668 1.681 1.682 0.893 0.449 0.894 0.893 0.37 0.371 1.691 0.371 0.371 1.273 0.9 0.452 1.7 1.283 1.703 0.628 0.901 1.884
1.835 0.875 1.65 1.65 1.651 1.651 1.652 1.652 0.877 0.877 1.84 1.458 0.554 0.878 0.879 0.879 0.879 0.879 0.88 0.88 0.88 0.88 0.881 0.881 0.443 0.881 0.881 0.882 0.882 0.882 0.883 0.883 0.883 0.884 0.884 0.884 0.756 0.723 0.607 1.669 0.658 0.734 0.446 0.887 0.71 0.58 1.675 0.745 0.89 1.678 1.276 0.668 0.729 0.89 0.893 0.894 0.675 0.449 0.894 0.897 0.371 0.371 0.87 0.372 0.372 0.613 1.277 0.901 0.374 0.357 0.901 0.906 0.903 0.905
0.875 1.649 1.65 1.651 1.651 1.652 1.652 1.653 1.653 1.654 1.254 1.254 0.554 1.843 0.879 0.879 0.879 0.88 0.88 0.88 0.881 0.87 0.881 0.881 0.882 0.882 0.882 0.883 0.883 0.865 0.883 0.884 0.882 0.884 0.884 0.87 0.723 0.723 0.724 1.67 0.658 0.888 0.446 0.655 0.563 0.886 1.311 1.678 0.891 0.892 0.8 0.669 0.893 0.894 0.895 0.895 0.45 0.897 0.897 0.898 0.899 1.695 1.404 0.901 0.902 0.621 0.293 0.607 0.576 0.575 0.455 0.455 1.714 0.907
1.649 1.65 1.65 0.876 1.652 0.877 1.653 1.653 1.654 1.654 0.878 0.878 0.879 1.657 0.879 0.88 0.88 0.88 0.88 0.881 0.881 0.881 0.882 0.882 0.882 0.883 0.883 0.883 0.884 0.884 0.884 0.885 0.885 0.885 0.886 0.886 0.886 0.725 0.725 0.657 0.652 0.704 0.447 0.56 0.612 1.269 0.891 0.892 0.892 0.604 0.669 1.681 1.686 1.687 0.75 0.897 0.578 0.898 0.899 0.9 0.587 0.588 0.288 0.589 0.904 0.576 0.591 0.295 0.319 0.586 0.906 0.907 0.456 0.911
1.65 1.65 1.651 0.876 0.877 1.653 0.877 0.878 1.654 0.878 0.878 0.879 1.657 1.657 0.88 0.88 0.88 0.881 0.881 0.881 0.882 0.882 0.882 0.882 0.882 0.883 0.883 0.884 0.884 0.885 0.885 0.885 0.88 0.886 0.886 0.887 0.887 0.79 0.726 0.599 0.666 0.639 0.723 0.581 1.679 1.271 1.667 1.29 0.448 0.894 0.638 0.813 0.803 0.45 0.585 0.677 0.899 0.899 0.9 0.901 0.902 0.903 0.293 0.293 0.57 1.288 0.575 0.639 0.641 0.573 0.911 0.911 0.91 0.91
1.65 0.876 0.876 0.876 1.652 0.877 0.877 0.878 0.878 0.878 0.879 1.657 1.657 1.658 1.659 0.88 1.847 0.881 0.881 0.882 0.882 0.882 0.883 0.883 0.883 0.884 0.884 0.884 0.885 0.885 0.886 0.886 0.886 0.887 0.887 0.888 0.888 0.889 0.889 0.89 1.418 0.655 0.889 1.68 1.307 0.893 0.893 1.684 0.681 0.895 0.651 0.896 0.45 0.45 0.586 0.451 0.9 0.901 0.902 1.701 0.903 1.704 1.706 0.837 0.579 0.592 1.292 0.569 0.575 1.285 0.577 0.914 0.915 0.913
0.876 0.876 0.876 1.331 0.877 1.654 1.278 0.878 0.878 0.879 0.879 0.879 1.658 1.659 1.659 0.881 1.661 0.881 0.882 0.882 0.883 0.883 0.883 0.884 0.884 0.884 0.885 0.885 0.886 0.87 0.871 0.887 0.887 0.888 0.888 0.889 0.889 0.889 0.89 1.678 0.891 0.861 1.681 1.682 0.893 0.894 0.802 1.322 0.671 0.672 1.69 0.45 0.451 0.451 0.9 0.588 0.901 0.902 0.903 1.703 1.705 0.906 1.708 1.31 1.334 0.593 0.594 1.325 1.305 1.289 0.61 0.916 0.917 0.918
0.876 0.876 0.656 0.877 0.842 0.878 0.878 0.878 0.879 0.879 0.879 1.658 1.659 1.659 0.881 1.661 1.661 1.662 0.882 0.883 0.883 0.883 0.884 0.884 0.884 0.883 0.885 0.886 0.886 0.887 0.887 0.887 0.888 0.888 0.889 0.889 0.89 0.89 0.891 0.891 0.624 1.681 1.683 1.308 0.894 0.895 0.677 0.896 0.715 0.679 0.661 1.689 1.691 0.9 0.901 1.699 0.903 0.453 1.704 0.903 0.906 0.907 0.907 0.828 1.342 0.595 0.573 0.598 0.599 1.724 1.308 0.918 0.919 1.329
0.46 0.876 0.877 0.877 0.877 0.878 0.878 0.879 0.879 0.879 0.88 0.88 1.659 1.66 1.661 1.661 1.662 0.882 0.883 1.852 1.665 0.884 0.884 0.885 0.885 0.886 0.886 0.886 0.887 0.887 0.888 0.888 0.889 0.889 0.89 0.89 0.891 0.891 0.892 0.892 0.893 0.73 1.684 0.72 1.686 0.896 1.688 0.728 0.729 0.899 0.899 0.9 1.698 0.902 0.902 0.83 0.904 0.901 0.453 0.454 0.908 0.906 0.575 0.831 0.596 1.335 0.582 0.6 1.335 0.603 1.332 1.348 1.531 0.922
0.873 0.439 0.441 0.673 0.878 0.803 0.879 0.879 0.879 0.88 0.88 1.655 1.66 1.661 0.882 0.882 0.882 0.883 0.883 0.884 0.791 1.855 1.856 1.857 0.886 0.886 0.887 0.887 0.888 0.888 0.888 0.889 0.889 0.89 0.89 0.891 0.891 0.892 0.893 0.893 0.894 0.449 1.687 0.721 1.687 0.761 1.69 0.898 0.899 0.9 0.9 0.901 1.7 0.903 1.703 0.905 0.905 0.906 0.904 1.407 0.455 0.91 0.675 0.912 0.596 1.723 0.575 0.917 0.739 1.732 0.92 1.736 0.923 1.741
0.876 0.877 0.647 0.878 1.655 0.576 0.576 0.879 0.88 0.88 0.88 0.881 1.661 1.662 1.662 0.882 0.883 0.883 0.884 1.626 0.885 0.872 0.885 0.885 1.67 1.86 0.887 0.888 0.888 0.889 0.889 0.89 0.89 0.891 0.891 0.892 0.892 0.893 0.893 0.894 1.686 1.687 1.688 1.69 0.897 0.898 0.899 1.695 1.696 0.901 0.902 1.7 1.702 1.311 1.705 0.906 0.907 1.708 0.909 1.333 0.578 0.569 0.913 0.72 0.589 1.726 0.774 0.704 1.733 0.601 0.746 0.923 1.742 0.926
0.574 0.575 0.836 1.291 1.651 0.879 0.576 0.576 0.577 0.88 0.881 0.881 0.882 0.882 0.882 0.883 0.883 0.884 0.884 0.885 0.885 0.885 0.886 0.886 0.887 1.861 1.862 1.863 1.741 1.865 0.89 0.89 0.891 0.891 0.892 0.893 0.893 0.894 0.894 1.687 1.688 1.366 1.69 1.691 1.688 0.899 0.9 1.697 0.586 0.819 1.7 1.697 0.904 1.706 0.723 0.907 0.908 1.713 1.349 1.351 1.337 1.721 0.914 1.725 1.727 0.574 1.731 0.6 0.601 0.723 0.924 0.925 1.746 0.928
