static/jobfarm/user_models/minyf/common/HOME-GBHM/输出文件/Output/Grids/Eact20020227.asc
ncols 221
nrows 204
xllcorner -627000.0
yllcorner 3955000.0
cellsize 900.0
NODATA_value -9999.0
[rows 66 to 98 of 204, columns 0 to 73 of 221]
-9999.0 -9999.0 -9999.0 -9999.0 -9999.0 -9999.0 -9999.0 -9999.0 -9999.0 -9999.0 -9999.0 -9999.0 0.546 1.171 0.574 0.72 0.719 1.164 1.117 0.437 0.664 0.488 0.449 0.583 0.406 0.578 0.55 0.558 0.502 0.452 0.292 0.332 0.515 0.438 0.46 0.287 0.534 1.236 0.275 0.504 0.409 0.5 0.221 0.22 0.215 0.215 0.201 0.475 0.482 0.362 0.367 0.366 0.556 1.115 0.379 0.641 0.751 0.561 0.435 0.45 0.503 0.503 0.298 1.071 0.44 0.449 0.295 0.274 1.049 1.099 1.098 0.376 0.18 0.273
-9999.0 -9999.0 -9999.0 -9999.0 -9999.0 -9999.0 -9999.0 -9999.0 -9999.0 -9999.0 -9999.0 -9999.0 0.549 0.581 1.117 0.59 1.168 1.103 0.53 0.397 1.065 0.564 0.606 0.548 0.406 0.496 0.528 0.625 0.328 0.545 0.501 0.382 0.479 0.489 0.584 0.599 0.376 0.494 0.352 0.379 0.612 0.461 0.46 0.388 0.54 0.514 0.494 0.476 0.5 0.304 0.292 0.44 0.657 0.447 0.42 0.692 0.629 0.623 0.514 0.453 0.459 0.556 0.47 0.555 0.468 0.439 1.103 0.358 1.09 1.193 1.098 0.459 1.086 0.185
-9999.0 -9999.0 -9999.0 -9999.0 -9999.0 -9999.0 -9999.0 -9999.0 -9999.0 -9999.0 -9999.0 -9999.0 0.509 0.584 1.273 1.09 1.089 0.593 0.64 0.61 1.263 1.09 0.44 0.585 0.587 0.575 0.356 0.512 0.581 0.624 0.52 0.583 0.543 0.483 0.49 0.476 0.445 0.594 1.084 0.6 0.342 0.242 0.503 0.528 0.402 0.516 0.523 0.566 0.454 0.563 0.463 0.582 0.423 0.464 0.463 0.643 0.578 1.104 0.398 0.462 0.534 0.44 0.324 0.457 0.429 0.496 1.02 0.324 0.866 1.041 1.099 1.097 0.444 0.438
-9999.0 -9999.0 -9999.0 -9999.0 -9999.0 -9999.0 -9999.0 -9999.0 -9999.0 -9999.0 -9999.0 -9999.0 0.572 0.551 0.505 0.548 1.082 0.644 1.178 0.518 1.102 0.59 1.133 1.157 0.64 0.545 0.346 0.428 0.563 0.402 0.496 0.596 0.492 0.49 0.491 0.464 0.465 0.513 0.475 0.447 0.492 0.692 0.437 0.496 0.312 0.317 0.498 0.548 0.472 0.315 0.592 0.518 0.517 0.507 0.444 0.496 0.566 0.592 0.291 1.06 0.484 0.625 0.51 0.503 0.422 0.548 0.275 1.103 1.102 0.912 0.267 0.267 0.346 0.571
-9999.0 -9999.0 -9999.0 -9999.0 -9999.0 -9999.0 -9999.0 -9999.0 -9999.0 -9999.0 -9999.0 -9999.0 -9999.0 0.536 0.515 0.584 1.092 0.645 0.548 0.68 0.664 0.563 0.666 0.432 0.559 0.372 0.538 0.657 0.583 0.405 0.467 0.378 0.472 0.593 0.485 0.458 0.589 0.487 0.48 0.495 0.929 0.442 0.616 0.375 0.538 0.47 0.468 0.542 0.499 0.496 0.488 0.528 0.544 0.478 0.474 0.465 0.567 0.471 1.104 1.111 1.044 1.21 1.034 0.551 0.395 0.424 0.586 0.61 0.384 0.304 1.101 1.099 0.583 0.582
-9999.0 -9999.0 -9999.0 -9999.0 -9999.0 -9999.0 -9999.0 -9999.0 -9999.0 -9999.0 -9999.0 -9999.0 -9999.0 -9999.0 -9999.0 0.595 1.16 0.649 0.547 1.133 0.578 0.578 0.496 0.445 0.597 0.526 0.402 0.431 0.509 0.558 0.501 0.459 0.551 0.506 0.547 0.591 0.491 0.475 0.51 0.598 0.508 0.483 0.326 1.207 0.541 0.522 0.477 0.501 0.568 0.617 0.389 0.309 0.529 0.435 0.442 0.571 0.416 0.321 0.966 0.52 0.502 0.628 1.209 1.11 1.207 1.097 1.047 1.103 0.365 0.268 1.091 1.196 0.448 0.453
-9999.0 -9999.0 -9999.0 -9999.0 -9999.0 -9999.0 -9999.0 -9999.0 -9999.0 -9999.0 -9999.0 -9999.0 -9999.0 -9999.0 -9999.0 0.657 1.078 0.552 0.549 0.538 0.613 0.659 0.679 0.434 0.465 1.161 0.715 0.393 0.583 1.11 0.507 0.528 0.422 0.519 0.467 0.596 0.461 0.476 0.303 1.104 0.48 0.446 1.236 0.276 0.242 0.487 0.485 0.615 0.486 0.477 1.225 0.549 0.309 0.566 0.53 0.496 0.539 0.332 0.592 0.517 0.381 1.028 0.346 0.271 0.278 1.206 0.465 1.03 1.043 1.044 1.199 1.099 0.442 0.441
-9999.0 -9999.0 -9999.0 -9999.0 -9999.0 -9999.0 -9999.0 -9999.0 -9999.0 -9999.0 -9999.0 -9999.0 -9999.0 -9999.0 -9999.0 -9999.0 1.277 0.555 0.569 0.523 0.582 0.578 0.61 0.358 0.666 1.091 0.524 1.259 0.663 1.128 0.507 1.108 0.511 0.355 0.395 0.499 0.463 0.492 0.491 0.492 0.344 0.303 0.343 0.586 0.334 0.466 0.573 0.525 0.395 0.545 0.385 0.662 0.543 0.455 0.391 0.584 0.47 1.218 0.495 1.04 0.425 0.561 1.077 1.019 1.209 0.454 1.056 0.47 0.367 1.012 1.068 1.199 0.443 0.443
-9999.0 -9999.0 -9999.0 -9999.0 -9999.0 -9999.0 -9999.0 -9999.0 -9999.0 -9999.0 -9999.0 -9999.0 -9999.0 -9999.0 -9999.0 0.727 0.726 0.666 -9999.0 0.509 0.507 0.391 0.578 0.421 0.667 1.153 1.1 0.539 0.664 0.349 1.068 0.58 0.473 1.072 0.503 0.522 0.55 0.472 0.454 0.511 0.368 0.307 0.517 1.119 0.437 0.655 0.485 0.517 0.293 0.487 0.519 0.443 0.482 0.624 0.221 0.468 0.463 0.503 0.519 0.509 0.563 0.466 0.515 0.464 0.359 0.427 0.502 0.537 0.268 0.367 0.349 1.084 0.29 1.041
-9999.0 -9999.0 -9999.0 -9999.0 -9999.0 -9999.0 -9999.0 -9999.0 -9999.0 -9999.0 -9999.0 -9999.0 -9999.0 -9999.0 -9999.0 -9999.0 -9999.0 -9999.0 -9999.0 0.395 0.543 0.534 0.582 0.604 0.668 0.56 0.468 1.108 0.453 1.159 0.436 0.651 0.546 1.153 0.605 1.25 0.518 0.597 0.595 0.496 0.286 1.08 1.07 1.136 0.693 0.265 1.124 0.527 0.448 0.477 0.504 0.477 0.369 0.588 1.047 0.535 1.121 1.068 0.261 0.51 0.466 0.382 0.458 0.433 0.446 0.445 0.502 0.575 1.088 0.368 1.086 1.069 0.575 0.482
-9999.0 -9999.0 -9999.0 -9999.0 -9999.0 -9999.0 -9999.0 -9999.0 -9999.0 -9999.0 -9999.0 -9999.0 -9999.0 -9999.0 -9999.0 -9999.0 -9999.0 -9999.0 0.551 0.395 0.583 0.423 0.421 0.608 0.655 0.464 0.406 1.127 0.617 1.107 0.374 1.204 0.335 0.322 1.091 0.606 0.47 0.553 0.598 0.495 0.471 0.477 0.592 1.116 0.343 0.576 1.091 0.367 0.477 0.596 0.483 0.529 0.33 0.469 0.435 0.35 0.57 0.469 0.503 0.576 0.451 0.451 0.41 0.562 0.447 0.459 0.461 0.478 1.097 0.638 1.046 1.037 0.545 0.468
-9999.0 -9999.0 -9999.0 -9999.0 -9999.0 -9999.0 -9999.0 -9999.0 -9999.0 -9999.0 -9999.0 -9999.0 -9999.0 -9999.0 -9999.0 -9999.0 -9999.0 -9999.0 -9999.0 0.651 0.569 0.425 0.423 1.091 0.336 0.335 0.419 0.659 0.566 1.09 1.094 0.381 0.366 1.255 0.511 0.608 0.548 0.546 0.494 0.598 0.456 0.488 0.488 0.46 0.327 1.087 0.476 1.108 0.383 0.237 0.222 0.477 0.367 0.373 0.462 0.502 0.29 0.516 0.465 1.219 0.345 0.362 0.426 0.466 0.457 0.383 0.579 0.468 1.207 0.369 0.359 1.095 0.501 0.419
-9999.0 -9999.0 -9999.0 -9999.0 -9999.0 -9999.0 -9999.0 -9999.0 -9999.0 -9999.0 -9999.0 -9999.0 -9999.0 -9999.0 -9999.0 -9999.0 -9999.0 -9999.0 0.663 0.615 0.356 0.436 0.672 0.671 0.258 0.378 0.387 0.387 1.085 0.412 1.108 1.063 0.255 0.558 0.647 0.53 0.403 0.516 0.497 0.501 0.499 0.32 0.488 0.52 0.451 0.449 0.394 0.343 0.429 0.302 0.383 0.481 0.292 1.013 0.576 0.368 0.473 0.371 0.57 1.06 0.323 0.568 0.503 0.59 0.563 0.435 0.561 0.473 0.462 0.245 0.687 0.516 0.476 0.494
-9999.0 -9999.0 -9999.0 -9999.0 -9999.0 -9999.0 -9999.0 -9999.0 -9999.0 -9999.0 -9999.0 -9999.0 -9999.0 -9999.0 -9999.0 -9999.0 -9999.0 -9999.0 0.529 1.092 1.18 1.176 1.14 0.533 1.273 0.641 0.498 0.439 0.589 0.558 0.717 0.56 0.577 0.279 0.444 0.583 0.347 0.476 0.466 0.532 0.538 0.526 0.496 0.522 0.486 0.49 0.493 0.481 0.588 1.132 0.424 0.291 0.636 1.129 0.578 0.521 0.513 0.443 0.35 0.291 1.052 0.507 0.472 0.491 0.461 0.465 0.443 0.462 0.453 1.049 0.519 0.369 0.476 0.45
-9999.0 -9999.0 -9999.0 -9999.0 -9999.0 -9999.0 -9999.0 -9999.0 -9999.0 -9999.0 -9999.0 -9999.0 -9999.0 -9999.0 -9999.0 -9999.0 -9999.0 1.187 0.562 0.576 0.581 1.178 0.421 0.316 0.26 0.283 1.143 0.434 1.268 1.103 1.119 1.163 1.133 0.436 0.331 0.361 0.847 0.332 0.431 0.507 0.604 0.66 0.534 0.376 0.375 0.374 0.468 0.517 0.499 0.243 0.392 1.089 0.273 0.283 0.499 0.478 1.091 0.575 0.495 0.434 0.453 0.381 0.569 0.568 0.565 0.622 0.493 0.464 0.476 0.472 1.109 0.269 0.512 1.095
-9999.0 -9999.0 -9999.0 -9999.0 -9999.0 -9999.0 -9999.0 -9999.0 -9999.0 -9999.0 -9999.0 -9999.0 -9999.0 -9999.0 -9999.0 -9999.0 -9999.0 -9999.0 1.185 -9999.0 0.575 0.625 0.324 0.267 0.278 0.309 1.173 0.573 1.072 1.139 0.333 1.264 0.437 1.261 1.159 0.348 0.713 0.337 0.416 0.608 0.684 0.302 0.501 0.302 0.376 0.375 0.399 0.491 0.498 0.542 0.352 1.234 1.047 0.391 0.451 0.442 0.249 0.577 0.529 0.486 0.574 0.526 0.516 0.507 0.489 0.471 0.565 0.362 0.477 0.517 1.075 1.09 0.369 0.392
-9999.0 -9999.0 -9999.0 -9999.0 -9999.0 -9999.0 -9999.0 -9999.0 -9999.0 -9999.0 -9999.0 -9999.0 -9999.0 -9999.0 -9999.0 -9999.0 -9999.0 -9999.0 -9999.0 -9999.0 -9999.0 0.55 0.317 0.372 0.41 0.263 0.418 0.408 1.168 1.149 1.148 0.667 1.093 0.375 0.334 1.122 1.157 0.615 0.531 0.396 0.599 0.543 0.479 0.378 0.302 0.457 0.48 0.359 0.303 0.551 0.301 0.655 0.514 0.397 0.361 0.549 0.377 0.532 0.455 0.488 0.575 0.573 0.3 0.578 0.489 0.496 0.447 0.479 0.564 0.475 0.452 1.082 0.355 1.096
-9999.0 -9999.0 -9999.0 -9999.0 -9999.0 -9999.0 -9999.0 -9999.0 -9999.0 -9999.0 -9999.0 -9999.0 -9999.0 -9999.0 -9999.0 -9999.0 -9999.0 -9999.0 -9999.0 -9999.0 -9999.0 -9999.0 -9999.0 0.346 0.244 0.384 0.249 0.316 0.248 1.073 1.169 1.167 1.111 1.084 0.665 1.26 0.535 0.334 0.577 0.645 0.407 0.348 0.364 0.505 0.511 0.599 0.401 0.595 0.488 0.592 0.509 1.075 1.099 0.506 0.462 1.13 0.649 0.388 0.371 0.271 0.606 0.446 0.393 0.339 0.443 0.471 0.456 0.513 0.566 0.437 0.495 1.083 0.639 0.457
-9999.0 -9999.0 -9999.0 -9999.0 -9999.0 -9999.0 -9999.0 -9999.0 -9999.0 -9999.0 -9999.0 -9999.0 -9999.0 -9999.0 -9999.0 -9999.0 -9999.0 -9999.0 -9999.0 -9999.0 -9999.0 -9999.0 -9999.0 -9999.0 0.256 0.251 0.328 0.263 0.431 0.427 0.299 1.268 0.646 0.598 1.263 0.572 0.495 0.385 0.416 1.136 1.091 0.333 0.329 0.346 0.5 0.49 0.602 0.6 0.481 0.594 0.513 1.137 0.365 0.506 0.457 0.473 1.23 0.649 1.117 0.61 0.589 0.696 0.646 0.483 0.324 0.23 0.47 0.501 0.482 0.565 0.469 1.111 0.371 0.545
-9999.0 -9999.0 -9999.0 -9999.0 -9999.0 -9999.0 -9999.0 -9999.0 -9999.0 -9999.0 -9999.0 -9999.0 -9999.0 -9999.0 -9999.0 -9999.0 -9999.0 -9999.0 -9999.0 -9999.0 -9999.0 -9999.0 -9999.0 -9999.0 0.257 0.232 0.23 0.272 0.243 0.208 0.309 0.307 0.307 0.381 0.614 0.661 1.068 1.114 1.078 0.713 1.067 1.065 0.627 0.246 0.449 0.475 0.54 0.502 0.305 0.606 0.244 0.374 0.49 0.458 0.492 1.088 0.314 0.481 0.583 0.399 0.697 1.089 0.325 1.045 0.645 0.391 0.394 0.496 0.462 0.523 0.488 0.977 0.286 1.088
-9999.0 -9999.0 -9999.0 -9999.0 -9999.0 -9999.0 -9999.0 -9999.0 -9999.0 -9999.0 -9999.0 -9999.0 -9999.0 -9999.0 -9999.0 -9999.0 -9999.0 -9999.0 -9999.0 -9999.0 -9999.0 -9999.0 -9999.0 -9999.0 -9999.0 0.333 0.231 0.247 0.276 0.252 0.29 0.23 0.292 0.595 0.192 0.57 0.969 1.026 1.259 0.401 1.077 1.067 1.099 1.115 0.38 0.699 0.617 0.497 0.544 0.525 0.596 0.304 0.358 0.485 1.235 0.396 0.488 0.489 0.373 1.051 0.94 0.294 0.547 0.456 1.086 1.11 0.333 0.377 0.37 0.57 0.48 0.374 0.632 1.1
-9999.0 -9999.0 -9999.0 -9999.0 -9999.0 -9999.0 -9999.0 -9999.0 -9999.0 -9999.0 -9999.0 -9999.0 -9999.0 -9999.0 -9999.0 -9999.0 -9999.0 -9999.0 -9999.0 -9999.0 -9999.0 -9999.0 -9999.0 -9999.0 -9999.0 0.232 0.23 0.236 0.238 0.33 0.256 0.307 0.266 0.298 0.384 0.58 1.084 1.157 0.437 0.344 0.604 1.136 1.152 1.082 0.645 0.524 0.421 0.347 0.502 0.519 0.598 0.473 0.547 1.137 0.52 0.51 0.59 0.588 0.242 0.585 0.505 0.539 0.551 0.331 0.508 1.077 0.331 1.119 1.117 1.116 1.03 0.304 1.211 0.69
-9999.0 -9999.0 -9999.0 -9999.0 -9999.0 -9999.0 -9999.0 -9999.0 -9999.0 -9999.0 -9999.0 -9999.0 -9999.0 -9999.0 -9999.0 -9999.0 -9999.0 -9999.0 -9999.0 -9999.0 -9999.0 -9999.0 -9999.0 -9999.0 -9999.0 -9999.0 0.31 0.3 -9999.0 -9999.0 0.282 0.33 0.272 0.262 0.261 0.287 0.268 1.163 0.432 0.639 0.681 1.137 0.532 0.674 1.064 0.66 0.659 0.333 0.497 0.529 0.344 0.492 0.534 0.523 0.455 0.545 0.378 0.302 0.457 0.539 0.489 0.46 0.494 1.089 0.526 1.103 0.293 0.574 0.572 0.517 0.474 0.449 0.453 0.374
-9999.0 -9999.0 -9999.0 -9999.0 -9999.0 -9999.0 -9999.0 -9999.0 -9999.0 -9999.0 -9999.0 -9999.0 -9999.0 -9999.0 -9999.0 -9999.0 -9999.0 -9999.0 -9999.0 -9999.0 -9999.0 -9999.0 -9999.0 -9999.0 -9999.0 -9999.0 -9999.0 -9999.0 -9999.0 -9999.0 0.279 0.31 0.244 0.313 0.367 0.307 0.307 0.335 0.191 0.691 1.149 1.258 1.094 0.298 1.067 1.115 0.461 0.519 0.308 0.504 0.342 0.361 0.458 0.49 0.457 0.505 0.493 1.048 0.377 0.588 0.546 0.589 0.241 0.52 0.594 1.121 0.582 0.504 0.52 0.47 0.605 0.595 0.407 0.375
-9999.0 -9999.0 -9999.0 -9999.0 -9999.0 -9999.0 -9999.0 -9999.0 -9999.0 -9999.0 -9999.0 -9999.0 -9999.0 -9999.0 -9999.0 -9999.0 -9999.0 -9999.0 -9999.0 -9999.0 -9999.0 -9999.0 -9999.0 -9999.0 -9999.0 -9999.0 -9999.0 -9999.0 -9999.0 0.334 0.275 0.259 0.374 0.305 0.341 0.33 0.227 0.656 0.653 1.066 0.54 0.656 1.112 1.073 1.084 1.043 0.711 1.379 0.687 0.348 0.48 0.538 0.408 0.467 0.456 0.375 0.343 0.504 0.526 0.449 0.587 0.422 1.128 0.519 0.485 0.481 0.458 0.451 0.578 0.512 0.456 0.39 0.642 0.624
-9999.0 -9999.0 -9999.0 -9999.0 -9999.0 -9999.0 -9999.0 -9999.0 -9999.0 -9999.0 -9999.0 -9999.0 -9999.0 -9999.0 -9999.0 -9999.0 -9999.0 -9999.0 -9999.0 -9999.0 -9999.0 -9999.0 -9999.0 -9999.0 -9999.0 -9999.0 -9999.0 -9999.0 0.268 0.285 0.302 0.268 0.313 0.264 0.254 0.603 0.243 0.217 0.556 0.605 0.561 0.658 1.105 1.086 1.046 0.344 0.66 0.471 0.541 0.559 0.307 0.463 0.462 0.51 0.598 0.541 0.603 0.537 0.544 0.467 0.492 1.12 0.3 0.293 0.484 0.483 0.467 0.493 0.527 0.587 1.025 1.082 1.089 0.624
-9999.0 -9999.0 -9999.0 -9999.0 -9999.0 -9999.0 -9999.0 -9999.0 -9999.0 -9999.0 -9999.0 -9999.0 -9999.0 -9999.0 -9999.0 -9999.0 -9999.0 -9999.0 -9999.0 -9999.0 -9999.0 -9999.0 -9999.0 -9999.0 -9999.0 -9999.0 -9999.0 -9999.0 0.277 0.294 0.217 0.402 0.293 0.593 0.285 0.245 0.27 0.26 0.294 0.655 0.653 0.524 0.69 0.638 0.588 1.11 0.421 1.252 0.371 0.609 0.409 0.643 0.48 0.546 0.502 0.306 1.069 0.594 0.504 0.294 0.253 1.129 0.588 0.486 0.532 0.477 0.535 0.461 0.669 1.094 1.109 0.456 1.049 1.116
-9999.0 -9999.0 -9999.0 -9999.0 -9999.0 -9999.0 -9999.0 -9999.0 -9999.0 -9999.0 -9999.0 -9999.0 -9999.0 -9999.0 -9999.0 -9999.0 -9999.0 -9999.0 -9999.0 -9999.0 -9999.0 -9999.0 -9999.0 -9999.0 -9999.0 -9999.0 -9999.0 0.498 0.287 0.277 0.227 0.727 0.437 0.293 0.374 0.34 0.279 0.238 0.227 0.531 0.396 0.517 1.261 1.091 0.961 1.111 0.384 1.117 0.451 0.71 0.408 0.578 0.535 0.505 0.529 0.495 0.666 0.596 0.547 0.529 1.133 0.518 0.475 0.494 0.505 0.503 0.584 0.674 0.529 0.493 0.598 0.467 1.025 1.065
-9999.0 -9999.0 -9999.0 -9999.0 -9999.0 -9999.0 -9999.0 -9999.0 -9999.0 -9999.0 -9999.0 -9999.0 -9999.0 -9999.0 -9999.0 -9999.0 -9999.0 -9999.0 -9999.0 -9999.0 -9999.0 -9999.0 -9999.0 -9999.0 -9999.0 -9999.0 -9999.0 -9999.0 0.336 0.236 0.264 0.209 0.205 0.259 0.338 0.547 0.257 0.291 0.295 0.398 0.557 0.153 1.129 1.158 0.341 1.104 0.535 1.058 0.44 0.396 0.45 0.658 0.349 0.49 0.503 0.529 0.46 0.498 0.596 0.299 0.63 0.495 0.526 0.302 0.377 0.486 0.481 0.503 0.481 0.602 0.5 0.468 1.092 1.024
-9999.0 -9999.0 -9999.0 -9999.0 -9999.0 -9999.0 -9999.0 -9999.0 -9999.0 -9999.0 -9999.0 -9999.0 -9999.0 -9999.0 -9999.0 -9999.0 -9999.0 -9999.0 -9999.0 -9999.0 -9999.0 -9999.0 -9999.0 -9999.0 -9999.0 -9999.0 -9999.0 -9999.0 0.237 0.261 0.268 0.258 0.264 0.23 0.593 0.422 0.39 0.252 0.315 0.399 0.66 0.538 1.163 0.419 0.416 0.246 1.257 0.435 0.642 0.581 0.472 0.643 0.409 0.56 0.403 0.556 0.487 0.468 0.381 0.596 0.302 0.504 0.492 0.459 0.55 0.53 0.662 0.486 0.597 0.489 0.488 0.615 0.613 1.218
-9999.0 -9999.0 -9999.0 -9999.0 -9999.0 -9999.0 -9999.0 -9999.0 -9999.0 -9999.0 -9999.0 -9999.0 -9999.0 -9999.0 -9999.0 -9999.0 -9999.0 -9999.0 -9999.0 -9999.0 -9999.0 -9999.0 -9999.0 -9999.0 -9999.0 -9999.0 -9999.0 -9999.0 0.271 0.405 0.431 0.412 0.438 0.236 0.222 0.338 0.336 0.389 0.518 0.701 0.576 0.333 1.071 0.586 0.367 0.281 0.255 0.323 0.662 1.074 0.334 0.71 0.609 0.603 0.61 0.332 0.539 0.502 0.552 0.393 0.456 0.252 0.294 0.31 0.459 0.313 0.395 0.481 0.498 0.49 0.387 0.453 0.566 0.631
-9999.0 -9999.0 -9999.0 -9999.0 -9999.0 -9999.0 -9999.0 -9999.0 -9999.0 -9999.0 -9999.0 -9999.0 -9999.0 -9999.0 -9999.0 -9999.0 -9999.0 -9999.0 -9999.0 -9999.0 -9999.0 -9999.0 -9999.0 -9999.0 -9999.0 -9999.0 -9999.0 0.28 0.238 0.337 0.251 0.26 0.334 0.241 0.29 0.599 0.421 0.336 1.171 0.596 1.131 0.643 1.164 1.11 1.162 1.073 0.192 0.461 1.23 0.409 1.065 0.383 0.601 0.658 0.385 0.475 0.514 0.538 0.553 0.264 0.245 0.319 0.22 0.26 0.374 0.283 0.25 0.257 0.499 0.492 0.502 0.498 0.462 1.085
-9999.0 -9999.0 -9999.0 -9999.0 -9999.0 -9999.0 -9999.0 -9999.0 -9999.0 -9999.0 -9999.0 -9999.0 -9999.0 -9999.0 -9999.0 -9999.0 -9999.0 -9999.0 -9999.0 -9999.0 -9999.0 -9999.0 -9999.0 -9999.0 -9999.0 -9999.0 -9999.0 0.298 0.459 0.382 0.313 0.239 0.259 0.277 1.182 0.621 1.088 0.38 0.579 0.337 0.44 1.158 0.369 1.165 1.084 0.367 1.089 0.436 1.18 1.149 1.151 1.051 1.085 0.313 0.355 0.412 0.383 0.418 0.539 0.31 0.212 0.27 0.211 0.392 0.223 0.264 0.227 0.479 0.224 0.5 0.466 0.516 0.327 0.52
