static/jobfarm/user_models/minyf/common/HOME-GBHM/输出文件/Output/Grids/Eact20020222.asc
ncols 221
nrows 204
xllcorner -627000.0
yllcorner 3955000.0
cellsize 900.0
NODATA_value -9999.0
[rows 33 to 65 of 204, columns 0 to 73 of 221]
-9999.0 -9999.0 -9999.0 -9999.0 -9999.0 -9999.0 -9999.0 -9999.0 -9999.0 -9999.0 -9999.0 -9999.0 -9999.0 -9999.0 -9999.0 -9999.0 -9999.0 -9999.0 -9999.0 -9999.0 -9999.0 -9999.0 -9999.0 -9999.0 -9999.0 -9999.0 -9999.0 -9999.0 -9999.0 -9999.0 -9999.0 -9999.0 -9999.0 -9999.0 0.222 0.161 0.185 0.185 0.159 0.174 0.157 0.177 0.173 0.178 0.186 0.203 0.245 0.181 0.174 0.262 0.175 0.173 0.188 0.163 0.196 0.162 0.159 0.162 0.196 0.152 0.159 0.161 0.17 0.187 0.163 0.178 0.169 0.225 0.244 0.162 0.234 0.189 0.144 0.171
-9999.0 -9999.0 -9999.0 -9999.0 -9999.0 -9999.0 -9999.0 -9999.0 -9999.0 -9999.0 -9999.0 -9999.0 -9999.0 -9999.0 -9999.0 -9999.0 -9999.0 -9999.0 -9999.0 -9999.0 -9999.0 -9999.0 -9999.0 -9999.0 -9999.0 -9999.0 -9999.0 -9999.0 -9999.0 -9999.0 -9999.0 -9999.0 -9999.0 0.168 0.173 0.172 0.171 0.17 0.2 0.202 0.172 0.152 0.19 0.159 0.173 0.183 0.177 0.219 0.185 0.168 0.127 0.181 0.174 0.165 0.166 0.132 0.169 0.163 0.181 0.172 0.18 0.248 0.191 0.191 0.197 0.213 0.241 0.264 0.19 0.183 0.201 0.195 0.169 0.167
-9999.0 -9999.0 -9999.0 -9999.0 -9999.0 -9999.0 -9999.0 -9999.0 -9999.0 -9999.0 -9999.0 -9999.0 -9999.0 -9999.0 -9999.0 -9999.0 -9999.0 -9999.0 -9999.0 -9999.0 -9999.0 -9999.0 -9999.0 -9999.0 -9999.0 -9999.0 -9999.0 -9999.0 -9999.0 -9999.0 -9999.0 -9999.0 -9999.0 0.15 0.184 0.219 0.217 0.207 0.178 0.196 0.183 0.179 0.173 0.179 0.167 0.167 0.147 0.137 0.175 0.168 0.205 0.227 0.186 0.184 0.254 0.183 0.242 0.183 0.173 0.191 0.197 0.165 0.181 0.163 0.183 0.181 0.203 0.169 0.135 0.189 0.135 0.173 0.213 0.181
-9999.0 -9999.0 -9999.0 -9999.0 -9999.0 -9999.0 -9999.0 -9999.0 -9999.0 -9999.0 -9999.0 -9999.0 -9999.0 -9999.0 -9999.0 -9999.0 -9999.0 -9999.0 -9999.0 -9999.0 -9999.0 -9999.0 -9999.0 -9999.0 -9999.0 -9999.0 -9999.0 -9999.0 -9999.0 -9999.0 -9999.0 -9999.0 -9999.0 -9999.0 0.252 0.222 0.203 0.162 1.267 1.139 0.145 0.168 0.168 0.196 0.145 0.143 0.151 0.167 0.183 0.183 0.205 0.206 0.215 0.177 0.235 0.177 0.175 0.204 0.182 0.19 0.171 0.165 0.201 0.204 0.189 0.201 0.175 0.175 0.168 0.172 0.21 0.19 0.169 0.171
-9999.0 -9999.0 -9999.0 -9999.0 -9999.0 -9999.0 -9999.0 -9999.0 -9999.0 -9999.0 -9999.0 -9999.0 -9999.0 -9999.0 -9999.0 -9999.0 -9999.0 -9999.0 -9999.0 -9999.0 -9999.0 -9999.0 -9999.0 -9999.0 -9999.0 -9999.0 -9999.0 -9999.0 -9999.0 -9999.0 -9999.0 -9999.0 -9999.0 -9999.0 -9999.0 0.193 0.185 0.202 1.399 0.199 0.169 0.214 0.186 0.16 0.145 0.161 0.157 0.161 0.191 0.175 0.162 0.16 0.183 0.213 0.193 0.186 0.184 0.129 0.176 0.218 0.212 0.196 0.118 0.172 0.165 0.154 0.156 0.165 0.211 0.173 0.203 0.205 0.181 0.181
-9999.0 -9999.0 -9999.0 -9999.0 -9999.0 -9999.0 -9999.0 -9999.0 -9999.0 -9999.0 -9999.0 -9999.0 -9999.0 -9999.0 -9999.0 -9999.0 -9999.0 -9999.0 -9999.0 -9999.0 -9999.0 -9999.0 -9999.0 -9999.0 -9999.0 -9999.0 -9999.0 -9999.0 -9999.0 -9999.0 -9999.0 -9999.0 -9999.0 -9999.0 -9999.0 0.211 0.201 1.299 0.731 0.233 0.228 0.206 0.21 0.18 0.183 0.183 0.238 0.238 0.228 0.211 0.188 0.228 0.207 0.207 0.214 0.15 0.16 0.19 0.178 0.16 0.168 0.176 0.182 0.232 0.212 0.182 0.164 0.163 0.159 0.165 0.165 0.232 0.218 0.182
-9999.0 -9999.0 -9999.0 -9999.0 -9999.0 -9999.0 -9999.0 -9999.0 -9999.0 -9999.0 -9999.0 -9999.0 -9999.0 -9999.0 -9999.0 -9999.0 -9999.0 -9999.0 -9999.0 -9999.0 -9999.0 -9999.0 -9999.0 -9999.0 -9999.0 -9999.0 -9999.0 -9999.0 -9999.0 -9999.0 -9999.0 -9999.0 -9999.0 -9999.0 -9999.0 0.169 0.169 0.169 0.102 0.099 0.185 0.198 0.207 0.206 0.183 0.176 0.176 0.184 0.184 0.189 0.175 0.183 0.191 0.206 0.183 0.161 0.17 0.14 0.161 0.16 0.169 0.213 0.182 0.205 0.162 0.162 0.171 0.176 0.176 0.226 0.202 0.153 0.193 0.194
-9999.0 -9999.0 -9999.0 -9999.0 -9999.0 -9999.0 -9999.0 -9999.0 -9999.0 -9999.0 -9999.0 -9999.0 -9999.0 -9999.0 -9999.0 -9999.0 -9999.0 -9999.0 -9999.0 -9999.0 -9999.0 -9999.0 -9999.0 -9999.0 -9999.0 -9999.0 -9999.0 -9999.0 -9999.0 -9999.0 -9999.0 -9999.0 -9999.0 -9999.0 0.109 0.108 0.115 0.229 0.192 0.19 0.183 0.182 0.181 0.199 0.185 0.207 0.196 0.195 0.195 0.195 0.207 0.199 0.228 0.234 0.217 0.2 0.173 0.19 0.177 0.213 0.18 0.145 0.228 0.203 0.178 0.205 0.178 0.186 0.183 0.202 0.185 0.182 0.179 0.189
-9999.0 -9999.0 -9999.0 -9999.0 -9999.0 -9999.0 -9999.0 -9999.0 -9999.0 -9999.0 -9999.0 -9999.0 -9999.0 -9999.0 -9999.0 -9999.0 -9999.0 -9999.0 -9999.0 -9999.0 -9999.0 -9999.0 -9999.0 -9999.0 -9999.0 -9999.0 -9999.0 -9999.0 -9999.0 -9999.0 -9999.0 -9999.0 -9999.0 -9999.0 -9999.0 0.125 0.134 0.133 0.126 0.139 0.253 0.246 0.211 0.219 0.22 0.18 0.18 0.207 0.107 0.116 0.187 0.194 0.194 0.202 0.211 0.21 0.21 0.308 0.228 0.287 0.2 0.191 0.215 0.252 0.241 0.188 0.185 0.197 0.188 0.184 0.179 0.127 0.209 0.168
-9999.0 -9999.0 -9999.0 -9999.0 -9999.0 -9999.0 -9999.0 -9999.0 -9999.0 -9999.0 -9999.0 -9999.0 -9999.0 -9999.0 -9999.0 -9999.0 -9999.0 -9999.0 -9999.0 -9999.0 -9999.0 -9999.0 -9999.0 -9999.0 -9999.0 -9999.0 -9999.0 -9999.0 -9999.0 -9999.0 -9999.0 -9999.0 -9999.0 -9999.0 -9999.0 0.142 0.133 0.137 0.114 0.199 0.108 0.231 0.126 0.248 0.126 0.13 0.135 0.148 0.125 0.13 0.243 0.196 0.204 0.264 0.195 0.226 0.193 0.193 0.21 0.212 0.182 0.2 0.215 0.212 0.183 0.234 0.164 0.171 0.179 0.188 0.177 0.176 0.185 0.154
-9999.0 -9999.0 -9999.0 -9999.0 -9999.0 -9999.0 -9999.0 -9999.0 -9999.0 -9999.0 -9999.0 -9999.0 -9999.0 -9999.0 -9999.0 -9999.0 -9999.0 -9999.0 -9999.0 -9999.0 -9999.0 0.265 -9999.0 -9999.0 -9999.0 -9999.0 -9999.0 -9999.0 -9999.0 -9999.0 -9999.0 -9999.0 -9999.0 -9999.0 0.125 0.127 0.108 0.116 0.102 0.108 0.121 0.116 0.112 0.108 0.117 0.125 0.117 0.13 0.107 0.107 0.116 0.252 0.224 0.125 0.234 0.205 0.195 0.194 0.216 0.193 0.214 0.166 0.162 0.179 0.168 0.16 0.172 0.183 0.175 0.171 0.16 0.168 0.184 0.177
-9999.0 -9999.0 -9999.0 -9999.0 -9999.0 -9999.0 -9999.0 -9999.0 -9999.0 -9999.0 -9999.0 -9999.0 -9999.0 -9999.0 -9999.0 -9999.0 0.117 0.114 0.189 0.225 0.222 0.228 0.189 0.213 0.132 0.082 0.097 -9999.0 -9999.0 -9999.0 -9999.0 -9999.0 -9999.0 -9999.0 0.092 0.067 0.101 0.099 0.108 0.084 0.108 0.117 0.126 0.101 0.254 0.139 0.253 0.226 0.112 0.112 0.212 0.116 0.13 0.129 0.247 0.22 0.184 0.169 0.167 0.169 0.167 0.161 0.183 0.184 0.162 0.183 0.165 0.173 0.189 0.15 0.144 0.152 0.101 0.167
-9999.0 -9999.0 -9999.0 -9999.0 -9999.0 -9999.0 -9999.0 -9999.0 -9999.0 -9999.0 -9999.0 -9999.0 -9999.0 -9999.0 0.241 0.092 0.101 0.114 0.102 0.212 0.198 0.222 0.184 0.185 0.092 0.102 0.112 0.114 -9999.0 -9999.0 -9999.0 -9999.0 0.214 0.123 0.115 0.101 0.109 0.222 0.099 0.108 0.118 0.117 0.121 0.126 0.126 0.14 0.105 0.253 0.135 0.13 0.139 0.121 0.121 0.234 0.13 0.2 0.147 0.224 0.158 0.11 0.16 0.177 0.177 0.167 0.183 0.183 0.184 0.137 0.113 0.108 0.231 0.18 0.115 0.179
-9999.0 -9999.0 -9999.0 -9999.0 -9999.0 -9999.0 -9999.0 -9999.0 -9999.0 -9999.0 -9999.0 -9999.0 -9999.0 -9999.0 0.109 0.198 0.179 0.101 0.105 0.101 0.206 0.191 0.212 0.217 0.156 0.093 0.102 0.112 0.125 0.122 0.111 0.119 0.128 0.286 0.129 0.129 0.126 0.132 0.118 0.131 0.12 0.112 0.112 0.117 0.117 0.125 0.117 0.13 0.117 0.125 0.126 0.126 0.125 0.101 0.126 0.239 0.23 0.235 0.229 0.195 0.194 0.188 0.229 0.23 0.205 0.146 0.209 0.189 0.189 0.099 0.107 0.126 0.116 0.115
-9999.0 -9999.0 -9999.0 -9999.0 -9999.0 -9999.0 -9999.0 -9999.0 -9999.0 -9999.0 -9999.0 -9999.0 0.116 0.113 0.106 0.106 0.09 0.092 0.198 0.101 0.191 0.223 0.194 0.162 0.163 0.178 0.178 0.084 0.093 0.094 0.102 0.111 0.11 0.235 0.129 0.138 0.137 0.276 0.265 0.103 0.113 0.109 0.093 0.13 0.117 0.122 0.122 0.108 0.117 0.257 0.117 0.112 0.189 0.098 0.203 0.198 0.193 0.162 0.172 0.162 0.184 0.215 0.202 0.171 0.174 0.188 0.098 0.104 0.099 0.089 0.101 0.108 0.108 0.108
-9999.0 -9999.0 -9999.0 -9999.0 -9999.0 -9999.0 -9999.0 -9999.0 -9999.0 -9999.0 -9999.0 -9999.0 -9999.0 0.135 0.135 0.112 0.124 0.109 0.115 0.106 0.205 0.215 0.228 0.191 0.219 0.227 0.239 0.216 0.107 0.103 0.093 0.107 0.101 0.192 0.093 0.092 0.1 0.114 0.084 0.109 0.115 0.109 0.116 0.113 0.113 0.113 0.202 0.099 0.157 0.089 0.09 0.09 0.185 0.108 0.231 0.257 0.229 0.193 0.157 0.134 0.117 0.11 0.162 0.192 0.175 0.108 0.108 0.104 0.095 0.089 0.096 0.104 0.117 0.117
-9999.0 -9999.0 -9999.0 -9999.0 -9999.0 -9999.0 -9999.0 -9999.0 -9999.0 -9999.0 -9999.0 -9999.0 -9999.0 0.174 0.275 0.128 0.121 0.115 0.177 0.164 0.169 0.192 0.179 0.21 0.231 0.143 0.228 0.245 0.227 0.213 0.122 0.198 0.104 0.091 0.091 0.077 0.11 0.109 0.119 0.128 0.137 0.15 0.144 0.136 0.15 0.135 0.139 0.131 0.212 0.103 0.099 0.083 0.112 0.767 1.302 0.231 0.183 0.19 0.185 0.207 0.194 0.172 0.178 0.186 0.186 0.1 0.104 0.117 0.089 0.113 0.122 0.113 0.122 0.131
-9999.0 -9999.0 -9999.0 -9999.0 -9999.0 -9999.0 -9999.0 -9999.0 -9999.0 -9999.0 -9999.0 -9999.0 -9999.0 0.123 0.116 0.108 0.106 0.1 0.083 0.151 0.169 0.193 0.192 0.192 0.223 0.201 0.223 0.188 0.156 0.197 0.196 0.123 0.19 0.213 0.119 0.128 0.14 0.119 0.126 0.117 0.109 0.204 0.093 0.127 0.135 0.131 0.131 0.125 0.202 0.194 0.144 0.081 0.173 1.286 1.409 1.408 0.208 0.208 0.217 0.199 0.212 0.212 0.193 0.201 0.196 0.105 0.096 0.104 0.1 0.098 0.08 0.113 0.104 0.116
-9999.0 -9999.0 -9999.0 -9999.0 -9999.0 -9999.0 -9999.0 -9999.0 -9999.0 -9999.0 -9999.0 -9999.0 -9999.0 0.155 0.126 0.126 0.125 0.121 0.127 0.127 0.253 0.194 0.19 0.169 0.214 0.192 0.212 0.236 0.239 0.229 0.245 0.24 0.112 0.105 0.076 0.221 0.108 0.11 0.116 0.103 0.1 0.188 0.098 0.104 0.189 0.164 0.197 0.187 0.186 0.206 0.133 0.221 0.693 1.297 1.168 1.176 0.271 0.197 0.192 0.205 0.191 0.138 0.203 0.207 0.123 0.139 0.125 0.136 0.123 0.125 0.131 0.131 0.134 0.138
-9999.0 -9999.0 -9999.0 -9999.0 -9999.0 -9999.0 -9999.0 -9999.0 -9999.0 -9999.0 -9999.0 -9999.0 0.12 0.12 0.108 0.107 0.102 0.104 0.093 0.188 0.093 0.17 0.167 0.219 0.21 0.228 0.129 0.218 0.218 0.23 0.238 0.121 0.134 0.129 0.129 0.143 0.27 0.253 0.196 0.114 0.15 0.195 0.173 0.193 0.173 0.182 0.184 0.192 0.209 0.213 0.193 0.206 0.194 0.202 0.22 0.201 0.194 0.208 0.208 0.231 0.215 0.224 0.205 0.222 0.225 0.203 0.194 0.193 0.192 0.096 0.104 0.105 0.107 0.104
-9999.0 -9999.0 -9999.0 -9999.0 -9999.0 -9999.0 -9999.0 -9999.0 -9999.0 0.129 0.131 0.13 0.13 0.123 0.12 0.115 0.1 0.085 0.097 0.091 0.147 0.178 0.084 0.211 0.223 0.201 0.219 0.209 0.228 0.188 0.116 0.111 0.11 0.109 0.095 0.126 0.11 0.23 0.259 0.247 0.245 0.244 0.143 0.218 0.215 0.201 0.186 0.203 0.187 0.192 0.204 0.215 0.218 0.204 0.221 0.202 0.219 0.191 0.191 0.19 0.208 0.205 0.208 0.212 0.196 0.214 0.19 0.194 0.175 0.192 0.18 0.192 0.192 0.161
-9999.0 -9999.0 -9999.0 -9999.0 -9999.0 -9999.0 -9999.0 -9999.0 -9999.0 0.109 0.102 0.102 0.1 0.091 0.091 0.16 0.086 0.095 0.097 0.097 0.179 0.179 0.096 0.084 0.088 0.091 0.105 0.101 0.114 0.114 0.111 0.093 0.132 0.127 0.118 0.109 0.215 0.223 0.231 0.248 0.239 0.141 0.233 0.238 0.185 0.163 0.176 0.137 0.137 0.137 0.16 0.192 0.197 0.218 0.205 0.19 0.207 0.13 0.192 0.21 0.199 0.212 0.2 0.198 0.216 0.201 0.205 0.218 0.212 0.185 0.138 0.194 0.202 0.184
-9999.0 -9999.0 -9999.0 -9999.0 -9999.0 -9999.0 -9999.0 -9999.0 -9999.0 0.138 0.131 0.102 0.102 0.101 0.098 0.088 0.088 0.074 0.153 0.089 0.089 0.123 0.057 0.096 0.095 0.101 0.11 0.12 0.133 0.133 0.129 0.128 0.136 0.119 0.249 0.195 0.109 0.124 0.22 0.178 0.212 0.21 0.214 0.195 0.21 0.192 0.205 0.213 0.163 0.16 0.183 0.191 0.218 0.206 0.197 0.187 0.177 0.204 0.198 0.193 0.183 0.182 0.201 0.198 0.163 0.193 0.14 0.14 0.162 0.162 0.129 0.203 0.198 0.207
-9999.0 -9999.0 -9999.0 -9999.0 -9999.0 -9999.0 -9999.0 -9999.0 -9999.0 0.089 0.089 0.089 0.089 0.224 0.155 0.085 0.079 0.122 0.084 0.172 0.108 0.203 0.076 0.119 0.112 0.095 0.101 0.104 0.101 0.11 0.113 0.11 0.117 0.123 0.113 0.122 0.128 0.139 0.25 0.243 0.252 0.236 0.212 0.212 0.219 0.219 0.227 0.204 0.15 0.195 0.114 0.142 0.191 0.188 0.218 0.209 0.209 0.195 0.194 0.195 0.172 0.16 0.194 0.154 0.159 0.19 0.216 0.199 0.185 0.204 0.189 0.216 0.178 0.185
-9999.0 -9999.0 -9999.0 -9999.0 -9999.0 -9999.0 -9999.0 -9999.0 -9999.0 0.13 0.122 0.118 0.106 0.099 0.098 0.226 0.226 0.217 0.206 0.159 0.156 0.147 0.099 0.094 0.095 0.106 0.105 0.104 0.11 0.114 0.123 0.129 0.123 0.122 0.132 0.137 0.128 0.142 0.143 0.135 0.259 0.26 0.2 0.152 0.166 0.189 0.218 0.233 0.216 0.208 0.21 0.234 0.234 0.214 0.196 0.186 0.183 0.161 0.191 0.172 0.195 0.146 0.168 0.16 0.19 0.153 0.186 0.199 0.159 0.189 0.182 0.185 0.163 0.196
-9999.0 -9999.0 -9999.0 -9999.0 -9999.0 -9999.0 -9999.0 -9999.0 0.256 0.114 0.103 0.099 0.099 0.099 0.092 0.089 0.216 0.2 0.216 0.209 0.18 0.172 0.201 0.168 0.07 0.11 0.105 0.119 0.115 0.109 0.104 0.114 0.237 0.188 0.117 0.119 0.119 0.132 0.124 0.126 0.13 0.129 0.261 0.257 0.222 0.206 0.189 0.218 0.202 0.175 0.205 0.224 0.204 0.199 0.122 0.172 0.105 0.192 0.182 0.191 0.195 0.206 0.236 0.209 0.131 0.213 0.163 0.184 0.205 0.131 0.209 0.2 0.261 0.21
-9999.0 -9999.0 -9999.0 -9999.0 -9999.0 -9999.0 -9999.0 -9999.0 0.242 0.212 0.113 0.108 0.099 0.099 0.223 0.089 0.214 0.207 0.122 0.146 0.229 0.181 0.095 0.11 0.105 0.209 0.177 0.197 0.231 0.238 0.243 0.114 0.128 0.123 0.123 0.123 0.136 0.226 0.232 0.194 0.204 0.067 0.199 0.167 0.188 0.19 0.219 0.211 0.222 0.212 0.229 0.232 0.215 0.214 0.234 0.224 0.207 0.206 0.193 0.201 0.196 0.208 0.183 0.164 0.183 0.183 0.205 0.204 0.203 0.241 0.248 0.226 0.2 0.189
-9999.0 -9999.0 -9999.0 -9999.0 -9999.0 -9999.0 -9999.0 -9999.0 0.25 0.25 0.229 0.113 0.106 0.102 0.094 0.089 0.138 0.131 0.122 0.122 0.206 0.225 0.139 0.093 0.102 0.116 0.192 0.191 0.216 0.229 0.224 0.221 0.239 0.11 0.118 0.123 0.133 0.11 0.119 0.119 0.236 0.258 0.161 0.252 0.245 0.235 0.252 0.25 0.217 0.223 0.21 0.22 0.2 0.166 0.205 0.205 0.148 0.188 0.211 0.221 0.202 0.201 0.201 0.19 0.191 0.178 0.188 0.205 0.235 0.182 0.159 0.175 0.183 0.199
-9999.0 -9999.0 -9999.0 -9999.0 -9999.0 -9999.0 -9999.0 -9999.0 -9999.0 0.24 0.24 0.113 0.113 0.112 0.099 0.099 0.157 0.138 0.131 0.131 0.197 0.206 0.216 0.235 0.202 0.192 0.102 0.197 0.146 0.22 0.197 0.248 0.239 0.22 0.11 0.243 0.128 0.128 0.129 0.246 0.119 0.251 0.225 0.216 0.225 0.15 0.207 0.205 0.19 0.225 0.178 0.213 0.219 0.19 0.198 0.216 0.181 0.204 0.202 0.185 0.115 0.184 0.115 0.138 0.19 0.137 0.16 0.182 0.153 0.196 0.205 0.202 0.21 0.254
-9999.0 -9999.0 -9999.0 -9999.0 -9999.0 -9999.0 -9999.0 -9999.0 -9999.0 -9999.0 0.281 0.27 0.263 0.13 0.118 0.171 0.136 0.136 0.127 0.208 0.171 0.217 0.226 0.245 0.194 0.196 0.216 0.232 0.134 0.131 0.223 0.199 0.188 0.176 0.172 0.166 0.198 0.071 0.104 0.114 0.11 0.204 0.129 0.13 0.211 0.219 0.214 0.214 0.245 0.242 0.234 0.214 0.168 0.125 0.218 0.217 0.216 0.206 0.214 0.24 0.131 0.123 0.187 0.214 0.184 0.161 0.181 0.172 0.18 0.179 0.188 0.212 0.202 0.202
-9999.0 -9999.0 -9999.0 -9999.0 -9999.0 -9999.0 -9999.0 -9999.0 -9999.0 -9999.0 -9999.0 0.263 0.26 0.26 0.227 0.227 0.143 0.137 0.215 0.123 0.147 0.227 0.226 0.179 0.169 0.17 0.169 0.193 0.228 0.237 0.241 0.246 0.241 0.247 0.193 0.213 0.161 0.201 0.069 0.069 0.228 0.18 0.1 0.228 0.237 0.249 0.257 0.259 0.236 0.244 0.17 0.269 0.26 0.215 0.141 0.211 0.218 0.217 0.209 0.196 0.195 0.194 0.212 0.181 0.131 0.193 0.178 0.173 0.183 0.213 0.195 0.103 0.195 0.185
-9999.0 -9999.0 -9999.0 -9999.0 -9999.0 -9999.0 -9999.0 -9999.0 -9999.0 -9999.0 -9999.0 0.261 0.257 0.256 0.219 0.239 0.24 0.228 0.217 0.123 0.147 0.217 0.204 0.236 0.226 0.226 0.235 0.153 0.247 0.237 0.238 0.237 0.255 0.236 0.25 0.245 0.248 0.223 0.209 0.182 0.166 0.101 0.236 0.238 0.233 0.228 0.236 0.244 0.261 0.261 0.268 0.237 0.226 0.203 0.222 0.151 0.238 0.275 0.245 0.261 0.251 0.233 0.232 0.224 0.224 0.142 0.223 0.202 0.201 0.217 0.234 0.249 0.233 0.118
-9999.0 -9999.0 -9999.0 -9999.0 -9999.0 -9999.0 -9999.0 -9999.0 -9999.0 -9999.0 -9999.0 -9999.0 0.258 0.257 0.257 0.226 0.185 0.226 0.225 0.125 0.148 0.218 0.227 0.237 0.236 0.236 0.153 0.152 0.235 0.247 0.259 0.265 0.237 0.25 0.246 0.24 0.216 0.167 0.221 0.237 0.114 0.128 0.113 0.119 0.129 0.256 0.266 0.255 0.263 0.282 0.262 0.252 0.26 0.213 0.215 0.213 0.221 0.22 0.219 0.223 0.24 0.247 0.148 0.21 0.218 0.24 0.132 0.22 0.2 0.131 0.1 0.109 0.231 0.209
