static/jobfarm/user_models/minyf/common/HOME-GBHM/输出文件/Output/Grids/Eact20020225.asc
ncols 221
nrows 204
xllcorner -627000.0
yllcorner 3955000.0
cellsize 900.0
NODATA_value -9999.0
[rows 132 to 164 of 204, columns 74 to 147 of 221]
0.46 0.459 0.7 0.459 0.699 0.698 0.698 0.509 0.457 0.696 0.696 0.695 0.695 0.694 0.694 0.295 0.693 0.692 0.692 0.692 0.691 0.679 0.691 0.689 1.282 1.301 0.69 0.635 0.69 0.69 0.69 1.446 1.298 1.446 0.689 0.69 0.69 0.69 0.69 1.3 1.299 1.301 1.301 1.292 0.691 1.303 0.692 1.304 0.693 1.305 0.644 0.694 1.309 0.496 0.696 0.696 0.697 0.697 0.455 0.388 0.7 1.32 0.701 0.699 1.303 1.326 1.328 1.33 0.707 0.708 0.709 0.71 1.34 0.712
0.461 0.46 0.701 0.701 0.365 0.458 0.458 0.698 0.698 0.697 0.697 0.696 0.696 0.695 0.695 0.694 0.694 0.693 0.693 0.693 0.692 0.69 0.692 0.692 0.691 0.642 1.302 0.691 0.691 0.691 0.691 0.66 0.691 1.448 1.449 1.449 0.691 0.691 1.302 0.691 0.83 1.302 1.304 0.414 0.692 0.693 0.693 0.693 0.694 1.307 0.695 0.695 1.311 0.296 0.697 0.698 0.698 0.699 0.7 0.7 0.701 0.702 1.324 0.704 0.844 1.329 1.322 0.707 0.708 1.337 0.711 0.712 0.713 1.346
0.704 0.703 0.702 0.702 0.701 0.515 0.459 0.699 0.458 0.698 0.697 0.697 0.696 0.696 0.696 0.695 0.695 0.694 0.694 0.694 0.693 0.693 0.693 0.693 0.693 0.692 0.692 0.692 0.692 0.644 0.689 0.673 0.692 0.692 0.692 0.276 1.451 0.294 1.452 1.294 1.305 0.693 1.306 0.693 1.307 1.304 0.694 0.695 1.308 0.696 1.309 0.697 0.697 0.698 0.698 0.699 0.7 0.7 0.701 0.702 0.703 0.703 0.704 1.479 0.621 1.332 1.334 0.709 0.71 0.711 1.342 0.713 0.715 0.716
0.704 0.704 0.703 0.702 0.702 0.701 0.337 0.336 0.378 0.458 0.458 0.698 0.697 0.697 0.697 0.696 0.696 0.695 0.488 0.695 0.694 0.694 0.694 0.694 0.694 0.693 0.693 0.692 0.693 0.693 0.693 0.693 0.693 0.693 0.693 0.693 0.693 0.693 0.693 1.307 1.307 0.694 0.694 0.694 1.31 1.309 0.694 1.311 1.313 0.697 1.314 0.698 0.516 0.699 0.7 0.7 0.53 0.702 0.703 0.703 0.704 0.705 0.477 0.707 0.612 0.709 0.865 0.871 0.712 0.713 1.345 1.347 0.716 0.717
0.462 0.462 0.704 0.703 0.46 0.702 0.701 0.491 0.344 0.459 0.458 0.358 0.342 0.457 0.697 0.697 0.697 0.538 0.519 0.583 0.589 0.539 0.695 0.695 0.695 0.694 0.694 0.694 0.69 0.694 0.694 0.694 0.694 0.694 0.674 0.694 0.694 0.694 0.381 0.695 0.695 1.012 1.309 0.696 0.696 1.3 1.313 0.697 0.698 0.698 0.699 1.318 0.7 0.701 0.701 0.533 0.476 1.323 0.704 0.705 0.706 0.706 0.667 0.36 0.709 0.71 0.711 0.875 0.713 1.346 0.715 0.717 0.718 1.355
-9999.0 0.462 0.462 0.461 0.368 0.455 0.702 0.543 0.35 0.352 0.346 0.459 0.342 0.446 0.458 0.698 0.572 0.564 0.489 0.498 0.696 0.557 0.696 0.696 0.696 0.695 0.678 0.695 0.695 0.695 0.695 0.695 0.695 0.695 0.695 0.695 0.695 0.696 0.696 0.696 0.696 1.461 1.313 0.687 0.697 0.698 0.698 0.699 0.699 0.7 1.319 0.701 0.701 0.702 0.703 0.502 0.704 0.705 0.705 0.547 1.332 0.708 0.709 0.71 0.711 0.712 1.343 1.345 0.715 1.349 1.351 0.718 0.719 1.358
-9999.0 0.461 0.706 0.354 0.372 0.371 0.703 0.46 0.702 0.363 0.459 0.509 0.324 0.348 0.497 0.461 0.508 0.464 0.507 0.602 0.524 0.473 0.697 1.313 0.695 1.313 0.696 0.696 0.696 0.696 0.696 0.296 0.696 0.696 0.696 0.696 0.697 0.697 0.697 0.697 0.697 0.698 1.464 1.316 0.691 1.314 0.7 0.7 0.7 1.313 1.316 0.702 0.703 0.703 0.704 0.705 0.705 1.331 0.707 0.708 0.708 1.337 0.71 0.531 0.712 0.713 0.714 0.715 1.35 0.717 1.354 0.72 0.721 0.722
-9999.0 -9999.0 0.463 0.463 0.462 0.697 0.461 0.461 0.703 0.365 0.363 0.487 0.484 0.348 0.499 0.456 0.455 0.454 0.332 0.472 0.58 0.698 0.698 1.315 1.315 0.698 1.314 0.697 0.697 0.697 0.697 0.697 0.697 0.697 0.696 0.506 0.698 0.698 0.698 0.698 0.699 0.699 0.699 1.467 0.7 1.32 1.321 0.701 0.702 0.702 0.703 0.703 0.704 0.705 0.705 0.706 0.707 1.333 0.708 0.709 0.71 1.339 0.712 0.713 0.714 1.347 0.716 1.351 1.353 0.719 0.72 0.721 1.362 0.724
-9999.0 -9999.0 0.463 0.463 0.706 0.462 0.462 0.704 0.704 0.346 0.364 0.337 0.436 0.512 0.499 0.476 0.405 0.448 0.314 0.453 0.46 0.699 0.699 0.699 1.317 0.699 1.316 1.316 0.698 0.297 0.698 0.698 0.698 0.698 0.535 0.641 0.699 0.699 0.699 0.7 0.7 0.7 0.7 0.701 1.47 1.471 0.701 0.702 0.703 0.703 0.704 0.705 0.705 0.706 0.707 0.707 1.334 0.709 0.71 0.71 0.711 0.712 0.713 0.714 0.715 0.716 1.351 0.718 0.719 0.72 0.722 0.723 0.724 1.367
-9999.0 -9999.0 0.464 0.464 0.367 0.706 0.454 0.358 0.46 0.362 0.485 0.499 0.414 0.499 0.324 0.467 0.459 0.335 0.316 0.317 0.461 0.7 0.7 0.699 0.7 1.318 0.699 1.318 1.318 0.699 0.699 0.699 0.699 0.7 0.7 0.7 0.7 0.564 0.7 0.701 0.701 0.701 0.702 0.702 0.388 1.474 1.475 0.697 0.704 0.705 0.704 0.706 0.706 0.707 0.708 0.709 0.709 0.71 0.711 0.712 0.7 0.713 1.346 1.347 1.349 1.351 1.354 1.356 1.358 0.722 1.517 1.365 1.367 1.37
-9999.0 -9999.0 -9999.0 -9999.0 -9999.0 0.374 -9999.0 0.373 0.368 0.613 0.512 0.49 0.309 0.462 0.46 0.459 0.472 0.338 0.337 0.446 0.496 0.465 0.701 0.701 0.701 0.7 1.32 1.32 1.32 0.7 0.7 0.7 0.7 0.701 0.662 0.701 0.701 0.701 0.701 0.702 0.702 0.702 0.703 0.703 0.388 0.389 0.704 1.478 0.705 0.706 0.706 0.707 0.708 0.708 0.709 0.71 1.339 0.711 0.712 0.713 0.714 0.715 0.716 1.35 1.352 0.719 0.72 0.721 0.722 0.723 1.365 0.726 0.727 1.373
-9999.0 -9999.0 -9999.0 -9999.0 -9999.0 -9999.0 -9999.0 0.373 0.361 0.614 0.463 0.354 0.49 0.337 0.532 0.46 0.468 0.355 0.335 0.461 0.338 0.472 0.678 0.702 0.702 0.701 1.322 1.322 0.701 0.701 0.701 0.701 0.702 0.702 0.702 0.7 0.702 0.702 0.662 0.703 0.703 0.703 0.704 0.704 0.705 0.705 0.706 0.706 1.482 0.707 0.708 0.708 0.709 0.71 1.339 0.711 0.712 1.343 1.345 1.346 0.715 0.716 1.351 1.353 1.355 0.713 1.513 0.722 0.724 0.725 0.726 0.727 0.728 0.73
-9999.0 -9999.0 -9999.0 -9999.0 -9999.0 -9999.0 -9999.0 -9999.0 -9999.0 0.345 0.513 0.345 0.541 0.537 0.466 0.34 0.461 0.44 0.417 0.35 0.341 0.703 0.703 0.703 0.702 0.702 0.702 0.702 0.702 0.7 0.702 0.702 0.703 0.703 0.703 0.703 0.703 0.703 0.704 0.701 1.327 0.705 0.705 0.705 0.706 0.706 0.707 0.707 0.708 0.708 0.709 0.709 0.71 0.711 1.341 0.712 0.713 0.714 1.347 1.349 0.716 0.717 0.718 1.356 1.358 0.721 0.723 1.364 0.725 1.523 1.371 0.558 0.73 0.731
-9999.0 -9999.0 -9999.0 -9999.0 -9999.0 -9999.0 -9999.0 -9999.0 -9999.0 -9999.0 0.347 0.492 0.347 0.396 0.314 0.344 0.39 0.904 0.577 0.386 0.484 0.704 1.325 0.704 0.703 0.703 0.703 0.703 0.703 0.703 0.703 0.703 0.704 0.299 0.704 0.704 0.704 0.704 0.705 0.705 0.705 0.706 0.706 0.706 0.707 0.707 0.708 0.708 0.709 1.488 0.71 0.711 0.711 0.71 0.713 0.714 0.714 0.715 0.716 0.717 0.718 0.719 0.72 0.721 0.722 0.723 0.724 1.366 0.726 0.549 0.729 1.375 1.378 1.38
-9999.0 -9999.0 -9999.0 -9999.0 -9999.0 -9999.0 -9999.0 -9999.0 -9999.0 -9999.0 -9999.0 0.347 0.347 0.455 0.345 0.485 0.888 0.925 0.903 0.351 0.513 0.462 0.705 0.704 0.704 0.704 0.704 0.704 0.704 0.704 0.704 0.704 1.328 0.705 0.705 0.705 0.705 0.705 0.706 0.489 0.706 0.683 0.707 0.707 0.625 0.708 0.709 0.709 0.71 0.711 1.492 0.712 0.712 0.713 0.714 0.715 0.715 1.349 1.351 0.718 0.719 0.72 0.721 0.722 0.723 0.724 0.725 0.726 1.369 1.528 1.376 1.299 0.732 0.41
-9999.0 -9999.0 -9999.0 -9999.0 -9999.0 -9999.0 -9999.0 -9999.0 -9999.0 -9999.0 -9999.0 -9999.0 0.349 0.355 0.346 0.352 0.495 0.457 1.016 0.942 0.343 0.336 0.705 1.329 0.692 0.705 0.705 0.705 0.705 0.705 0.705 0.705 0.705 0.706 0.3 0.706 0.706 0.706 0.594 0.707 0.707 0.708 0.708 0.709 0.657 0.709 1.338 1.263 0.71 0.712 0.712 1.495 0.714 0.714 0.715 0.716 0.717 0.717 0.718 0.719 0.72 0.721 0.722 0.723 0.724 0.725 1.369 1.371 0.729 1.376 0.731 0.732 0.734 0.848
-9999.0 -9999.0 -9999.0 -9999.0 -9999.0 -9999.0 -9999.0 -9999.0 -9999.0 -9999.0 -9999.0 -9999.0 -9999.0 -9999.0 -9999.0 -9999.0 0.449 0.519 0.54 0.7 0.328 0.485 0.485 1.33 0.706 0.463 0.697 0.706 0.706 0.706 0.706 0.3 0.706 0.707 0.707 0.707 0.707 0.707 0.708 0.687 0.708 0.709 0.709 0.71 0.71 0.711 0.711 1.341 0.712 0.713 0.713 0.714 1.499 0.715 0.716 0.717 0.718 0.719 0.72 0.72 0.721 0.722 0.723 0.724 1.367 1.369 1.371 1.373 1.374 0.455 1.536 0.734 0.735 0.423
-9999.0 -9999.0 -9999.0 -9999.0 -9999.0 -9999.0 -9999.0 -9999.0 -9999.0 -9999.0 -9999.0 -9999.0 -9999.0 -9999.0 -9999.0 -9999.0 -9999.0 -9999.0 -9999.0 -9999.0 0.391 0.344 0.475 0.443 0.463 0.463 0.707 0.707 0.707 0.707 0.707 0.707 0.707 0.708 0.708 0.708 0.708 0.708 0.709 0.709 0.709 0.71 0.71 0.683 1.27 0.712 0.704 1.343 1.204 0.706 0.714 0.715 0.716 1.503 1.504 0.718 0.719 0.72 0.721 0.722 0.723 0.723 0.724 0.726 1.369 1.371 1.373 0.73 0.731 0.732 1.047 0.413 0.736 0.738
-9999.0 -9999.0 -9999.0 -9999.0 -9999.0 -9999.0 -9999.0 -9999.0 -9999.0 -9999.0 -9999.0 -9999.0 -9999.0 -9999.0 -9999.0 -9999.0 -9999.0 -9999.0 -9999.0 -9999.0 -9999.0 0.343 0.402 0.433 0.361 0.348 0.342 0.692 0.708 0.708 0.708 0.708 0.708 0.708 0.709 0.709 0.709 0.709 0.71 0.71 0.71 1.34 0.711 0.712 1.288 1.343 1.083 0.714 0.597 0.715 0.686 0.716 0.717 0.718 0.718 0.719 0.72 0.721 0.721 0.723 0.724 0.725 0.726 0.625 0.728 0.729 1.376 1.378 1.38 0.734 0.53 0.736 0.737 1.391
-9999.0 -9999.0 -9999.0 -9999.0 -9999.0 -9999.0 -9999.0 -9999.0 -9999.0 -9999.0 -9999.0 -9999.0 -9999.0 -9999.0 -9999.0 -9999.0 -9999.0 -9999.0 -9999.0 -9999.0 -9999.0 -9999.0 0.361 0.341 0.341 0.235 0.485 0.464 0.709 0.709 0.709 0.709 0.709 0.709 0.238 0.71 0.71 0.71 0.711 0.711 0.711 1.341 0.712 0.713 0.713 1.212 0.714 0.715 0.715 0.716 0.717 0.717 0.718 0.719 0.719 0.72 1.512 1.514 0.723 0.724 0.725 0.726 0.727 0.728 0.31 0.73 0.731 0.732 0.733 0.735 0.736 0.554 0.739 0.725
-9999.0 -9999.0 -9999.0 -9999.0 -9999.0 -9999.0 -9999.0 -9999.0 -9999.0 -9999.0 -9999.0 -9999.0 -9999.0 -9999.0 -9999.0 -9999.0 -9999.0 -9999.0 -9999.0 -9999.0 -9999.0 -9999.0 -9999.0 0.343 0.343 0.71 0.71 0.475 0.71 0.71 0.71 0.71 0.71 0.71 0.392 0.711 0.711 0.711 0.712 0.712 0.712 0.713 1.344 1.345 0.714 1.347 0.715 0.716 0.716 1.351 0.718 0.701 0.719 0.581 0.721 0.602 0.722 1.516 0.724 0.725 0.726 0.727 0.728 0.729 0.73 1.37 0.732 0.733 0.735 0.736 1.388 0.556 0.74 0.741
-9999.0 -9999.0 -9999.0 -9999.0 -9999.0 -9999.0 -9999.0 -9999.0 -9999.0 -9999.0 -9999.0 -9999.0 -9999.0 -9999.0 -9999.0 -9999.0 -9999.0 -9999.0 -9999.0 -9999.0 -9999.0 -9999.0 -9999.0 0.344 0.498 0.461 0.71 0.71 0.711 0.711 0.711 0.711 0.711 0.711 0.711 0.712 1.342 0.712 0.713 1.344 0.713 0.714 0.714 1.347 1.348 1.347 0.716 0.897 0.717 1.353 0.719 0.719 0.238 0.721 0.722 0.722 0.723 0.724 1.52 0.716 0.724 0.728 0.729 0.73 1.533 0.732 0.733 0.734 0.736 0.737 1.39 0.739 0.557 0.742
-9999.0 -9999.0 -9999.0 -9999.0 -9999.0 -9999.0 -9999.0 -9999.0 -9999.0 -9999.0 -9999.0 -9999.0 -9999.0 -9999.0 -9999.0 -9999.0 -9999.0 -9999.0 -9999.0 -9999.0 -9999.0 -9999.0 -9999.0 -9999.0 0.347 0.463 0.335 0.488 0.711 0.711 0.712 0.712 0.712 0.712 0.712 0.713 1.343 0.713 0.713 0.714 0.714 0.715 0.715 1.348 1.349 0.717 1.351 0.718 0.718 1.355 0.72 1.357 0.241 0.242 0.242 0.723 0.724 0.725 0.726 0.727 0.481 0.482 0.483 0.731 1.535 1.538 0.734 0.736 0.737 0.738 0.739 0.739 0.558 0.743
-9999.0 -9999.0 -9999.0 -9999.0 -9999.0 -9999.0 -9999.0 -9999.0 -9999.0 -9999.0 -9999.0 -9999.0 -9999.0 -9999.0 -9999.0 -9999.0 -9999.0 -9999.0 -9999.0 -9999.0 -9999.0 -9999.0 -9999.0 -9999.0 -9999.0 -9999.0 -9999.0 0.54 0.712 0.712 0.712 0.713 0.713 0.713 0.713 0.713 0.714 0.714 0.714 0.715 0.715 0.716 0.716 0.716 0.717 0.717 0.718 1.354 1.355 0.72 1.358 1.359 0.242 0.242 0.242 0.242 0.725 0.726 0.727 0.728 0.948 0.95 0.731 0.732 -9999.0 1.54 1.382 0.737 0.738 0.739 0.74 0.742 0.739 1.561
-9999.0 -9999.0 -9999.0 -9999.0 -9999.0 -9999.0 -9999.0 -9999.0 -9999.0 -9999.0 -9999.0 -9999.0 -9999.0 -9999.0 -9999.0 -9999.0 -9999.0 -9999.0 -9999.0 -9999.0 -9999.0 -9999.0 -9999.0 -9999.0 -9999.0 -9999.0 -9999.0 -9999.0 -9999.0 0.713 0.713 0.713 0.714 0.714 0.714 0.714 0.715 0.686 0.715 0.716 0.716 0.716 0.717 0.717 0.718 0.718 0.717 1.356 1.357 1.358 0.722 1.361 0.909 0.242 0.243 0.243 0.726 0.727 0.728 0.729 1.375 0.731 0.731 -9999.0 -9999.0 -9999.0 1.544 1.547 1.392 0.74 0.741 0.742 0.744 0.561
-9999.0 -9999.0 -9999.0 -9999.0 -9999.0 -9999.0 -9999.0 -9999.0 -9999.0 -9999.0 -9999.0 -9999.0 -9999.0 -9999.0 -9999.0 -9999.0 -9999.0 -9999.0 -9999.0 -9999.0 -9999.0 -9999.0 -9999.0 -9999.0 -9999.0 -9999.0 -9999.0 -9999.0 -9999.0 -9999.0 0.714 0.714 0.714 0.715 0.715 0.715 0.715 0.713 0.716 0.715 0.717 0.717 0.718 0.718 0.719 0.719 0.72 1.358 0.91 0.862 1.361 0.87 0.915 0.243 0.243 0.243 0.243 0.244 0.244 0.691 1.533 1.374 -9999.0 -9999.0 -9999.0 -9999.0 -9999.0 1.392 1.394 1.554 1.399 1.4 1.402 0.562
-9999.0 -9999.0 -9999.0 -9999.0 -9999.0 -9999.0 -9999.0 -9999.0 -9999.0 -9999.0 -9999.0 -9999.0 -9999.0 -9999.0 -9999.0 -9999.0 -9999.0 -9999.0 -9999.0 -9999.0 -9999.0 -9999.0 -9999.0 -9999.0 -9999.0 -9999.0 -9999.0 -9999.0 -9999.0 -9999.0 -9999.0 0.526 0.715 0.716 0.716 0.716 0.716 0.717 0.717 0.717 0.718 0.718 0.719 0.719 0.72 0.72 0.721 0.721 0.722 0.685 0.607 0.642 0.725 0.87 0.87 0.234 0.238 0.22 0.73 0.245 0.731 -9999.0 -9999.0 -9999.0 -9999.0 -9999.0 -9999.0 -9999.0 -9999.0 1.398 1.4 1.403 1.564 1.567
-9999.0 -9999.0 -9999.0 -9999.0 -9999.0 -9999.0 -9999.0 -9999.0 -9999.0 -9999.0 -9999.0 -9999.0 -9999.0 -9999.0 -9999.0 -9999.0 -9999.0 -9999.0 -9999.0 -9999.0 -9999.0 -9999.0 -9999.0 -9999.0 -9999.0 -9999.0 -9999.0 -9999.0 -9999.0 -9999.0 -9999.0 0.716 0.716 0.355 0.717 0.717 0.717 0.717 0.718 0.718 0.719 0.597 0.538 0.72 0.721 0.537 0.722 0.722 0.499 0.718 0.724 0.933 0.242 0.243 0.243 0.728 0.31 0.244 0.311 0.244 -9999.0 -9999.0 -9999.0 -9999.0 -9999.0 -9999.0 -9999.0 -9999.0 -9999.0 -9999.0 0.744 0.745 0.747 0.748
-9999.0 -9999.0 -9999.0 -9999.0 -9999.0 -9999.0 -9999.0 -9999.0 -9999.0 -9999.0 -9999.0 -9999.0 -9999.0 -9999.0 -9999.0 -9999.0 -9999.0 -9999.0 -9999.0 -9999.0 -9999.0 -9999.0 -9999.0 -9999.0 -9999.0 -9999.0 -9999.0 -9999.0 -9999.0 -9999.0 -9999.0 -9999.0 0.502 0.364 0.47 0.47 0.471 0.718 0.471 0.719 0.52 0.608 0.566 0.198 0.192 0.515 0.176 0.242 0.496 0.565 0.611 0.726 0.726 0.243 0.244 0.729 0.73 0.248 0.311 0.245 1.539 1.384 -9999.0 -9999.0 -9999.0 -9999.0 -9999.0 -9999.0 -9999.0 -9999.0 -9999.0 -9999.0 -9999.0 0.749
-9999.0 -9999.0 -9999.0 -9999.0 -9999.0 -9999.0 -9999.0 -9999.0 -9999.0 -9999.0 -9999.0 -9999.0 -9999.0 -9999.0 -9999.0 -9999.0 -9999.0 -9999.0 -9999.0 -9999.0 -9999.0 -9999.0 -9999.0 -9999.0 -9999.0 -9999.0 -9999.0 -9999.0 -9999.0 -9999.0 -9999.0 -9999.0 -9999.0 -9999.0 0.718 0.471 0.471 0.471 0.701 0.672 0.713 0.38 0.517 0.517 0.524 0.621 0.723 0.495 0.484 0.242 1.368 0.718 0.875 0.878 0.729 0.244 0.731 0.311 0.732 0.245 0.246 0.735 0.736 -9999.0 -9999.0 -9999.0 -9999.0 -9999.0 -9999.0 -9999.0 -9999.0 -9999.0 -9999.0 -9999.0
-9999.0 -9999.0 -9999.0 -9999.0 -9999.0 -9999.0 -9999.0 -9999.0 -9999.0 -9999.0 -9999.0 -9999.0 -9999.0 -9999.0 -9999.0 -9999.0 -9999.0 -9999.0 -9999.0 -9999.0 -9999.0 -9999.0 -9999.0 -9999.0 -9999.0 -9999.0 -9999.0 -9999.0 -9999.0 -9999.0 -9999.0 -9999.0 -9999.0 -9999.0 0.357 0.504 0.374 0.355 0.358 0.492 0.396 0.547 0.513 0.567 0.516 0.498 0.18 0.179 1.144 1.368 1.37 0.542 0.19 1.27 0.545 0.726 0.732 0.245 0.312 0.734 0.312 0.736 0.737 1.391 -9999.0 -9999.0 -9999.0 -9999.0 -9999.0 -9999.0 -9999.0 -9999.0 -9999.0 -9999.0
-9999.0 -9999.0 -9999.0 -9999.0 -9999.0 -9999.0 -9999.0 -9999.0 -9999.0 -9999.0 -9999.0 -9999.0 -9999.0 -9999.0 -9999.0 -9999.0 -9999.0 -9999.0 -9999.0 -9999.0 -9999.0 -9999.0 -9999.0 -9999.0 -9999.0 -9999.0 -9999.0 -9999.0 -9999.0 -9999.0 -9999.0 -9999.0 -9999.0 -9999.0 -9999.0 -9999.0 -9999.0 -9999.0 -9999.0 0.353 0.528 0.528 0.531 0.506 0.497 0.484 0.489 0.18 0.18 1.144 1.037 1.372 1.304 0.491 0.547 1.378 1.38 0.733 0.246 0.312 0.736 0.737 0.689 0.739 0.74 -9999.0 -9999.0 -9999.0 -9999.0 -9999.0 -9999.0 -9999.0 -9999.0 -9999.0
-9999.0 -9999.0 -9999.0 -9999.0 -9999.0 -9999.0 -9999.0 -9999.0 -9999.0 -9999.0 -9999.0 -9999.0 -9999.0 -9999.0 -9999.0 -9999.0 -9999.0 -9999.0 -9999.0 -9999.0 -9999.0 -9999.0 -9999.0 -9999.0 -9999.0 -9999.0 -9999.0 -9999.0 -9999.0 -9999.0 -9999.0 -9999.0 -9999.0 -9999.0 -9999.0 -9999.0 -9999.0 -9999.0 -9999.0 -9999.0 -9999.0 0.516 0.545 0.512 0.513 0.479 0.491 0.502 0.502 0.486 0.459 1.27 1.234 1.034 1.37 0.531 1.38 1.383 0.735 0.246 0.312 0.314 0.739 1.394 1.397 1.399 0.743 -9999.0 -9999.0 -9999.0 -9999.0 -9999.0 -9999.0 -9999.0
