static/jobfarm/user_models/minyf/common/HOME-GBHM/输出文件/Output/Grids/Eact20020225.asc
ncols 221
nrows 204
xllcorner -627000.0
yllcorner 3955000.0
cellsize 900.0
NODATA_value -9999.0
[rows 66 to 98 of 204, columns 74 to 147 of 221]
0.397 0.268 0.672 0.28 0.279 0.304 0.263 0.65 0.261 0.26 0.273 0.275 0.255 0.254 0.253 0.253 0.405 0.346 0.478 0.244 1.164 0.466 0.561 0.519 0.323 0.347 0.484 0.313 0.585 0.591 0.585 0.603 0.48 0.6 0.232 0.231 0.38 0.251 0.329 0.235 0.234 0.377 0.502 0.251 0.291 0.225 0.223 0.223 0.224 0.222 0.23 0.302 0.574 0.573 0.297 0.283 0.305 0.311 1.07 0.352 0.39 0.393 0.331 0.297 0.28 0.194 0.195 0.202 0.482 0.193 0.474 0.474 0.474 0.144
0.267 0.278 0.27 0.27 0.267 0.279 0.264 0.263 0.262 0.261 0.259 0.258 0.256 0.255 0.253 0.253 0.477 0.48 0.374 0.224 0.258 0.6 0.546 0.557 0.348 0.612 0.61 0.306 0.604 0.59 0.588 0.604 0.602 0.383 0.59 0.232 0.244 0.237 0.325 0.218 0.323 0.291 0.405 0.559 0.292 0.246 0.223 0.223 0.223 0.337 0.206 0.308 0.576 0.394 0.318 0.493 0.314 0.261 0.278 0.428 0.407 0.295 0.428 0.475 0.302 0.301 0.48 0.369 0.203 0.196 0.194 0.196 0.194 0.359
0.688 0.683 0.678 0.266 0.267 0.266 0.263 0.263 0.263 0.265 0.26 0.257 0.364 0.362 0.36 0.367 0.478 0.48 0.479 0.224 0.236 0.379 0.544 0.344 0.614 0.584 0.392 0.579 0.605 0.597 0.59 0.604 0.356 0.391 0.234 0.234 0.233 0.231 0.228 0.239 0.389 0.217 0.223 0.378 0.29 0.292 0.233 0.341 0.238 0.286 0.279 0.284 0.34 0.577 0.283 0.507 0.305 0.337 0.476 0.261 0.397 0.387 0.429 0.396 0.21 0.209 0.371 0.36 0.288 0.198 0.302 0.195 0.197 0.178
0.693 0.276 0.269 0.267 0.266 0.374 0.374 0.372 0.263 0.37 0.261 0.26 0.259 0.292 0.28 0.269 0.325 0.542 0.48 0.516 0.224 0.4 0.591 0.579 0.382 0.32 0.319 0.344 0.601 0.579 0.331 0.606 0.605 0.508 0.33 0.335 0.237 0.233 0.238 0.238 0.297 0.342 0.231 0.204 0.233 0.239 0.323 0.226 0.286 0.298 0.28 0.304 0.58 0.578 0.29 0.35 0.306 0.305 0.376 0.298 0.39 0.383 0.239 0.371 0.209 0.373 0.569 0.304 0.303 0.287 0.361 0.284 0.235 0.27
1.215 0.704 0.685 0.271 0.676 0.266 0.267 0.384 0.374 0.635 0.262 0.261 0.26 0.258 0.258 0.256 0.242 0.255 0.366 0.471 0.462 0.576 0.619 0.573 0.361 0.319 0.341 0.329 0.594 0.583 0.592 0.6 0.606 0.605 0.37 0.576 0.336 0.332 0.208 0.232 0.337 0.306 0.205 0.181 0.228 0.24 0.227 0.235 0.321 0.383 0.584 0.583 0.58 0.577 0.317 0.203 0.213 0.343 0.413 0.3 0.465 0.53 0.325 0.331 0.244 0.306 0.34 0.31 0.242 0.305 0.536 0.477 0.458 0.506
0.71 0.702 0.644 0.685 0.679 0.675 0.657 0.638 0.374 0.636 0.264 0.264 0.26 0.259 0.257 0.257 0.345 0.403 0.377 0.415 0.532 0.59 0.62 0.456 0.444 0.3 0.303 0.298 0.327 0.578 0.592 0.599 0.607 0.606 0.394 0.394 0.376 0.334 0.333 0.339 0.387 0.204 0.184 0.202 0.229 0.237 0.228 0.227 0.311 0.182 0.353 0.289 0.336 0.583 0.318 0.205 0.212 0.327 0.323 0.291 0.214 0.326 0.449 0.379 0.258 0.497 0.497 0.311 0.431 0.307 0.542 0.572 0.317 0.265
0.703 0.699 0.692 0.379 0.697 0.702 0.67 1.204 0.638 0.636 0.269 0.265 0.262 0.367 0.364 0.257 0.628 0.374 0.364 0.572 0.57 0.622 0.621 0.456 0.335 0.356 0.403 0.312 0.329 0.379 0.611 0.603 0.609 0.422 0.376 0.376 0.366 0.425 0.296 0.233 0.366 0.231 0.204 0.204 0.23 0.364 0.347 0.323 0.269 0.228 0.202 0.287 0.584 0.418 0.58 0.306 0.21 0.203 0.236 0.392 0.329 0.401 0.393 1.063 0.577 0.349 0.313 0.389 0.434 0.382 0.342 0.324 0.209 0.271
0.706 0.646 0.695 0.69 0.701 1.209 0.674 1.205 0.605 0.435 0.268 0.266 0.261 0.365 0.363 0.258 0.281 0.257 0.616 0.626 1.171 1.171 0.569 0.452 0.456 0.604 0.595 0.61 0.257 0.308 0.612 0.611 0.6 0.462 1.144 0.344 0.375 0.604 0.503 0.296 0.239 0.34 0.206 0.295 0.231 0.24 0.241 0.205 0.33 0.33 0.31 0.589 0.32 0.268 0.408 0.381 0.344 0.239 0.355 0.317 0.357 0.349 0.39 0.522 0.738 0.386 0.262 0.405 0.384 0.214 0.31 0.309 0.21 0.154
1.221 1.219 0.699 0.387 0.615 1.211 0.676 0.64 0.639 0.638 0.375 0.265 0.262 0.292 0.365 0.259 0.282 0.629 0.628 0.598 0.621 0.623 0.609 0.413 0.621 0.295 0.362 0.601 0.616 0.35 0.348 0.612 0.593 0.424 0.386 0.336 0.377 0.332 0.24 0.331 0.244 0.354 0.329 0.231 0.23 0.33 0.229 0.231 0.238 0.593 0.58 0.347 0.364 0.376 0.385 0.385 0.505 0.366 0.481 0.278 0.278 0.387 0.393 0.265 1.094 1.07 0.408 0.37 0.369 0.383 0.376 0.375 0.204 0.203
0.715 0.709 0.384 0.707 1.214 1.212 0.682 0.641 0.64 0.639 0.266 0.371 0.657 0.281 0.367 0.26 0.631 0.63 0.629 0.624 1.18 0.625 0.57 0.414 0.299 0.309 0.355 0.339 0.357 0.352 0.422 0.406 0.471 0.38 0.333 0.337 0.422 0.329 0.29 1.139 0.604 0.58 0.578 0.576 0.329 0.245 0.244 0.232 0.234 0.233 0.261 0.382 0.412 0.382 0.323 0.243 0.237 0.575 0.385 0.251 0.408 0.408 0.381 0.381 1.099 0.407 0.261 0.422 0.148 0.38 0.247 0.385 0.502 0.529
0.719 0.722 0.708 0.702 0.645 0.696 0.688 0.642 0.399 0.64 0.381 0.373 0.372 0.293 0.262 0.374 0.632 0.631 0.63 0.574 0.62 0.626 0.594 0.415 0.301 0.298 0.518 0.526 0.329 0.466 0.356 0.35 0.6 0.616 0.334 0.351 0.379 0.399 0.393 1.142 0.227 0.219 0.216 0.332 0.331 0.234 0.234 0.233 0.234 0.595 0.415 0.378 0.502 0.381 0.252 0.493 0.457 0.45 0.28 0.386 0.386 0.385 0.261 0.406 0.425 0.373 0.383 0.409 0.41 0.41 0.582 0.585 0.535 0.215
0.407 0.717 0.998 0.707 1.217 1.131 0.644 0.643 0.642 0.641 0.386 0.374 0.379 0.293 0.368 0.376 0.633 0.632 0.631 0.576 0.625 0.622 0.618 0.621 0.304 0.514 0.358 0.34 0.358 0.339 0.383 0.328 0.378 0.342 0.335 0.363 0.38 0.346 0.354 0.273 0.26 0.24 0.239 0.2 0.215 0.213 0.235 0.334 0.236 0.249 0.244 0.379 0.579 0.39 0.413 0.453 0.389 0.592 0.265 0.411 0.265 0.385 0.263 0.441 0.589 0.41 0.386 0.266 0.269 0.269 0.216 0.228 0.339 0.508
0.732 0.721 0.728 0.719 1.219 0.646 0.645 0.644 0.642 0.641 0.434 0.378 0.377 0.294 0.373 0.368 0.634 0.633 0.632 0.631 0.621 0.627 0.627 0.371 0.306 0.624 0.361 0.622 0.605 0.361 0.357 0.604 0.37 0.475 0.333 0.613 0.472 0.426 0.423 0.428 0.605 0.24 0.239 0.238 0.276 0.236 0.326 0.338 0.46 0.356 0.389 0.381 0.38 0.267 0.396 0.267 0.267 0.283 0.266 0.377 0.265 0.252 0.386 0.412 0.591 0.387 0.428 0.27 0.381 0.263 0.526 0.516 0.406 0.511
1.228 0.726 0.732 0.409 0.723 1.218 0.645 0.644 0.441 0.642 0.4 0.373 0.598 0.635 0.375 0.385 0.635 0.634 0.63 0.628 0.63 0.629 0.378 0.377 0.783 0.348 0.345 0.376 0.417 0.499 0.599 0.618 0.575 0.463 0.391 0.369 0.358 0.342 0.244 0.243 0.243 0.242 0.241 0.24 0.239 0.239 0.26 0.396 0.461 0.505 0.383 0.406 0.381 0.381 0.251 0.268 0.38 0.267 0.391 0.388 0.4 0.203 0.416 0.389 0.413 0.265 0.272 0.386 0.395 0.398 0.549 0.403 0.403 0.393
0.737 1.228 0.746 0.421 0.648 1.22 0.646 0.635 0.644 0.643 0.435 0.375 0.624 0.423 0.371 0.392 0.636 0.635 0.629 0.633 0.629 0.629 0.315 0.313 0.422 0.468 0.348 0.441 0.512 0.416 0.42 0.475 0.502 0.463 0.476 0.383 0.271 0.266 0.247 0.245 0.245 0.244 0.342 0.242 0.341 0.241 0.461 0.462 0.369 0.375 0.494 0.27 0.407 0.382 0.418 0.398 0.504 0.39 0.399 0.413 0.398 0.398 0.432 0.596 0.277 0.596 0.188 0.764 0.417 0.397 0.567 0.532 0.23 0.229
0.734 0.743 0.736 0.647 1.224 1.222 0.647 0.646 0.645 0.644 0.402 0.38 0.531 0.376 0.373 0.374 0.637 0.622 0.635 0.632 0.632 0.318 0.317 0.363 0.314 0.352 0.593 0.315 0.315 0.495 0.452 0.495 0.41 0.502 0.415 0.395 0.276 0.337 0.339 0.338 0.247 0.346 0.348 0.244 0.344 0.243 0.465 0.462 0.503 0.271 0.421 0.421 0.27 0.42 0.419 0.401 0.394 0.287 0.543 0.4 0.391 0.391 0.275 0.417 0.334 0.39 0.325 1.11 1.032 1.03 0.409 0.374 0.371 0.389
0.755 0.424 0.74 0.744 1.225 1.223 0.648 0.647 0.646 0.645 0.609 0.436 0.519 0.336 0.376 0.373 0.638 0.637 0.636 0.627 0.622 0.158 0.318 0.357 0.445 0.493 0.494 0.379 0.626 0.315 0.319 0.314 0.309 0.621 0.411 0.461 1.165 1.163 0.383 0.428 0.35 0.249 0.247 0.345 0.245 0.244 0.349 0.47 0.469 0.415 0.395 0.422 0.462 0.421 0.605 0.429 0.408 0.597 0.273 0.257 0.268 0.269 0.245 0.26 0.163 0.379 1.13 1.13 0.4 1.13 0.163 0.581 0.162 0.236
0.746 0.748 0.653 0.742 1.227 1.225 0.649 0.648 0.647 0.646 0.444 0.378 0.464 0.334 0.38 0.379 0.638 0.638 0.623 0.609 0.27 0.442 0.312 0.632 0.446 0.507 0.532 0.418 0.498 0.626 0.458 0.624 0.355 0.32 0.435 1.169 0.398 0.367 1.164 1.163 0.353 0.354 0.351 0.628 0.35 0.251 0.347 0.471 0.425 0.424 0.424 0.422 0.378 0.607 0.593 0.431 0.395 0.403 0.258 0.394 0.394 0.261 0.422 0.422 0.316 0.32 1.131 0.395 1.122 0.213 0.245 0.246 0.245 0.342
0.656 0.655 0.654 0.653 0.652 1.227 0.65 0.649 0.648 0.647 0.445 0.64 0.64 0.589 0.359 0.359 0.637 0.623 0.636 0.632 0.61 0.635 0.582 0.375 0.632 0.518 0.439 0.476 0.382 0.378 0.413 0.327 0.372 0.413 0.417 0.422 1.171 0.635 0.432 1.162 0.657 1.163 0.614 0.641 0.428 0.466 1.156 0.427 0.426 0.426 0.38 0.379 0.379 0.608 0.609 0.608 0.365 0.422 0.307 0.228 0.231 0.333 0.33 0.39 0.277 1.076 0.417 1.134 0.387 0.282 0.239 0.237 0.244 0.346
0.764 0.656 0.655 0.654 0.653 0.652 0.63 0.65 0.649 0.424 0.644 0.633 0.592 0.339 0.59 0.625 0.641 0.64 0.628 0.638 0.637 0.636 0.635 0.518 0.454 0.358 0.536 0.482 0.401 0.391 0.433 0.392 0.419 0.418 0.408 0.364 0.404 0.263 0.278 0.469 0.511 0.617 0.62 1.163 1.162 0.469 0.405 0.43 0.614 0.427 0.613 0.612 0.426 0.425 0.461 0.61 0.379 0.46 0.344 0.609 0.402 0.229 0.218 0.227 0.238 0.519 0.275 0.406 0.406 0.209 0.272 0.231 0.365 0.383
0.614 0.657 1.236 0.655 0.654 0.653 0.652 0.651 0.606 0.45 0.648 0.647 0.646 0.386 0.557 0.58 0.592 0.633 0.395 0.631 0.638 0.637 0.636 0.635 0.589 0.395 0.475 0.502 0.389 0.387 0.383 0.379 0.281 0.278 0.41 0.426 0.365 0.434 0.38 0.38 0.635 0.639 0.623 0.637 0.626 0.411 0.433 0.616 0.463 0.495 0.433 0.381 0.418 0.391 0.352 0.339 0.38 0.335 0.611 0.611 0.599 0.352 0.535 0.534 0.312 0.275 0.185 1.148 0.169 0.173 0.246 0.235 0.355 0.389
1.242 0.658 0.657 0.656 0.655 1.232 0.653 0.652 0.617 0.615 0.649 0.648 0.646 0.643 0.413 0.61 0.37 0.361 0.617 0.272 0.639 0.638 0.638 0.637 0.636 0.442 0.46 0.394 0.392 0.384 0.396 0.393 0.398 0.395 0.347 0.287 0.283 0.337 0.471 0.271 0.296 0.263 0.259 0.323 0.432 0.619 0.619 0.437 0.423 0.434 0.386 0.366 0.385 0.471 0.382 0.353 0.427 0.614 0.463 0.613 0.613 0.343 0.314 0.349 0.537 0.181 0.18 0.235 0.326 0.174 0.246 0.17 0.251 0.24
1.243 0.659 0.658 0.657 0.656 0.655 0.654 0.653 0.652 0.625 0.456 0.649 0.648 0.584 0.414 0.634 0.625 0.638 0.634 0.613 0.641 0.64 0.639 0.638 0.418 0.636 0.442 0.564 0.399 0.397 0.39 0.388 0.403 0.4 0.603 0.366 0.407 0.264 0.37 0.285 0.348 0.233 0.257 0.272 0.272 0.394 0.442 0.459 0.433 0.439 0.437 0.454 0.388 0.387 0.432 0.337 0.55 0.616 0.606 0.606 0.552 0.552 0.316 0.317 0.547 0.583 0.237 0.236 0.207 0.329 0.329 0.266 0.253 0.163
0.661 1.243 0.659 0.658 0.657 0.656 0.655 0.654 0.653 0.652 0.651 0.648 0.619 0.429 0.637 0.584 0.645 0.639 0.621 0.624 0.642 0.641 0.64 0.456 0.638 0.637 0.637 0.493 0.444 0.395 0.457 0.409 0.388 0.386 0.581 0.484 0.397 0.41 0.372 0.342 0.286 0.263 0.346 0.403 0.371 0.408 0.273 0.333 0.407 0.435 0.421 0.432 0.439 0.391 0.429 0.428 0.409 0.61 0.607 0.565 0.559 0.572 0.546 0.319 0.322 0.617 0.302 0.337 0.248 0.211 0.617 0.617 0.238 0.369
0.662 0.661 0.66 0.659 0.658 0.657 0.656 0.655 0.654 0.653 0.652 0.586 0.479 0.47 0.339 0.345 0.341 0.635 0.635 0.633 0.643 0.641 0.387 0.64 0.639 0.639 0.638 0.418 0.512 0.509 0.395 0.402 0.391 0.444 0.44 0.4 0.413 0.279 0.269 0.384 0.386 0.265 0.262 0.261 0.277 0.282 0.258 0.267 0.488 0.547 0.252 0.528 0.611 0.621 0.621 0.621 0.62 0.62 0.609 0.609 0.619 0.619 1.167 0.555 0.54 0.327 0.361 0.306 0.335 0.336 0.611 0.306 0.572 0.399
0.663 1.247 1.245 0.66 0.659 0.658 0.657 0.656 0.655 0.654 0.277 0.172 0.483 0.342 0.34 0.339 0.303 0.436 0.639 0.624 0.644 0.643 0.642 0.642 0.641 0.64 0.639 0.545 0.54 0.404 0.394 0.415 0.388 0.605 0.442 0.403 0.378 0.376 0.375 0.374 0.268 0.27 0.266 0.242 0.27 0.379 0.243 0.25 0.241 0.248 0.26 0.248 0.401 0.398 0.623 0.623 0.622 0.402 0.395 0.607 0.719 0.621 0.57 0.36 0.396 0.621 0.621 0.622 0.254 0.339 0.247 0.262 0.594 0.618
0.663 0.662 1.247 0.661 0.66 0.659 0.658 0.657 0.656 0.655 0.654 0.387 0.17 0.169 0.342 0.341 0.591 0.31 0.647 0.646 0.623 0.644 0.644 0.643 0.642 0.641 0.64 0.64 0.629 0.583 0.627 0.524 0.389 0.414 0.422 0.407 0.664 0.398 0.242 0.244 0.269 0.27 0.247 0.246 0.244 0.243 0.412 0.252 0.398 0.398 0.41 0.252 0.25 0.41 0.385 0.409 0.624 0.377 0.471 0.614 0.624 1.175 0.577 0.567 0.624 0.624 0.439 0.624 0.409 0.271 0.283 0.273 0.219 0.558
1.252 0.663 0.662 0.662 0.661 0.66 0.659 0.658 0.657 0.656 0.655 0.646 0.347 0.345 0.344 0.342 0.355 0.644 0.648 0.647 0.646 0.646 0.645 0.644 0.643 0.642 0.642 0.454 0.42 0.45 0.423 0.419 0.585 0.56 0.684 0.392 0.623 0.22 0.272 0.271 0.348 0.249 0.249 0.248 0.249 0.401 0.4 0.614 0.385 0.263 0.173 0.206 0.205 0.411 0.405 0.407 0.265 0.33 0.473 0.622 0.626 1.179 0.607 0.362 0.591 1.18 0.429 0.425 0.41 0.314 0.371 0.603 0.407 0.426
1.254 1.252 0.663 0.663 0.662 0.661 1.243 1.242 0.28 0.657 0.656 0.655 0.647 0.647 0.268 0.652 0.396 0.396 0.649 0.648 0.647 0.647 0.646 0.645 0.644 0.644 0.432 0.495 0.535 0.577 0.538 0.54 0.437 0.451 0.446 0.276 0.319 0.387 0.355 0.253 0.252 0.251 0.25 0.251 0.414 0.274 0.25 0.413 0.378 0.256 0.194 0.255 0.377 0.412 0.4 0.621 0.62 0.62 0.318 0.586 0.609 1.183 0.598 0.37 0.628 0.594 0.486 0.431 1.319 0.444 0.615 0.319 0.373 0.319
1.256 1.254 0.664 0.664 0.663 0.662 1.245 1.243 0.659 0.658 0.657 0.656 0.655 0.655 0.654 0.653 0.652 0.651 0.65 0.65 0.649 0.544 0.731 0.422 0.435 0.543 0.527 0.565 0.461 0.411 0.625 0.506 0.524 0.563 0.294 0.448 0.32 0.395 0.387 0.389 0.353 0.352 0.352 0.352 0.252 0.251 0.379 0.256 0.255 0.259 0.26 0.613 0.595 1.189 0.255 0.413 0.413 0.413 0.244 0.475 0.591 0.63 0.37 0.417 0.439 0.506 0.446 0.631 0.446 0.631 0.568 0.314 0.632 1.191
1.258 0.666 0.665 0.665 0.655 1.249 0.662 0.661 0.66 0.659 0.658 0.657 0.656 0.656 0.655 0.654 0.452 0.452 0.47 0.429 0.746 0.454 0.397 0.391 0.421 0.433 0.433 0.486 0.414 1.213 1.212 1.21 0.72 0.507 1.205 0.267 0.439 0.434 1.203 0.548 0.427 0.365 0.398 0.365 0.364 0.255 0.356 0.253 0.254 0.276 0.353 0.604 0.607 0.594 0.354 0.173 0.594 0.172 0.244 0.477 1.192 0.264 0.624 0.348 1.189 1.192 1.192 1.191 1.194 1.193 0.452 0.315 0.624 0.635
0.668 1.258 0.666 0.666 0.665 0.664 0.663 0.662 0.661 1.244 1.242 0.658 0.658 0.657 0.656 0.655 0.654 0.653 0.653 0.652 0.429 0.477 0.375 0.398 0.352 0.391 1.195 1.218 0.38 1.215 0.644 0.466 1.212 1.211 0.642 0.641 0.47 0.64 0.64 0.332 0.637 0.323 0.574 0.379 0.367 0.36 0.56 0.614 0.359 0.622 0.566 0.635 0.61 0.449 0.414 0.356 0.596 0.595 0.321 0.643 0.598 0.62 0.623 0.617 1.196 1.197 1.197 1.197 1.195 1.197 1.199 1.197 1.2 0.637
1.261 1.26 0.667 1.253 0.666 0.665 0.664 0.663 0.662 0.661 0.66 0.659 0.659 0.658 0.454 0.656 0.655 0.655 0.643 0.653 0.652 0.591 0.439 0.432 0.43 1.223 1.221 0.462 0.555 0.461 0.474 0.522 0.463 0.458 0.446 0.41 0.436 0.479 0.435 0.435 0.382 0.578 0.579 0.41 0.428 0.662 0.424 0.537 0.523 0.427 0.541 0.636 0.36 0.139 0.357 0.379 0.365 0.361 0.611 1.199 0.25 1.2 0.637 0.637 0.475 1.196 1.2 0.616 1.198 0.63 1.339 1.34 0.639 0.64
