static/jobfarm/user_models/minyf/common/HOME-GBHM/输出文件/Output/Grids/Eact20020222.asc
ncols 221
nrows 204
xllcorner -627000.0
yllcorner 3955000.0
cellsize 900.0
NODATA_value -9999.0
[rows 99 to 131 of 204, columns 74 to 147 of 221]
0.239 0.257 0.238 0.209 0.204 0.191 0.195 0.193 0.193 0.211 0.224 0.192 0.221 0.214 0.183 0.187 0.206 0.208 0.202 0.176 0.176 0.176 0.162 0.186 0.209 0.21 0.205 0.221 0.201 0.189 0.184 0.145 0.177 0.161 0.144 0.161 0.169 0.186 0.217 0.2 0.169 0.169 0.169 0.162 0.193 0.162 0.187 0.185 0.198 0.197 0.185 0.206 0.206 0.058 0.056 0.205 0.205 0.204 0.209 0.186 0.07 0.179 0.179 0.182 0.191 0.195 0.214 0.192 0.201 0.201 0.254 0.202 0.195 0.18
0.219 0.197 0.22 0.244 0.248 0.2 0.209 0.153 0.148 0.152 0.14 0.164 0.187 0.192 0.218 0.187 0.192 0.199 0.208 0.17 0.176 0.186 0.168 0.197 0.19 0.162 0.193 0.159 0.16 0.146 0.169 0.192 0.191 0.185 0.217 0.169 0.177 0.146 0.163 0.194 0.169 0.162 0.189 0.186 0.209 0.209 0.209 0.208 0.226 0.223 0.223 0.169 0.155 0.149 0.139 0.051 0.162 0.186 0.198 0.065 0.178 0.122 0.196 0.201 0.249 0.228 0.174 0.212 0.189 0.183 0.137 0.109 0.192 0.187
0.248 0.218 0.173 0.173 0.177 0.172 0.204 0.196 0.071 0.228 0.196 0.133 0.195 0.164 0.187 0.203 0.176 0.163 0.176 0.168 0.187 0.209 0.206 0.175 0.206 0.186 0.199 0.199 0.199 0.193 0.199 0.225 0.199 0.168 0.177 0.154 0.147 0.14 0.154 0.116 0.139 0.163 0.183 0.192 0.209 0.19 0.233 0.209 0.222 0.23 0.23 0.206 0.129 0.206 0.206 0.209 0.238 0.193 0.193 0.067 0.189 0.21 0.188 0.206 0.214 0.18 0.201 0.12 0.18 0.118 0.199 0.191 0.2 0.206
0.277 0.258 0.27 0.247 0.239 0.222 0.2 0.181 0.153 0.153 0.141 0.172 0.164 0.145 0.164 0.164 0.187 0.219 0.192 0.187 0.192 0.192 0.21 0.192 0.168 0.186 0.217 0.168 0.193 0.176 0.168 0.186 0.199 0.162 0.195 0.177 0.146 0.171 0.146 0.171 0.163 0.177 0.163 0.163 0.186 0.2 0.163 0.177 0.169 0.104 0.163 0.186 0.217 0.207 0.193 0.05 0.208 0.179 0.132 0.113 0.169 0.188 0.206 0.156 0.188 0.201 0.118 0.141 0.158 0.174 0.186 0.209 0.201 0.241
0.258 0.251 0.213 0.221 0.242 0.191 0.173 0.185 0.161 0.148 0.165 0.177 0.133 0.196 0.177 0.153 0.14 0.145 0.164 0.187 0.219 0.161 0.138 0.176 0.145 0.163 0.186 0.192 0.21 0.223 0.192 0.2 0.138 0.177 0.164 0.17 0.187 0.169 0.187 0.193 0.187 0.218 0.193 0.201 0.169 0.177 0.163 0.169 0.194 0.177 0.172 0.16 0.163 0.194 0.187 0.193 0.204 0.184 0.108 0.123 0.153 0.189 0.198 0.2 0.198 0.208 0.258 0.281 0.218 0.236 0.249 0.201 0.211 0.235
0.239 0.235 0.169 0.142 0.206 0.177 0.185 0.181 0.153 0.149 0.153 0.165 0.188 0.212 0.193 0.201 0.145 0.172 0.133 0.169 0.187 0.192 0.211 0.18 0.211 0.224 0.192 0.192 0.2 0.145 0.163 0.186 0.17 0.195 0.195 0.17 0.177 0.146 0.164 0.187 0.17 0.195 0.177 0.146 0.171 0.146 0.058 0.066 0.187 0.183 0.141 0.187 0.18 0.172 0.194 0.187 0.17 0.056 0.135 0.198 0.208 0.2 0.18 0.198 0.198 0.189 0.199 0.199 0.235 0.182 0.181 0.181 0.192 0.211
0.222 0.242 0.255 0.225 0.232 0.2 0.149 0.173 0.177 0.205 0.197 0.177 0.141 0.153 0.141 0.218 0.172 0.159 0.164 0.191 0.164 0.195 0.169 0.169 0.187 0.162 0.187 0.187 0.192 0.2 0.176 0.164 0.145 0.163 0.163 0.188 0.193 0.193 0.211 0.217 0.217 0.217 0.217 0.225 0.187 0.201 0.17 0.177 0.061 0.061 0.053 0.058 0.195 0.164 0.187 0.18 0.235 0.219 0.237 0.251 0.188 0.199 0.209 0.071 0.199 0.134 0.124 0.208 0.203 0.195 0.204 0.204 0.223 0.195
0.25 0.249 0.269 0.257 0.206 0.196 0.176 0.182 0.173 0.197 0.193 0.193 0.221 0.193 0.193 0.201 0.177 0.164 0.177 0.153 0.148 0.148 0.121 0.14 0.172 0.164 0.195 0.145 0.163 0.187 0.17 0.195 0.176 0.145 0.164 0.164 0.188 0.219 0.201 0.17 0.17 0.178 0.141 0.164 0.194 0.199 0.213 0.212 0.206 0.063 0.198 0.063 0.071 0.211 0.229 0.211 0.231 0.066 0.066 0.208 0.185 0.19 0.068 0.076 0.218 0.2 0.195 0.2 0.138 0.222 0.205 0.205 0.211 0.237
0.25 0.25 0.249 0.245 0.182 0.206 0.168 0.182 0.182 0.153 0.166 0.177 0.165 0.189 0.201 0.169 0.196 0.145 0.153 0.141 0.141 0.172 0.164 0.196 0.145 0.153 0.109 0.164 0.187 0.192 0.187 0.192 0.211 0.225 0.201 0.17 0.17 0.17 0.164 0.157 0.2 0.218 0.223 0.212 0.232 0.194 0.201 0.191 0.192 0.164 0.192 0.141 0.154 0.053 0.164 0.122 0.196 0.183 0.172 0.157 0.172 0.061 0.058 0.191 0.22 0.2 0.236 0.21 0.2 0.2 0.213 0.205 0.223 0.215
0.26 0.24 0.221 0.211 0.174 0.198 0.185 0.222 0.201 0.21 0.19 0.194 0.201 0.138 0.134 0.145 0.165 0.189 0.189 0.193 0.193 0.193 0.22 0.193 0.201 0.177 0.153 0.109 0.145 0.109 0.14 0.164 0.187 0.212 0.225 0.194 0.17 0.196 0.17 0.188 0.202 0.152 0.179 0.141 0.152 0.165 0.196 0.195 0.216 0.203 0.183 0.184 0.165 0.151 0.058 0.063 0.156 0.212 0.15 0.228 0.219 0.073 0.145 0.228 0.21 0.21 0.22 0.22 0.233 0.233 0.214 0.262 0.231 0.218
0.241 0.243 0.26 0.245 0.158 0.264 0.224 0.215 0.168 0.153 0.166 0.166 0.19 0.162 0.221 0.193 0.138 0.165 0.165 0.189 0.229 0.193 0.193 0.162 0.193 0.22 0.201 0.169 0.064 0.188 0.188 0.181 0.243 0.219 0.193 0.175 0.178 0.165 0.158 0.194 0.194 0.195 0.195 0.202 0.171 0.193 0.153 0.196 0.189 0.213 0.204 0.199 0.204 0.134 0.181 0.076 0.222 0.218 0.141 0.193 0.064 0.21 0.21 0.125 0.21 0.21 0.059 0.064 0.204 0.196 0.213 0.207 0.202 0.182
0.251 0.243 0.25 0.26 0.26 0.28 0.223 0.222 0.2 0.198 0.222 0.202 0.166 0.178 0.146 0.142 0.165 0.169 0.197 0.165 0.153 0.172 0.172 0.205 0.205 0.177 0.146 0.153 0.172 0.188 0.188 0.209 0.145 0.164 0.127 0.207 0.227 0.191 0.195 0.2 0.2 0.219 0.2 0.169 0.209 0.203 0.165 0.178 0.182 0.165 0.189 0.208 0.221 0.208 0.194 0.203 0.182 0.069 0.24 0.069 0.237 0.249 0.185 0.182 0.166 0.192 0.135 0.201 0.206 0.2 0.245 0.252 0.21 0.19
0.222 0.222 0.221 0.221 0.231 0.24 0.223 0.247 0.266 0.182 0.153 0.166 0.19 0.19 0.202 0.17 0.177 0.173 0.146 0.173 0.177 0.173 0.196 0.229 0.209 0.153 0.153 0.172 0.196 0.22 0.22 0.233 0.2 0.177 0.196 0.2 0.228 0.177 0.176 0.185 0.172 0.204 0.146 0.172 0.172 0.185 0.18 0.153 0.208 0.175 0.14 0.197 0.117 0.196 0.032 0.196 0.193 0.184 0.067 0.193 0.166 0.19 0.202 0.236 0.202 0.194 0.192 0.222 0.207 0.184 0.206 0.164 0.153 0.196
0.262 0.244 0.251 0.271 0.26 0.267 0.287 0.216 0.211 0.216 0.177 0.191 0.194 0.194 0.222 0.194 0.194 0.162 0.194 0.221 0.225 0.233 0.201 0.209 0.177 0.185 0.172 0.185 0.211 0.2 0.172 0.199 0.181 0.153 0.141 0.177 0.204 0.204 0.172 0.177 0.177 0.172 0.204 0.177 0.204 0.185 0.153 0.172 0.177 0.196 0.22 0.193 0.202 0.216 0.198 0.055 0.169 0.194 0.194 0.051 0.068 0.072 0.193 0.214 0.246 0.209 0.211 0.223 0.203 0.167 0.184 0.19 0.214 0.187
0.211 0.229 0.139 0.241 0.251 0.251 0.265 0.28 0.266 0.2 0.178 0.17 0.191 0.215 0.194 0.194 0.19 0.214 0.218 0.234 0.21 0.177 0.146 0.177 0.197 0.166 0.209 0.197 0.209 0.185 0.161 0.2 0.199 0.166 0.148 0.206 0.205 0.191 0.196 0.191 0.185 0.172 0.204 0.185 0.153 0.148 0.052 0.057 0.228 0.22 0.244 0.236 0.217 0.217 0.211 0.216 0.237 0.234 0.165 0.223 0.232 0.079 0.086 0.239 0.224 0.211 0.202 0.202 0.063 0.214 0.222 0.215 0.219 0.203
0.282 0.26 0.252 0.264 0.22 0.219 0.222 0.208 0.067 0.216 0.223 0.202 0.191 0.215 0.226 0.194 0.196 0.194 0.194 0.191 0.201 0.21 0.206 0.186 0.162 0.129 0.118 0.173 0.197 0.221 0.201 0.209 0.185 0.153 0.149 0.153 0.173 0.172 0.196 0.229 0.209 0.146 0.185 0.153 0.172 0.205 0.185 0.172 0.165 0.213 0.198 0.158 0.208 0.046 0.065 0.072 0.246 0.216 0.214 0.074 0.081 0.074 0.213 0.271 0.263 0.079 0.227 0.193 0.191 0.223 0.194 0.194 0.213 0.193
0.254 0.262 0.263 0.259 0.261 0.261 0.253 0.234 0.238 0.077 0.264 0.08 0.192 0.184 0.16 0.191 0.215 0.226 0.17 0.17 0.198 0.201 0.222 0.234 0.177 0.153 0.149 0.182 0.173 0.177 0.166 0.21 0.173 0.197 0.201 0.209 0.197 0.177 0.177 0.197 0.221 0.201 0.17 0.201 0.221 0.225 0.201 0.177 0.17 0.055 0.229 0.213 0.06 0.06 0.208 0.208 0.213 0.237 0.269 0.207 0.204 0.239 0.082 0.221 0.203 0.201 0.224 0.194 0.065 0.213 0.197 0.213 0.203 0.078
0.231 0.234 0.186 0.253 0.254 0.242 0.251 0.265 0.226 0.236 0.25 0.211 0.146 0.167 0.17 0.16 0.191 0.194 0.215 0.226 0.202 0.177 0.198 0.17 0.201 0.23 0.201 0.197 0.177 0.166 0.221 0.234 0.201 0.201 0.177 0.173 0.166 0.21 0.197 0.201 0.201 0.21 0.205 0.146 0.17 0.186 0.173 0.206 0.214 0.2 0.199 0.199 0.05 0.208 0.199 0.217 0.201 0.19 0.207 0.067 0.06 0.194 0.184 0.074 0.07 0.212 0.261 0.212 0.27 0.078 0.07 0.078 0.2 0.232
0.195 0.071 0.265 0.142 0.219 0.235 0.241 0.265 0.266 0.273 0.178 0.178 0.178 0.136 0.167 0.191 0.202 0.199 0.17 0.178 0.186 0.174 0.207 0.177 0.177 0.198 0.21 0.198 0.21 0.177 0.186 0.173 0.186 0.182 0.153 0.209 0.192 0.067 0.23 0.23 0.21 0.196 0.173 0.206 0.166 0.17 0.197 0.177 0.137 0.208 0.19 0.21 0.238 0.249 0.138 0.226 0.218 0.208 0.152 0.065 0.06 0.064 0.249 0.241 0.08 0.085 0.225 0.075 0.236 0.081 0.265 0.086 0.24 0.242
0.204 0.229 0.162 0.224 0.218 0.232 0.21 0.21 0.171 0.171 0.176 0.2 0.192 0.227 0.209 0.185 0.199 0.185 0.207 0.154 0.162 0.159 0.15 0.143 0.153 0.183 0.183 0.15 0.153 0.174 0.174 0.174 0.167 0.201 0.166 0.21 0.177 0.142 0.221 0.207 0.198 0.222 0.239 0.206 0.17 0.198 0.206 0.167 0.198 0.208 0.214 0.223 0.209 0.219 0.198 0.199 0.179 0.19 0.223 0.051 0.227 0.204 0.238 0.15 0.201 0.065 0.127 0.2 0.171 0.201 0.193 0.221 0.195 0.052
0.164 0.164 0.133 0.131 0.15 0.194 0.132 0.205 0.158 0.152 0.144 0.115 0.144 0.136 0.16 0.139 0.16 0.192 0.204 0.171 0.179 0.146 0.146 0.143 0.167 0.191 0.17 0.2 0.17 0.146 0.167 0.179 0.175 0.155 0.122 0.131 0.119 0.143 0.119 0.138 0.148 0.143 0.174 0.143 0.143 0.159 0.163 0.191 0.203 0.177 0.177 0.183 0.138 0.147 0.147 0.139 0.208 0.137 0.059 0.149 0.059 0.059 0.188 0.047 0.052 0.222 0.058 0.146 0.172 0.132 0.142 0.171 0.048 0.151
0.115 0.138 0.131 0.15 0.15 0.141 0.173 0.149 0.158 0.169 0.137 0.139 0.169 0.139 0.136 0.136 0.139 0.16 0.171 0.192 0.195 0.195 0.195 0.195 0.195 0.195 0.203 0.171 0.179 0.122 0.119 0.143 0.122 0.143 0.167 0.191 0.203 0.179 0.147 0.113 0.128 0.136 0.119 0.143 0.161 0.143 0.143 0.146 0.146 0.159 0.223 0.163 0.123 0.167 0.164 0.139 0.184 0.052 0.208 0.211 0.05 0.052 0.15 0.057 0.064 0.157 0.242 0.07 0.162 0.172 0.172 0.238 0.213 0.17
0.122 0.146 0.121 0.14 0.131 0.132 0.141 0.137 0.194 0.161 0.132 0.142 0.185 0.193 0.193 0.161 0.147 0.122 0.153 0.144 0.144 0.177 0.155 0.143 0.05 0.15 0.119 0.143 0.142 0.119 0.143 0.155 0.143 0.167 0.171 0.179 0.143 0.146 0.139 0.129 0.192 0.185 0.057 0.172 0.147 0.143 0.128 0.156 0.168 0.138 0.128 0.136 0.144 0.119 0.136 0.16 0.111 0.047 0.169 0.193 0.042 0.047 0.216 0.047 0.052 0.249 0.155 0.243 0.052 0.052 0.251 0.249 0.139 0.164
0.179 0.141 0.141 0.16 0.151 0.161 0.16 0.15 0.157 0.169 0.169 0.151 0.199 0.132 0.185 0.163 0.185 0.185 0.187 0.163 0.201 0.171 0.163 0.163 0.179 0.144 0.147 0.155 0.136 0.168 0.147 0.146 0.168 0.179 0.167 0.146 0.122 0.143 0.16 0.129 0.184 0.202 0.059 0.184 0.195 0.182 0.184 0.148 0.16 0.184 0.2 0.169 0.136 0.171 0.147 0.136 0.047 0.183 0.183 0.192 0.191 0.13 0.14 0.21 0.177 0.161 0.05 0.172 0.16 0.171 0.05 0.05 0.14 0.147
0.161 0.147 0.151 0.198 0.16 0.206 0.141 0.151 0.131 0.141 0.188 0.186 0.215 0.14 0.161 0.137 0.154 0.161 0.161 0.161 0.168 0.171 0.16 0.171 0.136 0.168 0.139 0.136 0.136 0.139 0.176 0.144 0.147 0.147 0.168 0.168 0.179 0.155 0.131 0.111 0.115 0.136 0.047 0.192 0.182 0.139 0.197 0.173 0.192 0.155 0.139 0.187 0.139 0.147 0.217 0.207 0.207 0.186 0.193 0.185 0.164 0.193 0.047 0.159 0.159 0.167 0.138 0.056 0.048 0.213 0.18 0.188 0.061 0.201
0.148 0.161 0.142 0.188 0.188 0.132 0.162 0.187 0.141 0.193 0.193 0.211 0.131 0.147 0.152 0.127 0.112 0.105 0.112 0.137 0.169 0.161 0.163 0.161 0.171 0.168 0.136 0.139 0.139 0.168 0.16 0.147 0.139 0.147 0.168 0.184 0.163 0.171 0.171 0.163 0.16 0.184 0.163 0.184 0.151 0.139 0.156 0.13 0.055 0.176 0.144 0.152 0.134 0.045 0.144 0.097 0.144 0.169 0.153 0.145 0.115 0.115 0.04 0.04 0.145 0.121 0.171 0.154 0.129 0.123 0.092 0.115 0.148 0.141
0.142 0.179 0.163 0.187 0.132 0.177 0.154 0.154 0.162 0.172 0.162 0.133 0.141 0.147 0.15 0.222 0.152 0.259 0.224 0.185 0.178 0.185 0.196 0.163 0.163 0.163 0.139 0.136 0.161 0.161 0.163 0.163 0.185 0.185 0.188 0.188 0.188 0.188 0.163 0.163 0.139 0.202 0.178 0.149 0.139 0.207 0.2 0.147 0.158 0.129 0.129 0.136 0.047 0.052 0.218 0.052 0.218 0.205 0.173 0.204 0.161 0.215 0.191 0.174 0.137 0.162 0.147 0.164 0.115 0.119 0.172 0.154 0.14 0.156
0.164 0.196 0.139 0.132 0.138 0.132 0.138 0.187 0.216 0.187 0.185 0.162 0.123 0.121 0.121 0.162 0.15 0.186 0.17 0.154 0.154 0.161 0.161 0.163 0.161 0.185 0.196 0.163 0.139 0.169 0.147 0.136 0.139 0.147 0.136 0.161 0.163 0.163 0.185 0.151 0.178 0.178 0.14 0.137 0.191 0.161 0.168 0.13 0.161 0.201 0.13 0.052 0.054 0.052 0.21 0.212 0.212 0.21 0.235 0.153 0.15 0.205 0.138 0.141 0.151 0.221 0.185 0.141 0.149 0.149 0.187 0.188 0.221 0.195
0.194 0.202 0.168 0.139 0.148 0.09 0.114 0.146 0.138 0.162 0.164 0.133 0.141 0.151 0.232 0.16 0.17 0.172 0.251 0.219 0.21 0.21 0.188 0.196 0.139 0.169 0.147 0.115 0.112 0.115 0.137 0.161 0.193 0.163 0.163 0.163 0.163 0.193 0.171 0.139 0.077 0.06 0.11 0.129 0.137 0.161 0.161 0.161 0.161 0.194 0.164 0.142 0.13 0.176 0.144 0.131 0.186 0.057 0.151 0.211 0.253 0.151 0.194 0.196 0.131 0.195 0.195 0.154 0.195 0.181 0.15 0.196 0.17 0.138
0.091 0.192 0.172 0.188 0.212 0.196 0.197 0.172 0.139 0.139 0.139 0.162 0.15 0.131 0.141 0.151 0.16 0.212 0.188 0.134 0.15 0.22 0.186 0.193 0.185 0.164 0.161 0.139 0.161 0.194 0.163 0.171 0.139 0.139 0.169 0.139 0.161 0.171 0.139 0.169 0.102 0.106 0.111 0.075 0.12 0.169 0.13 0.153 0.131 0.128 0.137 0.139 0.14 0.154 0.17 0.162 0.13 0.145 0.039 0.046 0.17 0.162 0.154 0.163 0.187 0.152 0.216 0.213 0.142 0.17 0.138 0.128 0.133 0.15
0.148 0.072 0.081 0.152 0.171 0.171 0.177 0.171 0.171 0.204 0.147 0.132 0.131 0.138 0.187 0.211 0.24 0.185 0.139 0.133 0.106 0.131 0.123 0.119 0.17 0.162 0.183 0.178 0.161 0.194 0.172 0.139 0.137 0.139 0.161 0.161 0.164 0.194 0.164 0.164 0.164 0.034 0.077 0.124 0.13 0.161 0.133 0.145 0.124 0.148 0.187 0.164 0.191 0.203 0.16 0.169 0.169 0.177 0.162 0.112 0.042 0.166 0.174 0.196 0.192 0.132 0.155 0.164 0.139 0.142 0.155 0.133 0.145 0.133
0.168 0.148 0.172 0.172 0.142 0.081 0.081 0.196 0.196 0.216 0.21 0.172 0.132 0.131 0.147 0.159 0.162 0.162 0.16 0.092 0.12 0.128 0.12 0.104 0.131 0.141 0.186 0.201 0.176 0.136 0.145 0.115 0.113 0.145 0.137 0.137 0.139 0.161 0.186 0.164 0.15 0.097 0.097 0.112 0.16 0.206 0.149 0.087 0.099 0.162 0.169 0.131 0.097 0.112 0.143 0.189 0.22 0.151 0.197 0.151 0.169 0.119 0.187 0.165 0.163 0.142 0.214 0.164 0.142 0.189 0.17 0.197 0.151 0.18
0.102 0.095 0.222 0.172 0.192 0.239 0.113 0.098 0.088 0.196 0.215 0.192 0.162 0.171 0.139 0.138 0.138 0.17 0.17 0.111 0.086 0.056 0.079 0.079 0.104 0.092 0.092 0.087 0.096 0.096 0.159 0.126 0.13 0.116 0.139 0.17 0.139 0.17 0.137 0.121 0.087 0.097 0.107 0.107 0.099 0.173 0.231 0.124 0.164 0.154 0.121 0.195 0.15 0.087 0.187 0.208 0.194 0.122 0.122 0.132 0.151 0.152 0.172 0.132 0.151 0.179 0.143 0.14 0.164 0.17 0.155 0.165 0.187 0.188
