static/jobfarm/user_models/minyf/common/HOME-GBHM/输出文件/Output/Grids/Eact20020223.asc
ncols 221
nrows 204
xllcorner -627000.0
yllcorner 3955000.0
cellsize 900.0
NODATA_value -9999.0
[rows 66 to 98 of 204, columns 74 to 147 of 221]
0.731 0.561 1.377 0.651 0.651 0.65 0.557 1.371 0.556 0.556 0.561 0.671 0.554 0.553 0.554 0.555 0.594 0.604 1.092 0.64 1.939 1.07 0.753 0.746 0.675 0.675 1.34 0.689 0.943 0.664 0.844 0.679 0.67 0.821 0.543 0.543 0.724 0.545 0.689 0.683 0.682 0.835 1.33 0.596 0.692 0.536 0.533 0.533 0.536 0.532 0.535 0.664 0.655 1.071 0.662 0.652 0.651 0.857 1.88 0.729 0.678 0.659 0.948 0.525 0.644 0.522 0.524 0.528 1.298 0.524 1.295 1.295 1.296 0.521
0.561 0.575 0.561 0.562 0.561 0.654 0.557 0.556 0.556 0.556 0.555 0.555 0.554 0.554 0.553 0.554 1.067 1.066 0.602 0.559 0.657 1.367 0.79 0.806 0.682 0.702 0.696 0.68 0.945 0.665 0.748 0.831 0.885 0.542 0.818 0.543 0.546 0.636 0.804 0.61 0.803 0.665 0.803 1.328 0.696 0.567 0.535 0.534 0.534 0.678 0.532 0.692 0.786 0.667 0.689 1.308 0.652 0.777 0.804 0.661 0.681 0.529 0.624 0.655 0.67 0.664 1.3 0.62 0.529 0.527 0.527 0.53 0.646 1.295
1.385 1.383 1.38 0.561 0.558 0.558 0.556 0.556 0.558 0.558 0.555 0.554 0.688 0.687 0.686 0.69 1.075 1.099 1.073 0.558 0.551 0.878 0.87 0.684 0.717 0.701 0.701 0.665 0.664 0.663 0.966 0.691 0.674 0.544 0.543 0.546 0.545 0.544 0.622 0.547 0.565 0.609 0.617 0.689 0.54 0.686 0.541 0.679 0.547 0.652 0.651 0.653 0.665 0.816 0.653 1.314 0.655 0.773 0.679 0.778 0.861 0.576 0.843 0.667 0.534 0.534 0.666 0.666 0.659 0.532 0.686 0.53 0.533 0.62
1.387 0.573 0.563 0.56 0.559 0.694 0.696 0.694 0.556 0.697 0.555 0.554 0.555 0.646 0.654 0.655 0.647 1.098 1.002 1.064 0.56 0.897 1.036 1.068 0.849 0.694 0.694 0.666 0.668 0.968 0.664 0.706 0.702 0.674 0.673 0.679 0.547 0.547 0.636 0.547 0.578 0.568 0.628 0.558 0.542 0.552 0.673 0.541 0.661 0.654 0.653 0.661 1.074 0.708 0.659 0.693 0.659 0.659 0.538 0.534 0.671 0.821 0.732 0.755 0.533 0.669 0.77 0.666 0.678 0.664 0.71 0.664 0.677 0.545
1.957 1.417 1.385 0.56 1.38 0.559 0.561 0.712 0.701 1.103 0.555 0.555 0.554 0.554 0.556 0.554 0.621 0.64 0.836 1.071 1.063 0.785 1.097 1.01 0.701 0.696 0.698 0.668 0.667 0.846 0.673 0.678 0.701 0.683 0.712 1.341 0.681 0.674 0.545 0.547 0.572 0.666 0.573 0.621 0.544 0.545 0.543 0.553 0.872 0.757 1.076 1.075 1.074 1.069 0.868 0.534 0.534 0.663 0.683 0.697 0.666 0.702 0.762 0.704 0.647 0.689 0.68 0.679 0.587 0.672 0.798 0.686 0.779 0.788
1.402 1.4 0.832 1.386 1.382 1.38 1.373 1.104 0.701 1.103 0.558 0.559 0.554 0.553 0.553 0.553 0.61 0.714 0.863 0.911 1.355 0.817 0.767 0.866 0.857 0.672 0.671 0.669 1.004 0.668 0.67 0.901 0.709 0.698 0.75 0.752 0.712 0.677 0.68 0.691 0.576 0.541 0.628 0.539 0.545 0.552 0.544 0.542 0.821 0.624 0.575 0.657 0.665 0.756 0.871 0.536 0.537 0.542 0.538 0.533 0.621 0.789 0.779 0.585 0.674 1.313 1.313 0.682 0.84 0.675 0.781 1.01 0.713 0.735
1.39 1.389 1.386 0.702 1.403 1.418 1.39 1.955 1.105 1.103 0.562 0.559 0.556 0.695 0.692 0.553 1.099 0.722 0.74 1.023 1.012 1.098 1.08 0.866 0.702 0.749 0.731 0.805 0.67 0.669 0.685 0.68 0.686 0.846 0.846 0.884 0.845 0.802 0.634 0.546 0.683 0.546 0.542 0.541 0.546 0.68 0.677 0.671 0.792 0.545 0.538 0.659 0.7 0.684 0.7 0.734 0.54 0.537 0.541 0.59 0.783 0.779 0.775 1.838 1.326 0.653 0.672 0.928 0.843 0.892 0.699 0.679 0.54 0.664
1.39 1.032 1.388 1.386 1.404 1.956 1.393 1.954 1.104 0.789 0.56 0.559 0.554 0.692 0.691 0.554 0.584 0.556 1.093 1.084 1.368 1.918 1.021 0.891 0.926 0.675 0.923 0.892 0.867 0.896 1.023 0.685 0.681 0.757 1.41 0.774 0.844 0.761 0.956 0.633 0.548 0.686 0.544 0.67 0.547 0.547 0.547 0.661 0.682 0.683 0.694 0.676 0.669 0.792 0.875 0.778 0.748 0.658 0.86 0.878 0.901 0.858 0.835 0.963 1.626 0.826 0.639 0.926 0.888 0.549 0.674 0.673 0.539 0.534
1.819 1.815 1.387 0.708 1.106 1.955 1.391 1.104 1.103 1.102 0.699 0.556 0.554 0.792 0.691 0.553 0.587 1.098 1.098 1.09 1.088 0.86 1.081 0.966 0.914 0.674 0.674 0.675 0.685 0.687 0.685 0.683 0.689 0.87 0.842 0.775 0.907 0.761 0.626 0.706 0.548 0.695 0.677 0.545 0.544 0.683 0.544 0.546 0.556 0.859 0.78 0.71 0.678 0.68 0.556 0.555 0.886 0.892 0.865 0.609 0.701 0.816 0.852 0.639 1.421 1.397 0.79 0.807 0.884 0.814 0.535 0.537 0.538 0.536
1.393 1.39 0.702 1.388 1.956 1.955 1.396 1.104 1.102 1.102 0.557 0.693 1.375 0.775 0.692 0.553 1.098 1.097 1.097 0.9 1.936 0.858 1.082 0.954 0.675 0.674 0.686 0.854 0.693 0.687 0.686 0.86 0.699 0.872 0.812 0.775 0.965 0.761 0.627 1.375 1.354 1.344 1.343 1.341 0.679 0.549 0.548 0.547 0.548 0.547 0.619 0.748 0.751 0.682 0.546 0.546 0.543 0.764 0.677 0.678 0.996 0.928 0.813 0.776 1.457 0.787 0.629 0.927 0.627 0.839 0.667 1.321 1.327 1.526
1.393 1.392 1.39 1.389 1.105 1.405 1.4 1.103 0.73 1.102 0.704 0.693 0.693 0.792 0.553 0.703 1.098 1.097 1.097 0.885 1.087 0.821 1.087 0.961 0.675 0.674 0.686 0.693 0.81 0.78 0.687 0.686 1.076 1.364 0.805 0.787 0.845 0.583 0.872 1.912 0.593 0.66 0.66 0.68 0.679 0.547 0.547 0.547 0.549 1.342 0.833 0.813 0.829 0.573 0.557 0.731 0.765 0.792 0.661 0.756 0.755 0.748 0.631 0.869 0.892 0.809 0.612 0.873 0.939 0.939 0.902 0.919 0.707 0.54
0.704 1.389 1.392 1.39 1.954 1.461 1.104 1.103 1.103 1.101 0.708 0.692 0.903 0.792 0.69 0.703 1.098 1.097 1.095 0.948 1.089 0.844 1.094 0.969 0.675 1.353 0.686 0.863 0.689 0.859 0.894 0.809 0.82 0.861 0.84 0.792 0.846 0.774 0.791 0.646 0.562 0.548 0.547 0.633 0.659 0.659 0.545 0.686 0.55 0.563 0.555 0.814 0.858 0.581 1.049 0.896 0.709 0.995 0.631 0.983 0.631 0.794 0.629 0.847 0.973 0.844 0.626 0.609 0.638 0.638 0.54 0.54 0.678 1.334
1.392 1.391 1.406 1.402 1.953 1.104 1.103 1.103 1.102 1.103 0.776 0.698 0.697 0.791 0.697 0.69 1.097 1.096 1.096 0.934 1.082 1.091 1.006 0.764 0.675 0.674 0.686 1.09 1.087 0.69 0.688 0.688 0.978 0.722 0.846 1.088 0.871 0.87 0.87 1.01 1.085 0.546 0.546 0.545 0.758 0.545 0.656 0.687 0.742 0.554 0.595 0.814 0.814 0.633 0.858 0.669 0.669 0.661 0.632 0.809 0.631 0.617 0.814 0.861 1.074 0.632 0.892 0.638 0.793 0.635 0.834 0.672 1.332 1.337
1.956 1.392 1.407 0.732 1.421 1.952 1.103 1.102 0.75 1.102 0.723 0.69 0.868 0.786 0.697 0.711 1.019 1.097 1.089 1.086 1.088 0.974 0.766 0.772 1.357 0.677 0.676 1.063 0.743 0.772 0.757 0.692 0.69 0.99 0.847 0.792 0.783 0.774 0.627 0.627 0.546 0.546 0.546 0.545 0.545 0.545 0.558 0.562 0.751 0.861 0.624 0.82 0.814 0.814 0.643 0.67 0.858 0.716 0.877 0.822 0.842 0.716 0.876 0.756 0.861 0.63 0.643 0.769 0.93 0.898 0.675 1.334 1.335 1.336
1.398 1.405 1.405 0.743 1.106 1.661 1.103 1.104 1.099 1.1 0.771 0.691 0.834 0.755 0.689 0.719 1.097 1.097 1.089 1.097 1.092 1.022 0.675 0.675 0.675 0.949 0.676 0.684 0.761 0.731 0.77 0.77 0.867 0.909 0.872 0.871 0.668 0.667 0.637 0.633 0.546 0.546 0.682 0.546 0.681 0.545 0.742 0.763 0.578 0.835 0.83 0.726 0.867 0.851 0.9 0.856 0.862 0.857 0.907 0.907 0.906 0.869 0.894 0.719 0.644 0.851 0.689 1.367 0.92 0.934 1.336 1.337 0.658 0.658
1.393 1.409 1.401 0.778 1.747 1.696 1.102 1.101 1.101 1.101 0.729 0.693 0.817 0.69 0.689 0.692 1.096 1.094 1.098 1.094 1.094 0.676 0.675 0.675 0.675 0.677 0.691 0.842 0.842 0.692 0.783 0.757 0.769 0.866 0.872 0.872 0.602 0.567 0.568 0.572 0.546 0.682 0.684 0.546 0.681 0.545 0.738 0.742 0.761 0.682 0.843 0.897 0.671 0.901 0.909 0.908 0.884 0.883 0.972 0.907 0.851 0.816 0.645 0.862 0.607 0.801 0.683 1.399 1.416 1.432 1.339 0.538 0.538 1.339
1.412 0.74 1.404 1.401 1.61 1.418 1.101 1.101 1.101 1.101 0.773 0.694 0.8 0.679 0.689 0.688 1.096 1.093 1.091 1.086 1.091 0.354 0.675 0.677 0.819 0.682 0.703 1.079 0.694 0.841 0.841 0.84 0.84 0.782 0.872 0.942 1.917 1.407 0.87 0.831 0.682 0.546 0.546 0.682 0.546 0.545 0.888 0.842 0.825 0.907 0.893 0.866 0.985 0.91 1.079 0.95 0.938 1.069 0.681 0.602 0.667 0.638 0.639 0.634 0.637 0.54 1.389 1.42 0.706 1.367 0.534 0.679 0.534 0.562
1.402 1.405 0.844 1.396 1.689 1.949 1.104 1.101 1.101 1.1 0.786 0.69 0.774 0.679 0.691 0.692 1.092 1.091 1.093 1.09 0.482 0.887 0.727 0.687 0.837 0.969 0.757 0.798 0.692 0.735 0.732 0.794 0.678 0.862 0.906 1.919 0.871 0.905 1.915 1.915 0.683 0.682 0.683 1.366 0.682 0.671 0.882 0.843 0.839 0.947 0.961 0.867 0.866 1.08 1.061 0.955 0.901 0.937 0.661 0.864 0.815 0.654 0.876 0.876 0.682 0.684 1.393 0.67 1.345 0.537 0.659 0.66 0.659 0.768
1.104 1.103 1.104 1.103 1.103 1.948 1.104 1.103 1.1 1.099 0.788 1.064 0.697 0.778 0.694 0.69 1.084 1.093 1.024 1.07 1.09 1.096 0.683 0.883 1.095 0.708 0.693 0.726 1.003 0.742 1.037 0.767 0.825 0.866 0.84 0.899 1.918 1.366 0.808 1.398 1.362 1.383 1.361 1.681 0.763 0.878 1.658 0.937 0.937 0.867 0.867 0.866 0.866 1.08 1.08 1.08 0.865 0.909 0.672 0.557 0.561 0.582 0.606 0.64 0.594 1.351 0.701 1.384 0.633 0.539 0.578 0.564 0.59 0.793
1.43 1.101 1.103 0.917 1.024 1.019 1.103 1.103 0.817 0.748 0.971 0.782 0.782 0.75 0.779 0.821 1.099 1.097 1.091 1.011 1.097 1.096 0.921 0.703 0.964 0.804 0.69 0.724 0.896 0.872 0.827 0.827 0.873 0.873 0.855 0.899 0.854 0.686 0.6 0.766 0.757 1.36 1.362 1.901 1.912 0.906 0.937 0.938 1.083 0.867 1.082 1.082 0.928 0.925 0.851 1.08 0.755 0.849 0.679 1.073 0.744 0.557 0.54 0.549 0.551 0.709 0.662 1.345 1.346 0.665 0.562 0.545 0.783 0.784
0.911 0.982 1.421 1.036 1.036 1.006 1.035 1.043 0.86 0.783 1.101 1.098 1.101 0.689 1.022 0.998 0.769 1.09 0.699 1.091 0.857 1.095 1.03 0.92 0.708 0.999 0.736 0.685 0.802 0.802 0.81 0.809 0.667 0.572 0.574 0.72 0.892 0.922 0.582 0.582 1.378 1.381 1.365 1.367 1.366 0.939 0.938 0.966 0.852 0.941 0.941 0.867 0.93 0.899 0.893 0.886 0.886 0.819 1.009 1.078 0.854 0.728 1.35 1.35 0.672 0.667 0.538 1.358 0.536 0.536 0.63 0.617 0.779 0.801
1.55 0.985 0.91 1.036 1.104 1.946 1.103 1.102 0.89 0.865 1.101 1.101 0.922 0.83 0.923 1.065 1.04 0.717 1.023 0.484 1.097 1.094 1.095 1.07 0.75 0.737 1.091 0.803 0.802 0.793 0.826 0.826 0.826 0.826 0.553 0.559 0.637 0.842 0.767 0.561 0.586 0.549 0.549 0.59 0.778 0.926 1.084 0.937 0.825 0.868 0.867 0.831 0.867 0.885 0.805 0.893 0.91 1.01 0.852 0.825 1.01 0.716 0.672 0.885 1.352 0.538 0.538 0.542 0.669 0.536 0.664 0.536 0.592 0.617
1.949 1.024 1.104 1.104 1.103 1.103 1.103 1.102 1.102 0.872 0.789 1.101 0.822 1.023 0.924 0.884 0.809 0.738 0.691 0.842 0.917 1.095 1.094 1.092 0.739 1.092 0.735 0.718 0.803 0.811 0.81 0.809 0.826 0.826 0.696 0.554 0.563 0.548 0.555 0.571 0.589 0.589 0.639 0.675 0.685 0.933 0.939 0.901 0.854 0.862 0.868 1.065 0.867 0.867 0.936 0.68 0.683 1.08 1.002 1.002 1.358 1.358 0.672 0.672 1.362 1.369 0.541 0.54 0.628 0.669 0.67 0.662 0.663 0.536
1.104 1.592 1.039 1.038 1.103 1.103 1.099 1.102 1.102 1.101 1.101 1.1 1.065 0.808 1.021 0.969 0.732 0.779 0.905 0.689 0.74 1.016 1.024 0.783 1.095 1.091 1.091 0.862 0.895 0.811 0.776 0.827 0.809 0.809 0.709 0.7 0.699 0.561 0.559 0.595 0.573 0.549 0.565 0.572 0.569 0.592 0.684 0.679 0.71 0.854 0.811 0.854 0.937 0.93 0.926 0.925 0.961 1.008 1.003 0.788 1.364 1.364 1.356 0.672 0.674 0.689 0.802 0.675 0.542 0.628 0.916 0.672 0.54 0.799
1.104 1.104 1.103 1.103 0.864 1.102 0.752 1.102 1.101 1.101 1.101 1.024 0.818 0.932 0.677 0.677 0.677 0.838 0.746 0.745 0.768 0.767 0.719 1.023 0.868 1.093 0.999 0.724 0.738 0.741 0.81 0.81 0.809 0.693 0.691 0.692 0.723 0.551 0.551 0.695 0.705 0.548 0.547 0.547 0.548 0.642 0.667 0.576 0.759 0.776 0.564 0.762 0.86 0.865 0.947 1.083 1.032 0.792 0.792 0.752 0.908 1.056 1.377 1.361 0.768 0.678 0.689 0.757 0.67 0.67 0.672 0.802 0.695 0.538
1.104 1.946 1.945 1.103 1.102 1.102 1.102 1.101 1.101 1.101 0.486 0.399 0.86 0.677 0.677 0.677 0.792 0.676 0.743 0.721 0.712 1.094 1.093 1.093 1.092 1.091 0.947 0.775 0.707 0.8 0.688 0.827 0.782 0.695 0.691 0.691 0.685 0.684 0.684 0.684 0.548 0.548 0.548 0.543 0.607 0.553 0.547 0.558 0.545 0.556 0.568 0.559 0.569 0.564 0.979 0.955 0.89 0.549 0.61 0.696 1.37 1.074 1.365 0.695 0.711 0.681 0.682 1.081 0.544 0.67 0.54 0.542 1.366 0.746
0.942 1.035 1.945 0.935 1.102 1.102 1.102 1.101 0.866 1.1 1.097 0.68 0.355 0.355 0.677 0.677 0.676 0.787 0.93 0.719 0.752 1.093 1.044 1.023 1.066 1.002 1.03 1.088 0.701 0.707 0.701 0.698 0.686 0.688 0.689 0.7 1.374 0.695 0.658 0.662 0.547 0.548 0.543 0.543 0.543 0.543 0.744 0.556 0.762 0.762 0.762 0.567 0.564 0.588 0.579 0.573 0.809 0.55 0.763 0.83 0.755 1.393 1.365 1.364 0.681 0.681 0.803 0.694 0.555 0.629 0.593 0.544 0.629 0.787
1.809 0.928 1.103 0.932 0.894 1.102 1.101 1.101 1.101 1.1 1.092 1.092 0.677 0.677 0.677 0.677 0.676 0.763 0.775 0.75 0.75 1.093 1.023 1.066 1.058 1.093 1.092 0.746 0.712 0.75 0.712 0.707 0.705 0.705 1.379 0.692 0.883 0.629 0.548 0.548 0.676 0.544 0.543 0.544 0.545 0.762 0.762 1.083 0.575 0.568 0.306 0.366 0.366 0.713 0.714 0.554 0.552 0.552 0.71 0.73 0.768 1.395 1.365 0.707 1.364 1.906 0.803 0.803 0.545 0.543 0.629 1.368 0.544 0.803
1.525 1.543 1.102 1.102 0.865 0.897 1.94 1.939 0.484 1.1 1.098 1.097 1.092 1.092 0.43 1.096 0.679 0.678 0.978 0.747 0.924 1.093 1.093 1.092 1.092 0.991 0.709 0.699 0.708 0.704 0.702 0.703 0.741 0.75 0.722 0.549 0.809 0.692 0.68 0.545 0.544 0.544 0.544 0.544 0.575 0.566 0.547 0.721 0.704 0.555 0.309 0.569 0.584 0.713 0.611 0.805 0.805 0.882 0.814 1.371 0.739 1.395 1.37 0.681 0.675 1.366 0.676 0.711 1.571 0.685 0.723 0.803 0.719 0.803
1.945 1.543 0.927 1.102 1.101 1.101 1.94 1.939 1.096 1.1 1.097 1.097 0.889 1.096 1.095 1.095 1.095 1.078 1.094 1.093 0.888 0.764 1.402 0.705 0.714 0.697 0.699 0.708 0.885 0.783 0.695 0.697 0.7 0.701 0.565 0.761 0.809 0.693 0.686 0.692 0.676 0.676 0.676 0.676 0.544 0.543 0.686 0.547 0.546 0.547 0.56 1.376 1.368 1.765 0.557 0.562 0.568 0.639 0.674 0.595 1.366 0.785 0.704 0.678 0.669 0.675 0.685 0.694 0.804 0.697 0.731 0.804 1.083 1.906
1.739 0.936 0.958 0.958 0.871 1.941 1.101 1.1 1.1 1.1 1.097 0.895 0.844 1.096 1.093 1.095 0.745 0.746 0.784 0.727 1.404 0.698 0.819 0.887 0.887 0.886 0.886 1.02 0.811 1.395 1.926 1.925 1.386 0.757 1.397 0.627 0.821 1.051 1.444 0.737 0.965 0.687 0.728 0.678 0.677 0.544 0.676 0.544 0.544 0.543 0.676 1.379 1.377 1.368 0.684 0.351 1.368 0.351 0.35 0.701 1.367 0.386 0.668 0.787 1.374 1.379 1.375 1.38 1.381 1.372 0.804 0.804 1.374 0.904
0.903 1.943 0.936 1.002 0.907 0.88 1.1 0.87 1.092 1.483 1.939 0.934 0.925 0.862 1.095 0.933 0.726 0.978 0.753 0.961 0.726 0.695 0.819 0.887 0.802 0.812 1.386 1.928 0.794 1.404 0.695 0.686 1.925 1.924 0.803 1.091 0.859 1.089 1.09 0.815 0.74 0.808 0.761 0.681 0.679 0.677 0.677 0.677 0.677 0.676 0.676 0.832 1.369 0.674 0.674 0.679 1.369 1.368 0.676 1.711 1.369 1.382 1.369 1.045 1.37 1.371 1.372 1.373 1.387 1.908 1.906 1.905 1.907 1.081
1.936 1.738 0.988 1.941 0.87 0.871 1.1 0.873 1.1 1.099 1.099 0.934 0.99 0.86 0.708 0.93 0.93 0.859 0.697 0.864 0.962 0.695 0.947 0.897 0.907 1.929 1.929 0.84 0.778 0.99 0.96 1.0 0.72 0.713 0.842 0.686 0.816 0.867 0.809 0.809 0.871 0.813 0.798 0.685 0.892 1.373 0.682 0.682 0.677 0.686 0.679 0.686 0.675 0.285 0.675 0.674 0.674 0.674 1.37 1.584 0.351 1.389 0.676 0.681 0.889 1.429 1.91 1.368 1.372 1.084 2.109 2.109 1.084 1.084
