static/jobfarm/user_models/minyf/common/HOME-GBHM/输出文件/Output/Grids/Eact20020222.asc
ncols 221
nrows 204
xllcorner -627000.0
yllcorner 3955000.0
cellsize 900.0
NODATA_value -9999.0
[rows 33 to 65 of 204, columns 74 to 147 of 221]
0.186 0.205 0.174 0.192 0.21 0.191 0.103 0.142 0.154 0.129 0.142 0.199 0.215 0.161 0.169 0.095 0.099 0.104 0.117 0.116 0.112 0.22 0.121 0.129 0.133 0.12 0.129 0.137 0.124 0.12 0.132 0.158 0.14 0.228 0.202 0.213 0.169 0.162 0.14 0.111 0.131 0.145 0.156 0.078 0.077 0.066 -9999.0 -9999.0 -9999.0 -9999.0 -9999.0 -9999.0 -9999.0 -9999.0 -9999.0 -9999.0 -9999.0 -9999.0 -9999.0 -9999.0 -9999.0 -9999.0 -9999.0 -9999.0 -9999.0 -9999.0 -9999.0 -9999.0 -9999.0 -9999.0 -9999.0 -9999.0 -9999.0 -9999.0
0.16 0.166 0.158 0.134 0.144 0.142 0.142 0.164 0.186 0.218 0.204 0.147 0.166 0.196 0.201 0.124 0.113 0.113 0.25 0.135 0.229 0.112 0.121 0.128 0.124 0.12 0.107 0.111 0.124 0.111 0.102 0.134 0.223 0.205 0.215 0.145 0.197 0.199 0.176 0.167 0.153 0.124 0.128 0.149 0.067 -9999.0 -9999.0 -9999.0 -9999.0 -9999.0 -9999.0 -9999.0 -9999.0 -9999.0 -9999.0 -9999.0 -9999.0 -9999.0 -9999.0 -9999.0 -9999.0 -9999.0 -9999.0 -9999.0 -9999.0 -9999.0 -9999.0 -9999.0 -9999.0 -9999.0 -9999.0 -9999.0 -9999.0 -9999.0
0.198 0.159 0.139 0.166 0.142 0.152 0.176 0.154 0.17 0.154 0.113 0.164 0.192 0.167 0.251 0.169 0.113 0.12 0.113 0.125 0.244 0.234 0.112 0.125 0.107 0.103 0.098 0.094 0.103 0.102 0.111 0.134 0.184 0.157 0.225 0.252 0.167 0.212 0.136 0.162 0.151 0.152 0.171 0.164 0.107 -9999.0 -9999.0 -9999.0 -9999.0 -9999.0 -9999.0 -9999.0 -9999.0 -9999.0 -9999.0 -9999.0 -9999.0 -9999.0 -9999.0 -9999.0 -9999.0 -9999.0 -9999.0 -9999.0 -9999.0 -9999.0 -9999.0 -9999.0 -9999.0 -9999.0 -9999.0 -9999.0 -9999.0 -9999.0
0.18 0.214 0.205 0.201 0.15 0.159 0.222 0.158 0.193 0.193 0.156 0.163 0.147 0.179 0.167 0.176 0.213 0.117 0.104 0.112 0.234 0.112 0.112 0.12 0.107 0.252 0.171 0.176 0.121 0.108 0.085 0.21 0.199 0.182 0.131 0.178 0.145 0.136 0.199 0.21 0.162 0.15 0.069 0.158 0.067 0.067 -9999.0 -9999.0 -9999.0 -9999.0 -9999.0 -9999.0 -9999.0 -9999.0 -9999.0 -9999.0 -9999.0 -9999.0 -9999.0 -9999.0 -9999.0 -9999.0 -9999.0 -9999.0 -9999.0 -9999.0 -9999.0 -9999.0 -9999.0 -9999.0 -9999.0 -9999.0 -9999.0 -9999.0
0.192 0.17 0.189 0.154 0.142 0.142 0.151 0.165 0.15 0.186 0.214 0.19 0.16 0.213 0.159 0.173 0.209 0.172 0.203 0.191 0.2 0.213 0.22 0.198 0.169 0.169 0.086 0.094 0.079 0.115 0.102 0.173 0.155 0.154 0.161 0.182 0.19 0.133 0.171 0.142 0.165 0.184 0.202 0.172 0.09 0.074 -9999.0 -9999.0 -9999.0 -9999.0 -9999.0 -9999.0 -9999.0 -9999.0 -9999.0 -9999.0 -9999.0 -9999.0 -9999.0 -9999.0 -9999.0 -9999.0 -9999.0 -9999.0 -9999.0 -9999.0 -9999.0 -9999.0 -9999.0 -9999.0 -9999.0 -9999.0 -9999.0 -9999.0
0.253 0.223 0.169 0.172 0.179 0.163 0.15 0.135 0.167 0.167 0.179 0.209 0.17 0.176 0.226 0.208 0.182 0.201 0.203 0.182 0.172 0.22 0.191 0.198 0.169 0.156 0.094 0.103 0.111 0.111 0.111 0.12 0.128 0.128 0.179 0.157 0.238 0.154 0.221 0.152 0.164 0.202 0.152 0.177 0.155 0.113 0.065 0.066 0.152 0.063 0.065 0.141 -9999.0 -9999.0 -9999.0 -9999.0 -9999.0 -9999.0 -9999.0 -9999.0 -9999.0 -9999.0 -9999.0 -9999.0 -9999.0 -9999.0 -9999.0 -9999.0 -9999.0 -9999.0 -9999.0 -9999.0 -9999.0 -9999.0
0.192 0.196 0.163 0.172 0.153 0.173 0.19 0.172 0.152 0.165 0.121 0.202 0.177 0.17 0.202 0.104 0.223 0.112 0.223 0.113 0.208 0.208 0.223 0.2 0.191 0.199 0.184 0.079 0.111 0.201 0.171 0.148 0.089 0.085 0.136 0.149 0.189 0.207 0.18 0.19 0.195 0.116 0.088 0.099 0.097 0.183 0.133 0.075 0.064 0.086 0.093 0.169 0.167 -9999.0 -9999.0 -9999.0 -9999.0 -9999.0 -9999.0 -9999.0 -9999.0 -9999.0 -9999.0 -9999.0 -9999.0 -9999.0 -9999.0 -9999.0 -9999.0 -9999.0 -9999.0 -9999.0 -9999.0 -9999.0
0.16 0.137 0.137 0.172 0.159 0.145 0.182 0.164 0.182 0.16 0.167 0.165 0.197 0.188 0.104 0.117 0.201 0.104 0.117 0.098 0.095 0.104 0.208 0.098 0.103 0.229 0.141 0.242 0.179 0.177 0.159 0.183 0.102 0.111 0.172 0.179 0.231 0.229 0.203 0.197 0.163 0.17 0.115 0.186 0.089 0.076 0.075 0.074 0.074 0.104 0.113 0.189 0.077 -9999.0 -9999.0 -9999.0 -9999.0 -9999.0 -9999.0 -9999.0 -9999.0 -9999.0 -9999.0 -9999.0 -9999.0 -9999.0 -9999.0 -9999.0 -9999.0 -9999.0 -9999.0 -9999.0 -9999.0 -9999.0
0.196 0.172 0.194 0.136 0.177 0.162 0.168 0.174 0.18 0.114 0.226 0.219 0.181 0.252 0.102 0.113 0.187 0.095 0.104 0.113 0.262 0.113 0.193 0.116 0.125 0.112 0.224 0.157 0.229 0.182 0.159 0.176 0.213 0.186 0.129 0.212 0.169 0.171 0.16 0.184 0.157 0.177 0.155 0.063 0.116 0.164 0.094 0.072 0.075 0.08 0.079 0.185 0.142 0.099 -9999.0 -9999.0 -9999.0 -9999.0 -9999.0 -9999.0 -9999.0 -9999.0 -9999.0 -9999.0 -9999.0 -9999.0 -9999.0 -9999.0 -9999.0 -9999.0 -9999.0 -9999.0 -9999.0 -9999.0
0.216 0.182 0.225 0.198 0.194 0.168 0.155 0.175 0.186 0.183 0.167 0.177 0.096 0.106 0.102 0.1 0.104 0.117 0.107 0.113 0.251 0.222 0.262 0.135 0.104 0.103 0.131 0.206 0.153 0.152 0.218 0.225 0.189 0.174 0.143 0.207 0.206 0.202 0.095 0.161 0.171 0.135 0.162 0.07 0.074 0.109 0.068 0.1 0.105 0.112 0.1 0.205 0.107 -9999.0 -9999.0 -9999.0 -9999.0 -9999.0 -9999.0 -9999.0 -9999.0 -9999.0 -9999.0 -9999.0 -9999.0 -9999.0 -9999.0 -9999.0 -9999.0 -9999.0 -9999.0 -9999.0 -9999.0 -9999.0
0.185 0.24 0.261 0.227 0.172 0.163 0.156 0.108 0.108 0.167 0.146 0.187 0.174 0.093 0.093 0.096 0.128 0.118 0.093 0.174 0.128 0.201 0.21 0.119 0.13 0.095 0.095 0.178 0.171 0.162 0.178 0.16 0.159 0.166 0.153 0.208 0.218 0.161 0.104 0.128 0.243 0.183 0.135 0.16 0.118 0.131 0.158 0.076 0.162 0.074 0.165 0.085 0.072 -9999.0 -9999.0 -9999.0 -9999.0 -9999.0 -9999.0 -9999.0 -9999.0 -9999.0 -9999.0 -9999.0 -9999.0 -9999.0 -9999.0 -9999.0 -9999.0 -9999.0 -9999.0 -9999.0 -9999.0 -9999.0
0.157 0.115 0.199 0.188 0.203 0.166 0.193 0.186 0.183 0.191 0.171 0.126 0.172 0.102 0.105 0.074 0.105 0.111 0.109 0.114 0.114 0.201 0.113 0.11 0.117 0.121 0.224 0.089 0.177 0.177 0.144 0.143 0.151 0.158 0.212 0.232 0.09 0.065 0.099 0.2 0.103 0.209 0.206 0.164 0.14 0.147 0.152 0.178 0.144 0.149 0.067 0.074 0.108 -9999.0 -9999.0 -9999.0 -9999.0 -9999.0 -9999.0 -9999.0 -9999.0 -9999.0 -9999.0 -9999.0 -9999.0 -9999.0 -9999.0 -9999.0 -9999.0 -9999.0 -9999.0 -9999.0 -9999.0 -9999.0
0.188 0.202 0.118 0.17 0.239 0.099 0.196 0.228 0.218 0.17 0.172 0.18 0.118 0.217 0.118 0.105 0.105 0.115 0.102 0.114 0.088 0.115 0.105 0.194 0.105 0.136 0.086 0.089 0.095 0.199 0.171 0.187 0.178 0.177 0.172 0.236 0.111 0.109 0.121 0.12 0.183 0.181 0.181 0.156 0.167 0.152 0.132 0.153 0.129 0.137 0.089 0.086 0.078 0.073 -9999.0 -9999.0 -9999.0 -9999.0 -9999.0 -9999.0 -9999.0 -9999.0 -9999.0 -9999.0 -9999.0 -9999.0 -9999.0 -9999.0 -9999.0 -9999.0 -9999.0 -9999.0 -9999.0 -9999.0
0.128 0.209 0.097 0.172 0.093 0.166 0.219 0.187 0.152 0.139 0.155 0.157 0.154 0.162 0.179 0.105 0.115 0.111 0.144 0.131 0.131 0.134 0.119 0.128 0.115 0.115 0.121 0.121 0.157 0.138 0.254 0.179 0.196 0.212 0.194 0.098 0.098 0.104 0.091 0.099 0.188 0.182 0.173 0.172 0.161 0.177 0.115 0.13 0.15 0.15 0.088 0.159 0.166 0.072 0.085 -9999.0 -9999.0 0.078 0.084 -9999.0 -9999.0 -9999.0 -9999.0 -9999.0 -9999.0 -9999.0 -9999.0 -9999.0 -9999.0 -9999.0 -9999.0 -9999.0 -9999.0 -9999.0
0.098 0.163 0.102 0.094 0.093 0.144 0.088 0.188 0.109 0.192 0.188 0.24 0.149 0.115 0.162 0.171 0.102 0.115 0.113 0.107 0.102 0.113 0.113 0.122 0.132 0.095 0.127 0.154 0.142 0.129 0.129 0.284 0.175 0.182 0.208 0.102 0.102 0.1 0.1 0.185 0.184 0.187 0.186 0.169 0.136 0.148 0.176 0.173 0.172 0.116 0.137 0.13 0.072 0.09 0.1 -9999.0 -9999.0 0.09 0.233 -9999.0 -9999.0 -9999.0 -9999.0 -9999.0 -9999.0 -9999.0 -9999.0 -9999.0 -9999.0 -9999.0 -9999.0 -9999.0 -9999.0 -9999.0
0.113 0.189 0.117 0.14 0.115 0.115 0.113 0.188 0.094 0.073 0.212 0.204 0.176 0.153 0.163 0.156 0.093 0.093 0.102 0.115 0.102 0.102 0.113 0.102 0.101 0.101 0.11 0.212 0.2 0.194 0.178 0.155 0.183 0.141 0.198 0.085 0.089 0.128 0.125 0.161 0.168 0.167 0.158 0.13 0.187 0.164 0.184 0.161 0.159 0.085 0.072 0.077 0.084 0.175 0.096 0.082 0.089 0.186 0.119 -9999.0 -9999.0 -9999.0 -9999.0 -9999.0 -9999.0 -9999.0 -9999.0 -9999.0 -9999.0 -9999.0 -9999.0 -9999.0 -9999.0 -9999.0
0.144 0.131 0.135 0.21 0.113 0.091 0.094 0.183 0.094 0.235 0.11 0.182 0.1 0.096 0.102 0.096 0.081 0.205 0.224 0.243 0.204 0.105 0.129 0.102 0.133 0.138 0.201 0.224 0.185 0.19 0.182 0.161 0.177 0.141 0.094 0.098 0.122 0.122 0.231 0.244 0.229 0.136 0.135 0.219 0.178 0.182 0.181 0.175 0.159 0.076 0.097 0.089 0.088 0.095 0.213 0.227 0.1 0.218 0.093 -9999.0 -9999.0 -9999.0 -9999.0 -9999.0 -9999.0 -9999.0 -9999.0 -9999.0 -9999.0 -9999.0 -9999.0 -9999.0 -9999.0 -9999.0
0.122 0.245 0.122 0.259 0.114 0.105 0.109 0.096 0.103 0.112 0.145 0.265 0.28 0.135 0.121 0.133 0.113 0.113 0.104 0.105 0.118 0.219 0.12 0.152 0.276 0.238 0.188 0.168 0.153 0.136 0.106 0.149 0.151 0.159 0.148 0.093 0.081 0.163 0.107 0.145 0.119 0.164 0.142 0.162 0.182 0.164 0.142 0.134 0.161 0.173 0.172 0.065 0.099 0.097 0.158 0.175 0.135 0.133 0.08 0.077 0.145 0.079 -9999.0 -9999.0 -9999.0 -9999.0 -9999.0 -9999.0 -9999.0 -9999.0 -9999.0 -9999.0 -9999.0 -9999.0
0.126 0.125 0.126 0.126 0.104 0.219 0.085 0.113 0.199 0.112 0.105 0.119 0.116 0.111 0.105 0.111 0.111 0.115 0.102 0.105 0.114 0.122 0.246 0.24 0.23 0.227 0.174 0.157 0.186 0.164 0.214 0.19 0.19 0.197 0.161 0.081 0.176 0.131 0.147 0.146 0.15 0.166 0.186 0.206 0.211 0.165 0.164 0.178 0.158 0.085 0.093 0.076 0.103 0.096 0.175 0.152 0.172 0.163 0.067 0.075 0.167 0.194 -9999.0 -9999.0 -9999.0 -9999.0 -9999.0 -9999.0 -9999.0 -9999.0 -9999.0 -9999.0 -9999.0 -9999.0
0.116 0.122 0.122 0.122 0.113 0.124 0.131 0.143 0.133 0.122 0.219 0.119 0.1 0.097 0.11 0.11 0.187 0.105 0.111 0.127 0.124 0.114 0.114 0.096 0.113 0.113 0.193 0.225 0.201 0.208 0.194 0.162 0.14 0.17 0.187 0.199 0.187 0.183 0.161 0.138 0.184 0.178 0.177 0.153 0.152 0.124 0.144 0.164 0.087 0.093 0.098 0.181 0.104 0.078 0.098 0.11 0.221 0.174 0.171 0.088 0.115 0.199 -9999.0 -9999.0 -9999.0 -9999.0 -9999.0 -9999.0 -9999.0 -9999.0 -9999.0 -9999.0 -9999.0 -9999.0
0.065 0.178 0.189 0.206 0.192 0.205 0.209 0.222 0.147 0.132 0.13 0.143 0.118 0.125 0.121 0.248 0.134 0.096 0.114 0.114 0.247 0.227 0.245 0.114 0.112 0.202 0.117 0.117 0.142 0.227 0.226 0.171 0.199 0.149 0.085 0.17 0.194 0.174 0.195 0.199 0.152 0.172 0.185 0.184 0.19 0.18 0.181 0.166 0.089 0.192 0.147 0.075 0.076 0.088 0.08 0.073 0.095 0.18 0.18 0.174 0.129 -9999.0 -9999.0 -9999.0 -9999.0 -9999.0 -9999.0 -9999.0 -9999.0 -9999.0 -9999.0 -9999.0 -9999.0 -9999.0
0.207 0.215 0.137 0.198 0.18 0.198 0.206 0.228 0.237 0.196 0.167 0.094 0.085 0.094 0.094 0.106 0.114 0.114 0.114 0.114 0.114 0.114 0.254 0.239 0.19 0.098 0.087 0.165 0.123 0.091 0.158 0.222 0.183 0.2 0.15 0.172 0.153 0.152 0.152 0.144 0.152 0.173 0.214 0.221 0.205 0.204 0.182 0.195 0.102 0.095 0.097 0.119 0.088 0.085 0.113 0.083 0.183 0.203 0.188 0.208 0.181 -9999.0 -9999.0 -9999.0 -9999.0 -9999.0 -9999.0 -9999.0 -9999.0 -9999.0 -9999.0 -9999.0 -9999.0 -9999.0
0.221 0.21 0.203 0.206 0.206 0.215 0.09 0.102 0.097 0.196 0.166 0.183 0.189 0.183 0.18 0.094 0.107 0.103 0.112 0.107 0.114 0.12 0.127 0.222 0.196 0.199 0.182 0.087 0.1 0.142 0.141 0.171 0.229 0.171 0.207 0.201 0.095 0.092 0.101 0.086 0.217 0.172 0.224 0.215 0.19 0.175 0.153 0.175 0.167 0.082 0.086 0.088 0.096 0.095 0.094 0.101 0.113 0.227 0.226 0.205 0.146 0.125 -9999.0 -9999.0 -9999.0 -9999.0 -9999.0 -9999.0 -9999.0 -9999.0 -9999.0 -9999.0 -9999.0 -9999.0
0.184 0.193 0.22 0.214 0.2 0.094 0.099 0.099 0.087 0.089 0.097 0.106 0.119 0.205 0.221 0.107 0.094 0.103 0.108 0.107 0.089 0.1 0.096 0.102 0.109 0.173 0.21 0.109 0.191 0.21 0.142 0.172 0.186 0.178 0.166 0.144 0.151 0.066 0.051 0.088 0.084 0.096 0.096 0.152 0.18 0.152 0.153 0.134 0.124 0.079 0.081 0.164 0.184 0.204 0.104 0.115 0.217 0.177 0.184 0.083 0.165 0.081 0.175 0.173 0.174 -9999.0 -9999.0 -9999.0 -9999.0 -9999.0 -9999.0 -9999.0 -9999.0 -9999.0
0.17 0.162 0.162 0.175 0.192 0.174 0.089 0.095 0.108 0.108 0.104 0.115 0.115 0.121 0.128 0.257 0.118 0.112 0.136 0.121 0.135 0.12 0.124 0.079 0.109 0.091 0.152 0.187 0.178 0.152 0.194 0.216 0.226 0.204 0.172 0.116 0.151 0.131 0.084 0.096 0.096 0.174 0.156 0.173 0.173 0.145 0.221 0.212 0.195 0.194 0.111 0.199 0.17 0.099 0.139 0.14 0.161 0.16 0.095 0.084 0.075 0.206 0.167 0.184 0.089 0.095 -9999.0 -9999.0 -9999.0 -9999.0 -9999.0 -9999.0 -9999.0 -9999.0
0.235 0.203 0.186 0.181 0.193 0.098 0.107 0.113 0.118 0.117 0.113 0.2 0.117 0.109 0.104 0.112 0.122 0.116 0.204 0.116 0.116 0.116 0.105 0.087 0.105 0.107 0.113 0.217 0.217 0.244 0.196 0.153 0.169 0.14 0.15 0.175 0.166 0.175 0.188 0.078 0.2 0.077 0.213 0.211 0.173 0.155 0.2 0.188 0.187 0.194 0.139 0.152 0.137 0.144 0.171 0.157 0.162 0.184 0.135 0.139 0.085 0.097 0.084 0.176 0.083 0.157 -9999.0 -9999.0 -9999.0 -9999.0 -9999.0 -9999.0 -9999.0 -9999.0
0.14 0.169 0.187 0.177 0.098 0.107 0.117 0.188 0.187 0.104 0.117 0.113 0.116 0.227 0.171 0.113 0.105 0.112 0.107 0.112 0.222 0.115 0.136 0.138 0.12 0.218 0.1 0.175 0.202 0.188 0.224 0.187 0.184 0.162 0.174 0.154 0.173 0.153 0.093 0.097 0.093 0.104 0.201 0.179 0.144 0.175 0.133 0.086 0.082 0.145 0.068 0.19 0.21 0.231 0.207 0.185 0.098 0.11 0.203 0.203 0.104 0.115 0.183 0.173 0.179 0.16 -9999.0 -9999.0 -9999.0 -9999.0 -9999.0 -9999.0 -9999.0 -9999.0
0.108 0.198 0.121 0.107 0.2 0.208 0.136 0.118 0.118 0.113 0.122 0.122 0.135 0.247 0.109 0.23 0.187 0.091 0.094 0.107 0.094 0.103 0.209 0.119 0.105 0.114 0.218 0.175 0.226 0.222 0.202 0.175 0.172 0.156 0.132 0.154 0.174 0.154 0.204 0.202 0.164 0.144 0.164 0.164 0.172 0.128 0.104 0.094 0.165 0.137 0.091 0.103 0.169 0.152 0.174 0.171 0.129 0.14 0.143 0.078 0.071 0.149 0.148 0.12 0.162 0.196 -9999.0 -9999.0 0.097 -9999.0 -9999.0 -9999.0 -9999.0 -9999.0
0.266 0.126 0.19 0.184 0.096 0.105 0.112 0.121 0.107 0.104 0.089 0.122 0.127 0.138 0.138 0.247 0.129 0.113 0.227 0.091 0.112 0.117 0.199 0.13 0.135 0.11 0.203 0.204 0.195 0.174 0.151 0.18 0.171 0.181 0.196 0.174 0.154 0.174 0.152 0.13 0.151 0.164 0.208 0.173 0.104 0.096 0.107 0.08 0.207 0.148 0.1 0.214 0.225 0.189 0.198 0.166 0.161 0.142 0.181 0.187 0.11 0.104 0.066 0.177 0.142 0.163 0.095 0.111 0.116 0.104 0.107 -9999.0 -9999.0 -9999.0
0.201 0.2 0.117 0.116 0.108 0.117 0.13 0.13 0.125 0.125 0.116 0.116 0.107 0.107 0.116 0.208 0.26 0.25 0.232 0.227 0.225 0.094 0.178 0.096 0.103 0.226 0.232 0.218 0.167 0.174 0.154 0.173 0.105 0.09 0.127 0.232 0.227 0.225 0.22 0.177 0.193 0.164 0.171 0.165 0.156 0.077 0.086 0.099 0.165 0.149 0.103 0.111 0.236 0.256 0.214 0.225 0.149 0.181 0.175 0.175 0.158 0.13 0.102 0.076 0.076 0.123 0.151 0.144 0.081 0.093 0.089 0.075 -9999.0 0.098
0.094 0.192 0.209 0.099 0.099 0.108 0.117 0.126 0.275 0.266 0.116 0.129 0.101 0.225 0.112 0.116 0.203 0.177 0.193 0.213 0.173 0.183 0.165 0.184 0.182 0.185 0.178 0.176 0.169 0.174 0.189 0.205 0.189 0.133 0.096 0.103 0.175 0.063 0.093 0.196 0.11 0.245 0.224 0.182 0.094 0.09 0.086 0.086 0.092 0.173 0.094 0.199 0.113 0.158 0.221 0.172 0.189 0.154 0.161 0.18 0.182 0.176 0.176 0.083 0.131 0.153 0.085 0.073 0.085 0.124 0.091 0.087 0.133 0.137
0.222 0.134 0.222 0.201 0.209 0.126 0.139 0.134 0.117 0.125 0.238 0.221 0.198 0.065 0.089 0.159 0.097 0.176 0.205 0.197 0.162 0.16 0.171 0.182 0.176 0.188 0.206 0.176 0.183 0.153 0.174 0.168 0.092 0.092 0.085 0.111 0.096 0.102 0.104 0.196 0.104 0.086 0.119 0.269 0.126 0.113 0.125 0.112 0.187 0.124 0.182 0.086 0.179 0.142 0.183 0.126 0.147 0.146 0.149 0.178 0.159 0.175 0.121 0.163 0.198 0.194 0.09 0.191 0.108 0.102 0.12 0.065 0.151 0.132
0.113 0.099 0.108 0.107 0.217 0.21 0.199 0.199 0.121 0.117 0.13 0.112 0.103 0.098 0.215 0.107 0.12 0.116 0.176 0.124 0.211 0.183 0.166 0.183 0.201 0.182 0.171 0.155 0.174 0.145 0.13 0.168 0.168 0.16 0.096 0.099 0.129 0.103 0.093 0.225 0.202 0.254 0.096 0.21 0.11 0.095 0.128 0.229 0.192 0.112 0.112 0.084 0.189 0.201 0.201 0.154 0.118 0.157 0.193 0.209 0.193 0.218 0.169 0.163 0.09 0.103 0.099 0.18 0.157 0.09 0.102 0.087 0.088 0.096
