static/jobfarm/user_models/minyf/common/HOME-GBHM/输出文件/Output/Grids/Eact20020224.asc
ncols 221
nrows 204
xllcorner -627000.0
yllcorner 3955000.0
cellsize 900.0
NODATA_value -9999.0
[rows 33 to 65 of 204, columns 74 to 147 of 221]
1.325 0.831 0.914 0.912 0.911 0.648 0.898 0.863 0.893 1.696 0.869 0.863 0.667 0.564 0.653 0.487 0.428 0.465 0.531 0.406 0.413 1.245 0.572 0.402 0.419 0.404 0.423 0.429 0.562 0.397 0.519 1.185 1.581 0.845 0.843 0.84 0.811 0.56 0.833 0.801 0.537 0.53 0.55 0.375 0.369 0.383 -9999.0 -9999.0 -9999.0 -9999.0 -9999.0 -9999.0 -9999.0 -9999.0 -9999.0 -9999.0 -9999.0 -9999.0 -9999.0 -9999.0 -9999.0 -9999.0 -9999.0 -9999.0 -9999.0 -9999.0 -9999.0 -9999.0 -9999.0 -9999.0 -9999.0 -9999.0 -9999.0 -9999.0
1.317 0.914 1.719 0.911 0.91 1.71 0.57 0.872 0.872 0.873 0.584 1.455 1.686 0.681 0.652 0.582 0.468 0.418 0.645 0.409 0.649 0.573 0.404 0.402 0.402 0.421 0.565 0.563 0.398 0.397 0.396 0.557 1.596 1.591 0.842 1.569 0.837 0.824 0.506 0.826 0.54 0.628 0.692 0.553 0.396 -9999.0 -9999.0 -9999.0 -9999.0 -9999.0 -9999.0 -9999.0 -9999.0 -9999.0 -9999.0 -9999.0 -9999.0 -9999.0 -9999.0 -9999.0 -9999.0 -9999.0 -9999.0 -9999.0 -9999.0 -9999.0 -9999.0 -9999.0 -9999.0 -9999.0 -9999.0 -9999.0 -9999.0 -9999.0
0.909 0.913 0.911 0.91 0.876 0.906 0.904 0.884 0.872 0.872 0.865 0.847 0.727 1.279 0.652 1.669 0.549 0.438 0.447 0.415 0.649 0.591 0.403 0.403 0.52 0.416 0.417 0.488 0.397 0.399 0.395 0.396 1.596 1.59 0.842 0.84 1.575 0.825 1.569 0.683 0.681 0.694 0.542 0.533 0.397 -9999.0 -9999.0 -9999.0 -9999.0 -9999.0 -9999.0 -9999.0 -9999.0 -9999.0 -9999.0 -9999.0 -9999.0 -9999.0 -9999.0 -9999.0 -9999.0 -9999.0 -9999.0 -9999.0 -9999.0 -9999.0 -9999.0 -9999.0 -9999.0 -9999.0 -9999.0 -9999.0 -9999.0 -9999.0
1.72 0.91 0.867 0.908 1.225 1.223 0.863 1.692 0.722 0.861 1.208 1.208 1.669 0.668 1.291 1.401 0.558 0.478 0.489 0.575 0.585 0.406 0.406 0.543 0.492 0.682 0.622 0.551 0.397 0.397 0.399 1.214 1.218 1.344 1.179 0.839 1.574 1.478 0.776 0.774 0.604 0.55 0.528 0.564 0.403 0.398 -9999.0 -9999.0 -9999.0 -9999.0 -9999.0 -9999.0 -9999.0 -9999.0 -9999.0 -9999.0 -9999.0 -9999.0 -9999.0 -9999.0 -9999.0 -9999.0 -9999.0 -9999.0 -9999.0 -9999.0 -9999.0 -9999.0 -9999.0 -9999.0 -9999.0 -9999.0 -9999.0 -9999.0
0.911 0.703 0.906 0.877 1.221 1.213 1.208 1.689 1.204 0.666 0.524 0.652 1.277 1.277 1.67 0.56 0.647 0.556 0.555 0.873 0.688 0.574 0.67 0.668 0.738 0.708 0.443 0.562 0.398 0.434 0.395 1.213 1.212 1.386 1.49 0.839 0.837 1.171 0.825 1.322 0.828 1.145 0.592 0.561 0.398 0.397 -9999.0 -9999.0 -9999.0 -9999.0 -9999.0 -9999.0 -9999.0 -9999.0 -9999.0 -9999.0 -9999.0 -9999.0 -9999.0 -9999.0 -9999.0 -9999.0 -9999.0 -9999.0 -9999.0 -9999.0 -9999.0 -9999.0 -9999.0 -9999.0 -9999.0 -9999.0 -9999.0 -9999.0
0.901 0.909 1.706 0.873 1.294 1.299 1.209 1.694 1.203 1.202 1.684 0.882 1.283 1.671 1.261 0.572 0.882 0.7 0.586 0.876 0.873 0.871 0.869 0.867 0.864 0.62 0.412 0.482 0.397 0.452 0.394 0.396 0.449 0.396 1.585 1.467 0.837 1.568 0.83 1.183 1.15 0.662 0.576 0.525 0.523 0.533 0.361 0.378 0.515 0.376 0.376 0.511 -9999.0 -9999.0 -9999.0 -9999.0 -9999.0 -9999.0 -9999.0 -9999.0 -9999.0 -9999.0 -9999.0 -9999.0 -9999.0 -9999.0 -9999.0 -9999.0 -9999.0 -9999.0 -9999.0 -9999.0 -9999.0 -9999.0
1.712 0.907 1.699 1.702 1.214 1.296 1.286 1.275 1.2 1.676 1.271 0.828 1.324 1.404 0.636 0.579 0.585 0.574 0.877 0.573 0.873 0.87 0.868 0.866 0.864 0.654 0.662 0.502 0.399 0.551 0.568 0.54 0.43 0.394 1.248 0.76 0.559 0.829 0.827 1.182 1.153 0.37 0.54 0.538 0.393 0.557 0.496 0.361 0.378 0.377 0.376 0.512 0.51 -9999.0 -9999.0 -9999.0 -9999.0 -9999.0 -9999.0 -9999.0 -9999.0 -9999.0 -9999.0 -9999.0 -9999.0 -9999.0 -9999.0 -9999.0 -9999.0 -9999.0 -9999.0 -9999.0 -9999.0 -9999.0
1.71 0.906 1.701 0.888 0.887 1.21 1.289 1.273 1.272 1.674 1.27 1.282 0.606 1.259 0.579 0.409 0.643 0.411 0.573 0.483 0.443 0.434 0.626 0.403 0.445 0.856 1.26 0.547 0.543 1.218 1.602 0.616 0.395 0.553 1.585 1.238 0.837 0.827 0.802 0.791 0.681 0.672 0.381 0.612 0.39 0.411 0.363 0.361 0.378 0.377 0.358 0.486 0.374 -9999.0 -9999.0 -9999.0 -9999.0 -9999.0 -9999.0 -9999.0 -9999.0 -9999.0 -9999.0 -9999.0 -9999.0 -9999.0 -9999.0 -9999.0 -9999.0 -9999.0 -9999.0 -9999.0 -9999.0 -9999.0
0.902 0.894 0.887 0.892 0.888 1.206 1.285 1.283 1.271 1.194 0.561 0.606 1.26 0.566 0.411 0.411 0.585 0.573 0.405 0.509 0.583 0.48 1.634 0.484 0.499 0.478 0.858 1.237 1.255 1.225 1.218 1.459 0.744 0.71 0.551 1.581 0.836 0.834 0.772 0.698 0.789 0.589 0.666 0.391 0.813 0.688 0.362 0.533 0.462 0.359 0.359 0.764 0.511 0.374 -9999.0 -9999.0 -9999.0 -9999.0 -9999.0 -9999.0 -9999.0 -9999.0 -9999.0 -9999.0 -9999.0 -9999.0 -9999.0 -9999.0 -9999.0 -9999.0 -9999.0 -9999.0 -9999.0 -9999.0
0.905 1.698 0.873 0.866 0.88 0.882 0.747 1.686 1.27 1.678 1.266 1.264 0.415 0.429 0.407 0.407 0.443 0.421 0.419 0.426 0.582 0.818 0.64 0.506 0.432 0.413 0.562 0.658 1.222 1.217 1.215 1.218 1.216 1.209 1.321 0.782 0.82 0.834 0.545 0.698 0.828 0.535 0.824 0.499 0.537 0.814 0.381 0.428 0.366 0.36 0.359 0.807 0.375 -9999.0 -9999.0 -9999.0 -9999.0 -9999.0 -9999.0 -9999.0 -9999.0 -9999.0 -9999.0 -9999.0 -9999.0 -9999.0 -9999.0 -9999.0 -9999.0 -9999.0 -9999.0 -9999.0 -9999.0 -9999.0
1.699 0.893 0.885 0.884 0.87 0.882 0.895 0.811 1.679 0.89 1.269 0.561 1.262 0.408 0.407 0.408 0.421 0.408 0.409 0.56 0.569 0.779 0.701 0.5 0.538 0.412 0.42 0.734 0.632 1.219 1.215 1.214 1.212 1.588 1.571 0.831 0.836 0.825 0.533 0.544 0.772 0.693 0.693 0.819 0.784 0.755 0.563 0.506 0.525 0.369 0.809 0.378 0.375 -9999.0 -9999.0 -9999.0 -9999.0 -9999.0 -9999.0 -9999.0 -9999.0 -9999.0 -9999.0 -9999.0 -9999.0 -9999.0 -9999.0 -9999.0 -9999.0 -9999.0 -9999.0 -9999.0 -9999.0 -9999.0
1.685 1.694 0.885 0.883 0.879 0.881 0.894 1.678 0.75 0.783 1.268 1.26 1.264 0.408 0.407 0.447 0.406 0.407 0.408 0.407 0.407 0.702 0.517 0.566 0.415 0.414 0.676 0.476 0.647 0.551 1.215 1.213 1.212 1.216 0.708 0.838 0.486 0.415 0.545 0.83 0.534 0.825 0.715 0.821 0.805 0.819 0.817 0.738 0.797 0.812 0.478 0.384 0.378 -9999.0 -9999.0 -9999.0 -9999.0 -9999.0 -9999.0 -9999.0 -9999.0 -9999.0 -9999.0 -9999.0 -9999.0 -9999.0 -9999.0 -9999.0 -9999.0 -9999.0 -9999.0 -9999.0 -9999.0 -9999.0
1.661 0.889 0.57 1.669 0.88 0.437 0.893 0.748 0.73 1.674 1.267 1.264 0.408 0.556 0.407 0.406 0.405 0.408 0.407 0.408 0.407 0.502 0.419 0.592 0.413 0.859 0.445 0.507 0.411 0.646 1.216 1.214 1.211 1.211 1.58 0.833 0.543 0.443 0.545 0.544 0.764 0.567 0.825 0.823 0.821 0.819 0.818 0.816 0.548 0.763 0.394 0.386 0.379 0.379 -9999.0 -9999.0 -9999.0 -9999.0 -9999.0 -9999.0 -9999.0 -9999.0 -9999.0 -9999.0 -9999.0 -9999.0 -9999.0 -9999.0 -9999.0 -9999.0 -9999.0 -9999.0 -9999.0 -9999.0
0.586 0.883 0.569 0.86 0.581 0.892 0.885 0.875 0.876 0.747 1.264 1.265 1.262 1.257 1.255 0.406 0.409 0.414 0.41 0.504 0.497 0.402 0.417 0.4 0.564 0.563 0.4 0.51 0.401 0.458 0.705 1.215 1.212 0.536 0.839 0.55 0.43 0.42 0.546 0.383 0.621 0.793 0.803 0.774 0.811 0.786 1.144 1.144 0.612 0.609 0.37 0.523 0.494 0.36 0.37 -9999.0 -9999.0 0.368 0.369 -9999.0 -9999.0 -9999.0 -9999.0 -9999.0 -9999.0 -9999.0 -9999.0 -9999.0 -9999.0 -9999.0 -9999.0 -9999.0 -9999.0 -9999.0
0.579 1.687 0.587 0.586 0.379 0.892 0.566 0.884 0.562 0.778 0.572 0.568 0.566 1.257 1.256 1.254 0.409 0.409 0.473 0.449 0.409 0.404 0.423 0.435 0.416 0.549 0.499 0.522 0.4 0.395 0.469 0.545 1.171 1.168 0.841 0.541 0.544 0.547 0.411 0.622 0.72 0.765 0.767 0.822 1.161 1.147 0.72 0.776 0.801 1.156 1.141 1.525 0.366 0.361 0.369 -9999.0 -9999.0 0.364 0.55 -9999.0 -9999.0 -9999.0 -9999.0 -9999.0 -9999.0 -9999.0 -9999.0 -9999.0 -9999.0 -9999.0 -9999.0 -9999.0 -9999.0 -9999.0
0.415 1.204 0.418 1.277 0.386 0.39 0.415 0.774 0.414 0.577 0.884 0.567 0.556 0.555 1.254 1.252 0.408 0.408 0.407 0.406 0.405 0.411 0.412 0.418 0.427 0.428 0.414 0.849 0.575 0.609 0.574 0.522 0.815 1.582 0.771 0.549 0.406 0.505 0.445 0.631 0.672 0.665 0.727 1.494 0.699 0.656 0.71 0.709 0.619 0.428 0.473 0.531 0.367 0.534 0.388 0.38 0.372 0.525 0.363 -9999.0 -9999.0 -9999.0 -9999.0 -9999.0 -9999.0 -9999.0 -9999.0 -9999.0 -9999.0 -9999.0 -9999.0 -9999.0 -9999.0 -9999.0
0.415 0.418 0.413 0.566 0.421 0.418 0.416 1.269 0.418 0.592 0.411 0.575 0.411 0.41 0.574 0.573 0.572 0.872 0.615 0.868 0.643 0.414 0.41 0.416 0.403 0.411 0.796 0.745 0.625 0.612 0.587 0.79 0.514 1.586 0.392 0.393 0.386 0.393 0.814 0.623 0.658 1.189 1.161 0.686 0.782 0.675 0.55 0.593 0.567 0.386 0.378 0.377 0.378 0.401 0.527 0.611 0.381 0.617 0.364 -9999.0 -9999.0 -9999.0 -9999.0 -9999.0 -9999.0 -9999.0 -9999.0 -9999.0 -9999.0 -9999.0 -9999.0 -9999.0 -9999.0 -9999.0
0.414 0.565 0.413 0.575 0.413 0.412 0.414 0.414 0.413 0.409 0.408 0.556 0.555 0.407 0.406 0.405 0.415 0.571 0.57 0.569 0.568 0.706 0.416 0.416 0.603 0.623 0.591 0.756 0.633 0.739 0.581 0.515 1.592 0.842 0.835 0.415 0.388 0.753 0.73 0.773 0.652 0.635 0.611 0.602 0.691 0.692 0.551 0.586 0.639 0.55 0.541 0.377 0.372 0.381 0.586 0.807 0.805 0.618 0.362 0.361 0.525 0.361 -9999.0 -9999.0 -9999.0 -9999.0 -9999.0 -9999.0 -9999.0 -9999.0 -9999.0 -9999.0 -9999.0 -9999.0
0.415 0.416 0.414 0.415 0.412 0.563 0.411 0.411 0.558 0.409 0.408 0.408 0.407 0.406 0.406 0.405 0.418 0.413 0.407 0.416 0.402 0.566 0.862 0.851 0.599 0.857 0.588 0.607 0.852 0.552 0.62 0.837 0.71 0.837 0.54 0.395 0.756 0.597 0.757 0.755 0.637 0.632 0.827 0.632 0.675 0.517 0.675 0.604 0.6 0.39 0.39 0.379 0.376 0.375 0.809 0.806 0.778 0.805 0.365 0.362 0.495 0.491 -9999.0 -9999.0 -9999.0 -9999.0 -9999.0 -9999.0 -9999.0 -9999.0 -9999.0 -9999.0 -9999.0 -9999.0
0.416 0.413 0.414 0.472 0.412 0.411 0.41 0.41 0.449 0.409 0.556 0.407 0.407 0.406 0.406 0.406 0.872 0.424 0.411 0.446 0.435 0.415 0.565 0.564 0.559 0.562 0.855 0.772 0.852 0.85 0.848 1.318 1.59 0.843 0.832 0.757 0.628 0.79 0.795 1.168 0.743 0.52 0.622 0.72 0.678 0.693 0.693 0.713 0.487 0.396 0.386 0.54 0.376 0.373 0.415 0.453 0.806 0.804 0.512 0.362 0.526 0.492 -9999.0 -9999.0 -9999.0 -9999.0 -9999.0 -9999.0 -9999.0 -9999.0 -9999.0 -9999.0 -9999.0 -9999.0
0.415 0.723 1.267 0.651 1.268 1.671 1.283 1.26 0.417 0.408 0.408 0.407 0.407 0.406 0.406 0.561 0.571 0.416 0.569 0.568 0.865 0.863 0.862 0.413 0.423 0.857 0.56 0.559 1.605 0.848 0.847 1.596 0.604 0.519 0.375 0.618 0.83 0.811 0.829 0.731 0.598 0.668 0.691 0.697 0.716 0.702 0.732 0.771 0.397 0.597 0.542 0.377 0.376 0.375 0.385 0.377 0.414 0.539 0.503 0.502 0.596 -9999.0 -9999.0 -9999.0 -9999.0 -9999.0 -9999.0 -9999.0 -9999.0 -9999.0 -9999.0 -9999.0 -9999.0 -9999.0
0.747 0.715 1.533 0.701 1.3 0.648 0.726 0.735 0.57 0.824 1.256 0.41 0.407 0.416 0.416 0.572 0.407 0.57 0.411 0.568 0.567 0.436 0.859 0.635 0.832 0.412 0.411 0.555 0.558 0.557 1.599 0.84 0.529 0.573 0.601 0.597 0.587 0.605 0.588 0.607 0.528 0.527 0.526 0.529 0.524 0.52 0.68 0.685 0.466 0.536 0.535 0.534 0.39 0.392 0.532 0.531 0.606 0.808 0.807 0.773 0.804 -9999.0 -9999.0 -9999.0 -9999.0 -9999.0 -9999.0 -9999.0 -9999.0 -9999.0 -9999.0 -9999.0 -9999.0 -9999.0
0.891 1.675 0.888 0.887 0.886 0.67 0.579 0.578 0.563 0.673 0.574 0.544 1.254 0.558 1.256 0.411 0.408 0.407 0.408 0.407 0.406 0.565 0.564 0.819 0.858 0.857 0.795 0.414 0.558 1.602 1.599 0.832 0.842 0.536 0.632 0.561 0.398 0.395 0.393 0.396 0.537 1.179 0.52 0.52 0.525 0.517 0.687 0.586 0.565 0.534 0.43 0.526 0.53 0.399 0.404 0.531 0.531 0.809 0.805 0.806 0.805 0.804 -9999.0 -9999.0 -9999.0 -9999.0 -9999.0 -9999.0 -9999.0 -9999.0 -9999.0 -9999.0 -9999.0 -9999.0
1.677 1.675 0.883 0.879 1.668 0.524 0.579 0.444 0.48 0.447 0.466 0.445 0.42 0.557 0.553 0.405 0.405 0.404 0.407 0.408 0.405 0.407 0.564 0.561 0.562 0.523 0.769 0.43 0.847 1.602 1.599 0.581 0.51 0.516 0.638 0.578 0.573 0.429 0.395 0.392 0.385 0.382 0.381 0.521 0.518 1.172 0.568 0.525 0.525 0.517 0.434 0.65 0.649 0.61 0.429 0.431 0.788 0.807 0.802 0.529 0.806 0.527 0.804 0.501 0.5 -9999.0 -9999.0 -9999.0 -9999.0 -9999.0 -9999.0 -9999.0 -9999.0 -9999.0
0.746 0.888 0.884 1.669 1.278 0.883 0.564 0.493 0.524 0.503 0.412 0.407 0.408 0.419 0.405 0.561 0.405 0.406 0.403 0.403 0.407 0.413 0.435 0.484 0.559 0.541 0.704 0.617 0.793 1.602 0.836 0.515 0.515 0.516 0.509 0.558 0.538 0.547 0.388 0.389 0.383 0.523 1.179 0.682 0.523 1.173 0.731 0.512 0.521 0.511 0.431 0.641 0.65 0.433 0.638 0.639 0.812 0.542 0.414 0.379 0.366 0.501 0.805 0.505 0.366 0.364 -9999.0 -9999.0 -9999.0 -9999.0 -9999.0 -9999.0 -9999.0 -9999.0
0.806 0.627 1.67 1.264 1.271 0.458 0.523 0.577 0.576 0.415 0.409 0.563 0.41 0.409 0.409 0.407 0.404 0.406 0.558 0.402 0.402 0.402 0.414 0.405 0.436 0.382 0.539 0.849 0.522 0.843 0.516 0.847 0.84 0.514 0.509 0.527 0.526 0.54 0.559 0.389 0.527 0.385 0.546 0.69 1.166 1.166 0.805 0.824 0.716 0.821 0.796 0.651 0.818 0.544 0.793 0.8 0.813 0.68 0.531 0.509 0.367 0.365 0.397 0.554 0.366 0.504 -9999.0 -9999.0 -9999.0 -9999.0 -9999.0 -9999.0 -9999.0 -9999.0
0.739 1.67 1.665 1.665 0.458 0.523 0.577 1.277 1.301 0.568 0.411 0.41 0.411 0.566 0.564 0.41 0.407 0.405 0.406 0.45 0.554 0.404 0.404 0.429 0.427 0.755 0.408 0.848 0.844 0.826 0.516 0.843 0.843 0.841 0.594 0.527 0.526 0.526 0.387 0.389 0.386 0.38 0.691 0.701 0.829 0.571 0.826 0.525 0.409 1.55 0.538 0.82 0.819 0.817 0.816 0.792 0.432 0.431 0.506 0.539 0.37 0.37 0.535 0.538 0.502 0.504 -9999.0 -9999.0 -9999.0 -9999.0 -9999.0 -9999.0 -9999.0 -9999.0
0.581 1.667 0.528 0.517 1.661 1.266 0.413 0.412 0.41 0.415 0.543 0.442 0.454 0.629 0.527 0.727 0.751 0.43 0.433 0.546 0.461 0.497 0.561 0.418 0.413 0.539 0.855 1.608 0.54 0.513 0.845 0.655 0.825 0.805 0.529 0.643 0.527 0.528 0.555 0.772 0.66 0.703 0.692 0.831 0.7 0.543 0.523 0.436 0.552 1.156 0.427 0.538 0.819 0.818 0.817 0.726 0.718 1.161 0.51 0.371 0.369 0.503 0.506 0.599 0.505 0.531 -9999.0 -9999.0 0.367 -9999.0 -9999.0 -9999.0 -9999.0 -9999.0
0.744 0.495 0.718 0.707 0.457 0.46 0.429 0.429 0.443 0.411 0.452 0.431 0.453 0.544 0.428 0.609 0.451 0.438 0.846 0.547 0.468 0.46 0.598 0.402 0.418 0.416 0.853 0.642 0.84 0.513 0.699 0.713 0.697 0.845 0.529 0.528 0.707 0.533 0.563 0.643 0.695 0.704 0.693 0.702 0.535 0.474 0.41 0.434 0.538 1.553 0.372 0.506 0.515 0.814 0.539 0.787 0.816 0.539 0.508 0.506 0.419 0.369 0.37 0.601 0.6 0.501 0.366 0.366 0.366 0.368 0.366 -9999.0 -9999.0 -9999.0
1.666 1.278 0.527 0.527 0.412 0.411 0.411 0.41 0.41 0.409 0.518 0.438 0.429 0.433 0.428 1.638 0.603 0.665 0.806 0.605 0.605 0.434 0.623 0.403 0.403 0.554 0.587 0.646 1.241 0.832 0.846 0.681 0.477 0.554 0.553 0.541 0.528 0.701 0.634 0.656 0.695 0.704 0.81 0.675 0.684 0.474 0.398 0.39 0.536 1.554 0.387 0.386 0.522 0.82 0.545 0.818 1.154 0.509 0.501 0.501 0.5 0.505 0.504 0.368 0.371 0.591 0.501 0.501 0.367 0.369 0.366 0.367 -9999.0 0.366
0.504 1.281 1.582 0.48 0.417 0.413 0.44 0.41 0.569 0.565 0.454 0.524 0.545 0.68 0.452 0.48 1.215 0.688 0.751 0.816 0.821 0.595 0.64 0.555 0.555 0.554 1.612 0.607 1.606 0.846 0.84 0.83 0.847 0.559 0.553 0.395 0.547 0.413 0.55 0.822 0.54 0.705 0.811 0.756 0.398 0.474 0.391 0.389 0.374 1.556 0.387 0.531 0.372 1.722 0.552 1.165 0.818 1.184 0.42 0.63 0.505 0.505 0.505 0.369 0.503 0.528 0.409 0.369 0.367 1.097 0.351 0.35 1.091 1.136
1.665 0.516 0.711 1.297 1.262 0.425 0.413 0.41 0.41 0.409 0.631 0.611 0.694 0.546 0.435 0.718 0.44 0.664 0.74 0.778 0.836 0.603 0.858 0.859 0.554 1.189 0.843 0.844 0.831 1.605 0.523 0.849 0.511 0.555 0.425 0.395 0.394 0.397 0.548 0.648 0.465 0.478 0.477 0.703 0.475 0.475 0.39 0.389 1.172 0.538 0.533 0.388 0.507 1.724 0.51 1.168 1.544 1.181 0.533 0.507 0.511 0.512 0.506 0.505 0.657 0.593 0.369 0.504 0.368 0.38 1.143 0.405 1.475 1.092
0.503 0.503 0.467 0.448 0.574 1.26 1.258 1.257 0.41 0.409 0.573 0.461 0.437 0.436 0.6 0.458 0.47 0.466 0.648 1.209 0.596 0.742 0.858 0.591 0.588 0.526 1.612 1.187 0.544 0.643 0.837 0.648 0.848 0.847 0.412 0.415 0.395 0.544 0.532 0.621 0.661 1.577 0.538 0.687 0.476 0.539 0.39 0.536 1.27 0.389 0.395 0.388 0.681 0.814 0.508 1.16 1.546 1.544 0.607 0.514 0.514 0.513 0.509 0.629 0.533 0.373 0.37 0.535 1.147 0.379 0.371 0.368 0.347 0.416
