static/jobfarm/user_models/minyf/common/HOME-GBHM/输出文件/Output/Grids/Eact20020227.asc
ncols 221
nrows 204
xllcorner -627000.0
yllcorner 3955000.0
cellsize 900.0
NODATA_value -9999.0
[rows 66 to 98 of 204, columns 74 to 147 of 221]
0.289 0.183 0.433 0.2 0.2 0.199 0.181 0.43 0.182 0.182 0.182 0.175 0.18 0.179 0.179 0.18 0.194 0.199 0.548 0.194 1.067 0.528 0.279 0.258 0.22 0.22 0.358 0.244 0.481 0.22 0.257 0.305 0.265 0.28 0.196 0.196 0.279 0.225 0.255 0.189 0.283 0.429 0.403 0.216 0.373 0.286 0.192 0.176 0.214 0.222 0.291 0.268 0.371 0.597 0.33 0.239 0.347 0.296 0.963 0.328 0.574 0.563 0.365 0.231 0.309 0.269 0.18 0.272 0.415 0.231 0.378 0.446 0.37 0.139
0.185 0.196 0.184 0.183 0.183 0.199 0.182 0.181 0.182 0.182 0.181 0.18 0.181 0.18 0.179 0.179 0.559 0.55 0.199 0.151 0.209 0.432 0.308 0.309 0.223 0.223 0.222 0.219 0.503 0.221 0.23 0.255 0.255 0.183 0.299 0.195 0.226 0.216 0.268 0.171 0.31 0.29 0.351 0.534 0.433 0.208 0.184 0.176 0.245 0.348 0.276 0.278 0.544 0.31 0.377 0.455 0.338 0.348 0.361 0.396 0.61 0.207 0.46 0.35 0.351 0.247 0.454 0.305 0.272 0.226 0.234 0.223 0.165 0.342
0.438 0.444 0.435 0.184 0.183 0.182 0.182 0.182 0.183 0.182 0.181 0.181 0.263 0.262 0.262 0.26 0.551 0.55 0.554 0.151 0.151 0.31 0.311 0.224 0.243 0.223 0.223 0.222 0.222 0.222 0.257 0.306 0.282 0.193 0.195 0.242 0.21 0.21 0.208 0.233 0.215 0.187 0.267 0.39 0.235 0.341 0.2 0.374 0.24 0.333 0.349 0.372 0.62 0.645 0.347 0.463 0.238 0.377 0.567 0.348 0.296 0.339 0.385 0.351 0.207 0.222 0.278 0.21 0.336 0.175 0.329 0.272 0.234 0.201
0.44 0.192 0.185 0.186 0.184 0.269 0.269 0.268 0.183 0.268 0.182 0.181 0.18 0.198 0.174 0.177 0.368 0.55 0.549 0.565 0.151 0.308 0.533 0.54 0.276 0.22 0.22 0.222 0.222 0.258 0.221 0.306 0.306 0.305 0.313 0.384 0.188 0.196 0.252 0.289 0.203 0.249 0.165 0.215 0.245 0.214 0.275 0.232 0.354 0.29 0.307 0.373 0.577 0.595 0.308 0.389 0.339 0.339 0.194 0.29 0.297 0.379 0.247 0.262 0.166 0.181 0.579 0.352 0.267 0.296 0.349 0.339 0.294 0.165
0.572 0.451 0.44 0.189 0.437 0.184 0.186 0.28 0.27 0.232 0.182 0.182 0.18 0.18 0.181 0.18 0.174 0.195 0.27 0.551 0.565 0.223 0.567 0.509 0.228 0.226 0.223 0.222 0.223 0.258 0.258 0.306 0.306 0.266 0.384 0.42 0.359 0.259 0.173 0.265 0.247 0.347 0.284 0.211 0.197 0.257 0.194 0.239 0.35 0.452 0.649 0.602 0.54 0.602 0.348 0.183 0.183 0.341 0.37 0.309 0.393 0.209 0.263 0.291 0.196 0.36 0.339 0.26 0.293 0.239 0.491 0.317 0.259 0.265
0.448 0.456 0.557 0.438 0.438 0.437 0.448 0.274 0.27 0.232 0.184 0.184 0.182 0.18 0.18 0.18 0.2 0.234 0.279 0.309 0.364 0.238 0.225 0.307 0.277 0.224 0.224 0.222 0.275 0.222 0.275 0.256 0.306 0.32 0.358 0.361 0.383 0.258 0.283 0.359 0.24 0.243 0.228 0.18 0.257 0.212 0.179 0.232 0.365 0.186 0.265 0.29 0.538 0.579 0.371 0.214 0.199 0.214 0.397 0.212 0.172 0.314 0.313 0.469 0.226 0.409 0.399 0.277 0.431 0.34 0.341 0.534 0.332 0.242
0.441 0.442 0.441 0.272 0.454 0.459 0.459 1.089 0.539 0.232 0.188 0.185 0.183 0.268 0.266 0.181 0.158 0.285 0.292 0.513 0.512 0.569 0.568 0.308 0.243 0.26 0.259 0.259 0.276 0.222 0.307 0.307 0.318 0.563 0.279 0.34 0.359 0.281 0.207 0.222 0.392 0.29 0.173 0.165 0.226 0.374 0.279 0.276 0.329 0.288 0.171 0.36 0.303 0.499 0.357 0.226 0.199 0.276 0.192 0.228 0.264 0.351 0.442 0.997 0.393 0.146 0.184 0.313 0.412 0.25 0.263 0.34 0.214 0.312
0.442 0.276 0.44 0.441 0.456 1.058 0.461 1.09 0.264 0.315 0.187 0.186 0.182 0.265 0.264 0.182 0.199 0.182 0.245 0.484 0.366 0.827 0.512 0.308 0.494 0.277 0.277 0.259 0.208 0.257 0.308 0.28 0.244 0.321 0.466 0.313 0.317 0.402 0.405 0.286 0.2 0.292 0.275 0.339 0.266 0.259 0.302 0.284 0.359 0.381 0.335 0.339 0.355 0.351 0.355 0.24 0.233 0.304 0.328 0.289 0.414 0.303 0.332 0.471 0.331 0.352 0.214 0.215 0.25 0.193 0.34 0.24 0.186 0.166
0.583 0.573 0.442 0.272 0.276 1.093 0.459 0.561 0.264 0.228 0.27 0.184 0.182 0.232 0.265 0.182 0.251 0.158 0.568 0.31 0.534 0.495 0.557 0.308 0.418 0.26 0.277 0.277 0.309 0.285 0.363 0.361 0.281 0.425 0.304 0.233 0.402 0.356 0.249 0.207 0.272 0.382 0.278 0.296 0.219 0.359 0.203 0.196 0.257 0.381 0.294 0.382 0.321 0.405 0.247 0.232 0.315 0.305 0.561 0.252 0.327 0.251 0.281 0.215 0.378 0.347 0.352 0.309 0.351 0.358 0.139 0.178 0.187 0.185
0.444 0.445 0.274 0.442 1.095 0.462 0.461 0.561 0.233 0.274 0.184 0.269 0.437 0.221 0.268 0.182 0.158 0.158 0.529 0.525 1.076 0.492 0.512 0.309 0.278 0.278 0.284 0.269 0.289 0.287 0.322 0.382 0.363 0.484 0.265 0.314 0.484 0.313 0.233 0.554 0.47 0.447 0.545 0.461 0.26 0.256 0.274 0.205 0.196 0.288 0.176 0.356 0.4 0.368 0.2 0.2 0.253 0.569 0.384 0.378 0.535 0.335 0.266 0.266 0.435 0.252 0.265 0.26 0.179 0.322 0.208 0.418 0.509 0.446
0.491 0.445 0.444 0.443 0.255 0.456 0.456 0.265 0.287 0.274 0.267 0.269 0.269 0.232 0.182 0.274 0.158 0.192 0.569 0.503 0.309 0.469 0.537 0.309 0.261 0.308 0.27 0.259 0.259 0.36 0.368 0.261 0.387 0.558 0.266 0.267 0.402 0.213 0.323 1.006 0.234 0.238 0.217 0.342 0.299 0.291 0.19 0.263 0.232 0.415 0.497 0.311 0.355 0.2 0.197 0.404 0.302 0.295 0.213 0.401 0.364 0.413 0.199 0.36 0.325 0.329 0.181 0.318 0.218 0.299 0.383 0.357 0.328 0.188
0.268 0.445 0.445 0.444 1.089 0.458 0.266 0.265 0.317 0.275 0.27 0.27 0.315 0.232 0.267 0.274 0.158 0.565 0.231 0.503 0.31 0.459 0.533 0.47 0.222 1.072 0.27 0.31 0.345 0.269 0.362 0.313 0.315 0.268 0.257 0.324 0.407 0.257 0.324 0.365 0.261 0.261 0.182 0.271 0.269 0.253 0.22 0.339 0.204 0.197 0.197 0.308 0.259 0.257 0.358 0.53 0.283 0.622 0.2 0.314 0.189 0.306 0.163 0.468 0.557 0.394 0.227 0.147 0.238 0.146 0.256 0.256 0.344 0.464
0.546 0.447 0.446 0.445 1.04 0.266 0.266 0.266 0.265 0.316 0.274 0.273 0.273 0.232 0.27 0.266 0.232 0.273 0.313 0.541 0.306 0.53 0.535 0.362 0.378 0.569 0.311 0.568 0.364 0.289 0.52 0.388 0.368 0.404 0.336 0.616 0.361 0.342 0.403 0.63 0.555 0.19 0.198 0.205 0.355 0.197 0.218 0.369 0.439 0.298 0.204 0.354 0.254 0.252 0.254 0.206 0.206 0.237 0.169 0.343 0.267 0.169 0.281 0.303 0.399 0.264 0.426 0.215 0.368 0.169 0.324 0.294 0.371 0.389
1.103 0.546 0.447 0.289 0.462 1.097 0.266 0.266 0.272 0.317 0.272 0.32 0.274 0.274 0.27 0.282 0.232 0.273 0.52 0.28 0.517 0.524 0.381 0.393 1.075 0.57 0.335 0.383 0.582 0.366 0.365 0.365 0.363 0.356 0.343 0.284 0.257 0.335 0.195 0.288 0.199 0.199 0.292 0.206 0.292 0.26 0.246 0.213 0.352 0.404 0.213 0.266 0.354 0.254 0.182 0.216 0.354 0.285 0.362 0.368 0.298 0.336 0.408 0.457 0.376 0.285 0.209 0.239 0.44 0.3 0.295 0.348 0.849 0.373
0.503 0.547 0.448 0.291 0.544 0.468 0.266 0.35 0.317 0.275 0.274 0.326 0.274 0.316 0.549 0.286 0.232 0.314 0.517 0.574 0.28 0.523 0.28 0.224 0.31 0.285 0.621 0.361 0.382 0.366 0.305 0.389 0.412 0.332 0.36 0.321 0.212 0.258 0.235 0.235 0.183 0.294 0.384 0.199 0.362 0.214 0.412 0.34 0.299 0.598 0.331 0.199 0.309 0.255 0.358 0.312 0.495 0.324 0.283 0.244 0.309 0.364 0.419 0.347 0.214 0.356 0.215 0.345 0.307 0.298 0.422 1.041 0.197 0.296
0.487 0.451 0.548 0.275 0.468 0.467 0.266 0.318 0.317 0.317 0.27 0.321 0.264 0.312 0.308 0.27 0.274 0.529 0.553 0.281 0.281 0.28 0.379 0.235 0.541 0.261 0.361 0.261 0.26 0.359 0.358 0.657 0.366 0.416 0.405 0.448 0.346 0.327 0.264 0.303 0.295 0.287 0.388 0.293 0.281 0.214 0.342 0.371 0.39 0.254 0.592 0.517 0.193 0.359 0.317 0.403 0.372 0.375 0.536 0.38 0.369 0.369 0.202 0.405 0.181 0.369 0.223 0.355 0.368 0.379 0.972 0.449 0.342 0.332
0.506 0.37 0.496 0.465 0.47 0.465 0.318 0.276 0.266 0.318 0.272 0.54 0.233 0.234 0.309 0.299 0.232 0.532 0.52 0.309 0.212 0.224 0.28 0.286 0.286 0.304 0.322 0.285 0.36 0.317 0.36 0.36 0.36 0.381 0.405 0.344 1.064 0.486 0.404 0.404 0.321 0.201 0.215 0.362 0.215 0.2 0.233 0.416 0.415 0.583 0.356 0.318 0.447 0.379 0.613 0.35 0.285 0.589 0.237 0.176 0.236 0.248 0.208 0.192 0.24 0.137 0.807 1.042 0.49 0.996 0.156 0.613 0.172 0.252
0.49 0.49 0.392 0.468 0.474 1.1 0.583 0.319 0.266 0.266 0.27 0.308 0.234 0.232 0.322 0.32 0.53 0.544 0.518 0.5 0.123 0.312 0.212 0.34 0.39 0.283 0.323 0.425 0.614 0.538 0.358 0.581 0.356 0.246 0.275 1.163 0.31 0.358 1.04 1.159 0.343 0.365 0.286 0.503 0.362 0.193 0.247 0.417 0.577 0.579 0.525 0.575 0.306 0.614 0.546 0.385 0.27 0.404 0.27 0.24 0.24 0.171 0.323 0.302 0.208 0.219 0.431 0.356 0.921 0.291 0.318 0.32 0.202 0.284
0.571 0.397 0.624 0.525 0.566 1.101 0.584 0.583 0.266 0.259 0.329 0.245 0.258 0.266 0.423 0.494 0.56 0.519 0.226 0.226 0.312 0.528 0.229 0.281 0.585 0.387 0.337 0.329 0.261 0.403 0.237 0.327 0.346 0.41 0.491 0.338 0.98 0.489 0.606 1.161 0.566 0.434 0.433 0.658 0.552 0.547 0.979 0.28 0.303 0.342 0.303 0.307 0.302 0.614 0.612 0.614 0.306 0.318 0.27 0.215 0.259 0.241 0.242 0.397 0.284 0.883 0.456 0.968 0.369 0.372 0.168 0.236 0.212 0.326
0.518 0.276 0.623 0.368 0.504 0.344 0.584 0.584 0.524 0.31 0.276 0.518 0.531 0.249 0.526 0.429 0.544 0.578 0.213 0.524 0.576 0.285 0.53 0.53 0.338 0.362 0.278 0.294 0.271 0.233 0.348 0.538 0.411 0.306 0.448 0.236 0.347 0.21 0.35 0.601 0.467 0.442 0.449 1.023 1.054 0.382 0.308 0.308 0.615 0.381 0.613 0.613 0.307 0.342 0.424 0.662 0.36 0.422 0.387 0.545 0.387 0.256 0.192 0.251 0.196 0.395 0.355 0.43 0.309 0.222 0.19 0.218 0.227 0.307
0.245 0.358 0.508 0.538 0.637 0.376 0.585 0.584 0.547 0.353 0.582 0.579 0.581 0.23 0.511 0.522 0.489 0.228 0.23 0.265 0.231 0.285 0.284 0.591 0.289 0.362 0.284 0.288 0.301 0.262 0.277 0.361 0.195 0.313 0.307 0.393 0.236 0.417 0.241 0.273 0.506 0.529 0.442 0.513 0.513 0.343 0.362 0.332 0.49 0.363 0.416 0.359 0.381 0.357 0.312 0.257 0.307 0.267 0.308 0.351 0.473 0.285 0.428 0.432 0.275 0.321 0.215 0.404 0.149 0.2 0.235 0.256 0.372 0.285
1.11 0.324 0.324 0.638 0.638 1.104 0.585 0.585 0.558 0.55 0.581 0.579 0.307 0.234 0.315 0.55 0.518 0.538 0.527 0.245 0.577 0.264 0.422 0.291 0.602 0.292 0.385 0.319 0.278 0.251 0.327 0.328 0.585 0.529 0.342 0.221 0.197 0.328 0.476 0.31 0.352 0.226 0.203 0.234 0.587 0.409 0.618 0.409 0.306 0.36 0.362 0.266 0.359 0.357 0.361 0.258 0.359 0.361 0.446 0.398 0.591 0.372 0.352 0.408 0.394 0.184 0.149 0.425 0.313 0.192 0.368 0.208 0.244 0.273
1.059 0.409 0.397 0.372 0.587 0.395 0.586 0.585 0.584 0.554 0.357 0.583 0.505 0.524 0.315 0.364 0.498 0.248 0.283 0.314 0.264 0.431 0.32 0.363 0.267 0.573 0.397 0.308 0.362 0.262 0.261 0.261 0.585 0.508 0.615 0.333 0.258 0.3 0.367 0.223 0.366 0.195 0.22 0.194 0.291 0.363 0.309 0.333 0.352 0.405 0.405 0.303 0.431 0.492 0.321 0.349 0.281 0.362 0.258 0.277 0.413 0.42 0.352 0.275 1.063 1.063 0.193 0.248 0.233 0.408 0.359 0.245 0.421 0.135
0.69 0.464 0.586 0.639 0.687 0.687 0.586 0.586 0.585 0.584 0.584 0.567 0.551 0.267 0.359 0.282 0.239 0.244 0.314 0.283 0.264 0.32 0.363 0.548 0.367 0.453 0.574 0.597 0.414 0.362 0.401 0.59 0.277 0.261 0.55 0.573 0.366 0.436 0.4 0.193 0.268 0.187 0.203 0.212 0.211 0.249 0.226 0.497 0.305 0.352 0.359 0.296 0.603 0.42 0.321 0.337 0.643 0.316 0.358 0.373 0.451 0.423 0.525 0.331 0.256 0.616 0.315 0.378 0.297 0.27 0.433 0.334 0.411 0.274
0.69 0.641 0.585 0.688 0.336 0.625 0.333 0.586 0.319 0.585 0.584 0.525 0.268 0.285 0.285 0.267 0.267 0.214 0.238 0.238 0.241 0.24 0.289 0.374 0.569 0.38 0.617 0.311 0.417 0.346 0.318 0.318 0.341 0.534 0.418 0.388 0.332 0.311 0.207 0.308 0.349 0.205 0.211 0.203 0.204 0.262 0.155 0.277 0.377 0.301 0.21 0.275 0.608 0.607 0.616 0.556 0.591 0.272 0.248 0.373 0.33 0.371 0.416 0.449 0.519 0.396 0.405 0.314 0.41 0.539 0.275 0.259 0.26 0.248
0.642 1.211 1.111 0.64 0.673 0.578 0.587 0.586 0.586 0.585 0.248 0.121 0.285 0.316 0.285 0.23 0.215 0.239 0.266 0.283 0.265 0.365 0.364 0.28 0.364 0.363 0.605 0.327 0.317 0.319 0.272 0.311 0.309 0.512 0.419 0.389 0.388 0.414 0.37 0.388 0.206 0.235 0.206 0.194 0.252 0.243 0.241 0.194 0.25 0.249 0.283 0.208 0.205 0.205 0.378 0.31 0.389 0.202 0.17 0.331 0.405 0.396 0.434 0.38 0.511 0.355 0.295 0.54 0.467 0.351 0.216 0.221 1.057 0.36
0.624 0.641 1.211 0.622 0.629 0.639 0.639 0.587 0.302 0.586 0.268 0.267 0.106 0.125 0.268 0.204 0.284 0.204 0.266 0.365 0.331 0.364 0.376 0.58 0.4 0.6 0.558 0.566 0.318 0.317 0.391 0.479 0.373 0.301 0.336 0.291 0.434 0.315 0.252 0.293 0.205 0.205 0.29 0.235 0.29 0.226 0.395 0.298 0.176 0.2 0.282 0.244 0.235 0.29 0.25 0.198 0.552 0.298 0.235 0.307 0.563 0.47 0.49 0.477 0.393 0.316 0.36 0.558 0.363 0.176 0.336 0.208 0.208 0.317
1.214 0.642 0.562 0.641 0.637 0.689 0.639 0.587 0.587 0.586 0.268 0.269 0.216 0.205 0.205 0.284 0.267 0.284 0.266 0.355 0.355 0.365 0.628 0.301 0.374 0.383 0.383 0.423 0.324 0.361 0.404 0.4 0.511 0.554 0.515 0.39 0.611 0.172 0.302 0.205 0.353 0.187 0.291 0.195 0.251 0.272 0.177 0.36 0.217 0.213 0.116 0.104 0.092 0.237 0.205 0.311 0.253 0.26 0.236 0.396 0.599 0.532 0.5 0.313 0.44 1.014 0.236 0.36 0.205 0.265 0.256 0.554 0.203 0.361
1.081 1.063 0.642 0.69 0.69 0.546 1.208 1.205 0.25 0.322 0.268 0.268 0.269 0.268 0.227 0.583 0.267 0.266 0.413 0.359 0.321 0.376 0.305 0.264 0.28 0.376 0.338 0.424 0.351 0.423 0.322 0.349 0.416 0.425 0.349 0.215 0.302 0.382 0.381 0.221 0.18 0.196 0.227 0.212 0.277 0.219 0.239 0.372 0.373 0.194 0.204 0.299 0.235 0.239 0.218 0.317 0.36 0.317 0.26 0.436 0.294 0.452 0.482 0.379 0.279 0.469 0.334 0.36 0.43 0.495 0.261 0.34 0.261 0.317
1.057 1.215 0.591 0.591 0.69 0.64 1.026 1.057 0.588 0.322 0.268 0.47 0.257 0.268 0.267 0.267 0.267 0.318 0.313 0.582 0.321 0.545 0.533 0.396 0.392 0.333 0.394 0.354 0.416 0.353 0.416 0.419 0.422 0.422 0.262 0.374 0.362 0.358 0.281 0.357 0.294 0.274 0.277 0.38 0.293 0.204 0.378 0.204 0.211 0.22 0.301 0.425 0.408 0.546 0.196 0.269 0.231 0.283 0.292 0.311 0.425 0.429 0.302 0.384 0.396 0.38 0.592 0.516 0.277 0.598 0.387 0.361 0.603 1.173
0.567 0.371 0.374 0.423 0.641 1.044 0.602 0.64 0.588 0.588 0.269 0.268 0.303 0.268 0.278 0.319 0.351 0.351 0.416 0.399 0.534 0.406 0.314 0.369 0.412 0.317 0.316 0.281 0.24 0.444 1.184 0.996 0.448 0.605 0.457 0.421 0.329 0.44 0.432 0.282 0.361 0.401 0.42 0.619 0.605 0.245 0.545 0.205 0.24 0.245 0.53 0.467 0.434 0.436 0.293 0.185 0.449 0.167 0.162 0.417 0.541 0.23 0.369 0.29 0.439 0.961 0.564 1.016 1.002 0.503 0.361 0.262 0.462 0.625
0.272 1.082 0.271 0.423 0.374 0.641 0.602 0.632 0.64 1.042 1.106 0.269 0.268 0.278 0.278 0.267 0.306 0.319 0.32 0.377 0.339 0.297 0.276 0.417 0.365 0.365 0.468 1.188 0.354 0.487 0.287 0.376 1.028 1.068 0.416 0.312 0.287 0.578 0.513 0.362 0.284 0.278 0.566 0.524 0.567 0.57 0.372 0.37 0.543 0.393 0.373 0.599 0.458 0.39 0.333 0.356 0.465 0.433 0.361 0.538 0.446 0.44 0.539 0.504 0.431 0.415 0.423 0.503 0.424 0.988 1.043 1.079 0.989 0.625
0.632 0.548 0.432 1.116 0.642 0.542 0.603 0.582 0.589 0.589 0.588 0.269 0.346 0.268 0.299 0.257 0.257 0.323 0.372 0.378 0.377 0.325 0.274 0.413 0.317 1.059 1.042 0.321 0.493 0.61 0.569 0.577 0.594 0.536 0.575 0.348 0.263 0.367 0.319 0.363 0.366 0.535 0.572 0.571 0.414 0.445 0.295 0.375 0.374 0.343 0.293 0.359 0.381 0.1 0.355 0.255 0.326 0.357 0.459 0.578 0.223 0.435 0.375 0.624 0.348 1.06 1.068 0.455 0.473 0.584 1.141 1.202 0.625 0.574
