static/jobfarm/user_models/minyf/common/HOME-GBHM/输出文件/Output/Grids/Eact20020226.asc
ncols 221
nrows 204
xllcorner -627000.0
yllcorner 3955000.0
cellsize 900.0
NODATA_value -9999.0
[rows 99 to 131 of 204, columns 74 to 147 of 221]
0.523 0.523 0.319 0.583 0.583 0.377 0.319 0.583 0.583 0.582 0.582 0.582 1.092 0.318 0.266 0.266 0.303 0.265 0.255 0.265 0.316 0.484 0.266 0.266 0.373 1.093 0.265 0.317 0.559 0.54 0.555 0.565 0.552 0.32 0.53 0.254 0.338 0.344 0.297 0.423 0.293 0.474 0.464 0.311 0.348 0.306 1.09 0.316 0.474 0.264 0.309 0.292 0.289 0.111 0.094 0.473 0.473 0.473 0.317 0.564 0.147 0.496 0.291 0.481 1.089 0.578 1.089 1.089 1.055 1.09 0.578 0.578 0.578 0.578
0.524 0.319 0.584 0.573 0.583 0.319 0.319 0.318 0.583 0.318 0.582 0.266 0.266 0.266 0.277 0.266 0.307 0.32 0.32 0.319 0.319 0.304 0.266 1.008 0.265 0.265 0.265 0.265 0.317 0.56 0.565 0.566 0.33 0.327 0.265 0.497 0.296 0.343 0.295 0.297 0.355 0.461 1.09 0.31 0.475 0.34 1.09 1.088 0.475 0.481 0.264 0.31 0.29 0.289 0.264 0.091 0.287 0.288 0.48 0.119 0.48 0.483 0.476 0.482 0.254 0.316 0.578 0.578 1.09 0.482 0.578 1.09 1.09 0.579
0.277 0.375 0.584 0.583 0.583 0.319 0.259 0.277 0.248 0.583 0.582 0.309 0.306 0.266 0.266 0.266 0.255 0.266 0.319 0.306 0.305 0.508 0.266 0.266 0.266 0.484 0.265 0.556 0.564 0.56 0.559 0.562 0.357 0.265 0.317 0.554 0.527 0.301 0.406 0.298 0.328 0.466 0.476 1.019 0.306 0.306 0.292 1.09 0.307 0.306 0.254 0.309 0.474 0.292 0.311 0.289 0.254 0.287 0.291 0.12 0.483 0.292 0.476 0.476 0.311 0.572 0.489 0.49 0.264 0.505 1.09 1.09 1.09 0.579
1.1 1.1 1.1 0.583 0.375 0.583 0.319 0.583 0.318 0.318 0.266 0.266 0.306 0.306 0.305 0.266 0.266 0.266 0.266 0.266 0.266 0.581 0.266 0.266 0.266 0.266 0.265 0.265 0.275 0.317 0.324 0.276 0.265 0.265 0.313 0.313 0.302 0.302 0.299 0.3 0.293 0.289 0.289 0.289 0.289 0.311 0.264 0.254 0.476 0.476 0.254 0.264 0.292 0.311 0.344 0.142 0.476 0.264 0.316 0.476 0.264 0.478 0.484 0.294 0.29 0.48 0.481 0.291 0.275 0.481 0.265 0.511 0.504 0.265
1.101 1.1 0.319 0.319 0.583 0.4 0.578 0.575 0.325 0.318 0.343 0.266 0.374 0.266 0.266 0.266 0.266 0.266 0.266 0.266 0.266 0.266 0.309 0.266 0.305 0.266 0.265 0.265 0.265 0.265 0.265 0.265 0.255 0.265 0.517 0.313 0.294 0.265 0.295 0.295 0.29 0.302 0.29 0.289 0.29 0.289 0.349 0.254 0.264 0.264 0.554 0.316 0.311 0.545 0.377 0.291 0.564 0.264 0.43 0.564 0.264 0.655 0.477 0.479 0.476 0.476 0.291 0.291 0.481 0.264 0.305 0.508 0.502 0.265
0.559 0.267 0.319 0.277 0.319 0.57 0.578 0.375 0.319 0.277 0.318 0.582 0.266 0.266 0.266 0.266 0.266 0.266 0.266 0.266 0.266 0.266 0.266 0.266 0.266 0.308 0.266 0.265 0.265 0.265 0.265 0.265 0.317 0.317 0.314 0.302 0.265 0.302 0.302 0.302 0.29 0.293 0.295 0.289 0.289 0.289 0.147 0.147 0.264 0.254 0.24 0.264 0.312 0.344 0.359 0.318 0.291 0.117 0.436 0.474 0.477 0.489 0.821 0.849 0.484 0.478 0.478 0.479 0.291 0.29 0.482 0.574 0.506 0.305
0.319 1.1 0.277 0.584 0.319 0.583 0.569 0.567 0.319 0.318 0.583 0.582 0.266 0.266 0.266 1.097 0.266 0.266 0.266 0.266 0.329 0.266 0.266 0.308 0.308 0.308 0.266 0.265 0.318 0.276 0.265 0.317 0.58 0.341 0.317 0.265 0.265 0.293 0.303 0.295 0.294 0.29 0.29 0.29 0.29 0.29 0.475 0.264 0.177 0.147 0.12 0.12 0.324 0.311 0.333 0.349 0.313 0.475 1.09 0.316 0.316 0.498 0.496 0.154 0.478 0.479 0.478 0.478 0.484 0.484 0.483 0.493 0.317 0.485
1.1 0.572 0.584 0.277 0.319 0.568 0.531 0.566 0.319 0.583 0.583 0.582 0.582 0.343 0.582 0.582 0.323 0.255 0.266 0.266 0.266 0.266 0.266 0.307 0.31 0.266 0.266 0.266 0.265 0.265 0.341 0.317 0.265 0.265 0.265 0.376 0.304 0.296 0.303 0.343 0.291 0.291 0.291 0.291 0.315 0.317 0.49 0.479 0.264 0.183 0.485 0.143 0.131 0.264 0.312 0.315 0.347 0.112 0.094 0.307 0.552 1.006 0.154 0.201 0.478 0.479 0.479 0.478 0.484 0.485 0.497 0.497 0.318 0.313
0.574 0.319 0.553 0.267 0.319 0.521 0.573 0.319 0.319 0.375 0.583 0.313 0.582 0.308 0.582 0.333 0.266 0.332 0.255 0.266 0.342 0.266 0.266 0.581 0.266 0.266 0.266 0.31 0.265 0.265 0.265 0.564 0.265 0.317 0.315 0.315 0.297 0.317 0.296 0.352 0.315 0.264 0.275 0.265 0.314 0.29 0.496 0.495 0.556 0.346 0.316 0.293 0.313 0.131 0.264 0.24 0.319 0.35 0.254 0.264 0.498 0.117 0.13 0.499 0.297 1.09 0.295 0.577 0.485 0.485 0.494 0.491 0.499 0.494
0.566 0.573 0.277 1.1 0.568 0.542 0.552 0.543 0.319 0.319 0.583 0.583 0.582 0.582 0.582 0.582 0.37 0.425 0.31 0.266 0.309 0.309 0.311 0.31 0.308 0.266 0.266 0.363 0.266 0.342 0.265 0.265 0.317 0.293 0.309 0.3 0.298 0.317 0.296 0.299 0.403 0.258 0.254 0.317 0.316 0.265 0.295 0.482 0.509 0.487 0.38 0.479 0.537 0.567 0.153 0.131 0.241 0.423 0.24 0.264 0.971 0.117 0.662 1.068 0.504 0.479 0.564 0.554 1.088 1.022 0.492 0.347 0.319 0.485
0.567 0.565 0.574 0.267 1.1 0.55 0.551 0.384 0.54 0.319 0.267 0.583 0.582 0.582 0.582 0.582 0.376 0.334 0.332 0.266 0.266 0.309 0.311 0.31 0.311 0.311 0.266 0.255 0.12 0.255 0.265 0.305 0.265 0.265 0.265 0.265 0.265 0.295 0.297 0.302 0.569 0.275 0.254 0.317 0.275 0.579 0.342 0.367 0.344 0.485 0.48 0.315 0.501 0.487 0.411 0.147 0.264 0.264 0.253 0.826 0.12 0.862 1.07 1.071 1.041 0.502 0.213 0.12 0.497 0.509 0.486 0.347 0.312 0.323
1.051 0.56 0.565 0.584 0.559 0.319 0.531 0.382 0.507 0.266 0.267 0.317 0.583 0.582 0.582 0.582 0.37 0.333 0.314 0.331 0.323 0.323 0.318 0.323 0.322 0.545 0.561 0.265 0.265 0.255 0.329 0.317 0.373 0.373 0.509 0.328 0.548 0.371 0.356 0.338 0.275 0.275 0.254 0.316 0.264 0.325 0.328 0.315 0.486 0.296 0.254 0.296 0.549 0.486 0.488 0.482 0.447 0.226 0.306 0.12 0.264 0.264 0.306 1.06 0.57 0.925 0.578 0.554 1.089 0.578 0.319 0.351 0.315 0.486
1.101 0.567 0.559 0.564 0.555 1.1 0.567 0.562 0.319 0.266 0.266 0.267 0.583 0.582 0.582 0.582 0.35 0.334 0.314 0.343 0.399 0.381 0.542 0.556 0.571 0.551 0.552 0.581 0.317 0.265 0.265 0.265 0.317 0.317 0.561 0.369 0.37 0.369 0.371 0.373 0.317 0.275 0.264 0.316 0.264 0.275 0.325 0.322 0.529 0.321 0.254 0.507 0.515 0.51 0.091 0.513 0.485 0.487 0.13 0.316 0.316 0.264 1.009 0.34 0.503 0.892 0.554 0.316 0.578 0.578 0.363 0.307 0.292 0.292
1.101 0.574 0.559 0.574 0.557 1.1 0.277 0.567 0.375 0.343 0.319 0.256 0.256 0.312 0.582 0.582 0.349 0.315 0.315 0.335 0.341 0.325 0.326 0.362 0.551 0.546 0.557 0.572 0.555 0.317 0.317 0.317 0.317 0.317 0.355 0.323 0.32 0.323 0.37 0.374 0.265 0.265 0.265 0.316 0.258 0.316 0.32 0.32 0.32 0.336 0.265 0.308 0.506 0.506 0.265 0.091 0.363 0.485 0.564 0.12 0.12 0.13 0.913 0.316 0.578 0.296 0.564 0.295 0.578 0.578 0.327 0.326 0.327 0.304
0.319 0.581 0.56 0.578 0.558 0.557 0.277 0.568 0.569 0.583 0.319 0.267 0.267 0.266 0.266 0.318 0.582 0.266 0.562 0.336 0.343 0.325 0.276 0.328 0.35 0.377 0.58 0.317 0.317 0.58 0.317 1.028 1.02 0.317 0.533 0.536 0.254 0.323 0.323 0.322 0.275 0.275 0.265 0.264 0.316 0.275 0.096 0.094 0.53 0.335 0.264 0.506 0.506 0.506 0.507 0.514 0.254 0.565 0.24 1.09 0.972 0.13 0.12 0.578 0.578 0.481 0.554 0.309 0.246 0.578 0.506 0.323 0.323 0.506
0.319 0.319 0.56 1.101 0.319 0.561 1.1 0.384 0.238 0.583 0.583 0.583 0.583 0.267 0.266 0.256 0.582 0.379 0.316 0.318 0.266 0.266 0.255 0.255 0.486 0.491 0.317 0.317 0.321 0.323 0.342 0.333 0.344 0.349 0.317 0.275 0.254 0.258 0.317 0.317 0.375 0.317 0.292 0.254 0.565 0.384 0.553 0.264 0.265 1.091 0.578 0.344 0.508 0.104 0.094 0.094 0.233 1.09 0.564 0.155 0.15 0.151 0.48 0.264 0.578 0.238 0.254 0.489 0.578 0.578 1.089 1.089 1.089 1.089
1.101 1.101 0.267 1.101 0.568 0.566 0.559 0.319 0.319 0.245 0.319 0.131 0.338 0.267 0.582 0.266 0.266 0.266 0.266 0.266 0.276 0.318 0.318 0.563 0.318 0.581 0.374 0.255 0.32 0.32 0.323 0.323 0.375 0.322 0.275 0.275 0.258 0.275 0.275 0.317 0.317 0.317 0.275 0.254 0.316 0.579 0.442 0.316 0.265 0.094 0.316 0.254 0.091 0.094 0.515 1.09 0.223 0.244 0.34 0.518 0.489 0.524 0.128 0.482 0.482 0.482 0.312 0.264 0.151 1.072 0.534 1.078 1.078 0.117
1.1 1.101 0.267 0.563 1.1 1.1 0.574 0.315 0.375 0.319 0.583 0.319 0.267 0.256 0.582 0.266 0.266 0.409 0.266 0.318 0.318 0.318 0.558 0.318 0.318 0.374 0.317 0.265 0.321 0.321 0.321 0.321 0.375 0.323 0.275 0.265 0.324 0.265 0.317 0.278 0.317 0.317 0.275 0.254 0.265 0.316 0.316 0.316 0.551 1.091 0.55 1.09 0.094 0.51 0.511 1.09 0.233 0.233 0.264 0.206 0.227 0.494 0.557 0.13 0.119 0.488 0.34 0.488 0.254 0.118 0.117 0.117 1.211 0.537
0.585 0.248 1.226 1.225 0.584 0.547 0.267 0.319 0.319 0.351 0.375 0.319 0.267 0.256 0.583 0.266 0.582 0.266 0.316 0.266 0.266 0.318 0.318 0.318 0.317 0.318 0.318 0.265 0.322 0.321 0.321 0.322 0.364 0.323 0.317 0.552 0.254 0.12 0.254 0.317 0.373 0.317 0.265 0.254 0.265 0.265 0.264 0.316 1.085 0.265 0.265 0.508 0.265 0.265 0.513 1.09 1.09 1.09 0.578 0.162 0.177 0.193 0.54 0.574 0.148 0.119 0.489 0.104 1.088 0.104 0.264 0.124 1.211 0.553
0.585 1.226 0.584 1.101 0.583 0.584 0.41 0.325 0.323 0.341 0.319 0.583 0.267 1.221 0.267 0.266 0.266 0.319 0.318 0.561 0.318 0.318 0.318 0.318 0.265 0.318 0.318 0.258 0.255 0.265 0.265 0.322 0.351 0.323 0.275 0.317 0.551 0.265 0.58 0.554 0.317 0.373 0.254 0.254 0.265 0.265 1.085 0.316 0.315 0.341 0.265 0.512 0.265 0.515 0.516 1.09 0.34 0.33 0.372 0.162 0.578 0.494 0.578 0.567 0.316 0.156 1.088 0.553 0.316 0.316 0.577 0.271 0.562 0.098
0.32 0.585 1.018 1.096 1.1 0.584 1.103 0.343 0.342 0.583 0.319 0.375 0.267 0.267 0.267 0.582 0.266 0.318 0.573 0.318 0.318 0.318 0.266 0.255 0.318 0.318 0.318 0.255 0.322 0.369 0.322 0.323 0.348 0.324 0.254 0.265 0.275 0.254 1.092 1.038 1.092 0.317 0.275 0.254 0.265 0.265 0.265 0.316 1.091 0.275 0.265 0.254 0.51 0.517 1.09 1.09 0.578 0.436 0.246 0.526 0.183 0.161 0.568 0.115 0.109 0.345 0.13 0.554 0.315 1.086 1.088 0.305 0.092 0.603
0.268 0.344 0.554 0.567 1.101 1.1 0.584 0.584 0.584 0.267 0.267 0.267 0.267 0.267 0.267 0.582 0.576 0.577 0.318 0.318 0.582 0.347 0.266 0.276 0.318 0.318 0.276 0.255 0.325 0.325 0.58 0.57 0.568 0.344 0.552 0.317 0.265 0.254 0.265 0.515 0.536 0.317 0.317 0.317 0.265 0.265 0.316 0.316 0.316 0.56 0.265 0.265 0.517 0.265 1.09 1.09 0.578 0.246 0.264 0.264 0.094 0.095 0.491 0.128 0.124 0.49 0.349 0.13 0.553 0.476 1.088 0.288 0.271 0.603
1.227 0.585 0.555 0.568 1.101 1.101 1.1 1.1 0.584 0.583 1.223 1.223 0.558 0.267 0.267 0.301 0.266 0.266 0.318 0.318 0.582 0.347 0.276 0.276 0.131 0.318 0.318 0.255 0.315 0.317 0.458 0.325 0.564 0.344 0.317 0.317 0.317 0.317 0.265 1.092 0.265 0.317 0.246 0.46 0.254 0.265 1.076 0.372 0.579 0.512 0.51 0.265 0.317 0.578 0.265 0.34 0.436 0.12 0.316 0.264 0.094 0.104 0.264 0.091 0.193 0.339 0.491 0.33 0.13 0.119 0.253 0.315 0.288 0.263
0.585 0.558 0.557 0.569 1.101 1.101 1.1 1.1 0.563 1.099 1.099 1.099 0.583 1.222 0.267 0.266 0.256 0.32 0.266 0.582 0.582 0.348 0.266 0.266 0.318 0.318 0.276 0.255 0.316 0.317 0.317 0.317 0.345 0.344 0.317 0.373 0.317 0.317 0.317 1.092 0.265 0.579 0.246 0.265 0.265 0.265 0.535 0.513 0.579 0.579 0.554 0.265 0.578 0.265 0.316 0.34 0.246 0.264 0.34 0.264 0.359 1.083 0.517 0.254 0.577 0.34 0.12 0.323 0.297 0.297 0.135 0.13 1.087 0.315
1.102 0.559 0.558 0.584 1.101 0.584 1.097 0.931 1.1 1.1 0.267 0.583 0.583 1.098 0.267 0.267 0.256 0.256 0.582 0.582 0.582 0.348 0.266 0.266 0.266 0.266 0.266 0.255 0.58 0.266 0.317 0.326 0.345 0.317 0.317 0.317 0.373 0.317 0.317 0.265 0.255 0.3 0.246 0.265 0.265 1.091 0.579 0.579 0.579 0.311 0.265 1.09 0.519 1.09 0.356 0.578 0.244 0.578 0.578 0.264 0.264 0.264 0.091 0.264 0.574 0.322 0.264 0.12 0.123 0.298 0.305 0.305 0.245 0.542
0.558 0.559 0.559 0.584 0.345 1.101 0.344 0.584 1.1 0.583 0.309 0.583 1.099 1.098 0.583 0.583 0.266 0.266 0.582 0.582 0.582 0.582 0.266 0.266 0.581 0.266 0.318 0.266 0.317 0.255 0.316 0.345 0.255 0.325 0.317 0.58 0.58 0.373 0.317 0.313 0.265 0.265 0.265 0.579 1.091 1.091 0.514 0.521 0.155 0.579 0.265 0.311 0.2 0.246 0.264 0.436 0.578 0.578 0.372 0.264 0.316 0.577 0.094 0.094 0.317 0.509 0.253 0.319 0.332 0.3 0.566 0.339 0.264 0.322
0.56 0.585 0.585 0.584 1.101 0.584 0.584 0.346 0.267 0.584 0.564 1.099 1.099 1.099 1.098 0.583 1.222 0.582 0.582 0.582 0.582 0.582 0.582 0.581 0.266 0.266 0.337 0.266 0.266 0.266 0.58 0.255 0.317 0.316 0.265 0.265 0.58 0.58 0.58 0.579 0.981 0.265 0.372 1.091 1.091 0.579 0.579 0.522 0.322 0.578 0.265 0.578 0.246 0.246 0.264 0.135 0.578 0.264 0.371 1.088 0.264 1.088 1.088 0.531 0.312 0.264 0.509 0.3 0.3 0.483 0.317 0.576 0.576 0.294
0.35 0.351 0.352 0.552 0.584 0.571 0.548 0.267 0.579 0.581 0.583 0.381 1.099 1.099 1.098 0.583 1.098 0.331 0.266 0.266 0.266 0.266 0.266 0.266 0.266 0.317 0.266 0.307 0.266 0.266 0.255 0.266 0.373 0.318 0.333 0.265 0.332 0.334 0.58 0.54 0.579 0.265 1.092 0.538 0.579 0.579 0.372 0.515 0.265 0.265 1.09 0.246 0.246 0.246 0.578 0.264 0.233 0.578 0.578 0.519 1.088 0.275 0.883 0.519 1.061 0.264 0.264 1.087 0.507 0.484 0.301 0.576 0.574 0.503
0.333 0.351 0.35 0.385 0.267 0.267 0.267 0.584 0.584 0.584 0.583 1.099 1.099 1.099 0.267 1.098 1.098 1.097 0.582 0.374 0.266 0.266 0.266 0.266 0.266 0.266 0.266 0.581 0.578 0.581 0.255 0.266 0.265 0.265 0.33 0.265 0.32 0.331 0.334 0.58 0.282 1.092 1.091 0.517 0.579 0.579 0.265 0.575 0.265 0.265 0.265 1.09 0.52 0.578 0.578 0.52 0.233 0.135 0.471 0.264 0.34 0.577 0.577 0.577 0.994 0.264 0.31 0.264 0.264 0.661 0.485 0.355 0.576 0.51
0.24 0.39 0.394 0.348 0.319 0.319 0.584 0.584 0.584 0.584 0.583 0.583 1.099 1.099 1.098 1.098 1.092 0.582 0.582 1.221 1.097 0.582 0.266 0.266 0.318 0.266 0.318 0.581 0.578 0.581 0.581 0.266 0.265 0.265 0.33 0.265 0.332 0.333 0.333 0.58 0.579 0.316 0.54 0.289 1.086 0.579 0.538 0.289 0.289 0.578 0.578 0.578 0.522 0.578 0.578 0.372 0.578 0.233 0.111 0.245 0.577 0.264 0.309 0.577 0.264 0.834 0.253 0.264 0.62 0.264 0.511 0.511 0.511 0.567
0.391 0.247 0.248 0.393 0.26 0.319 0.319 0.319 0.319 0.319 0.319 1.099 1.099 1.099 0.267 0.583 0.583 0.266 0.58 0.565 0.582 0.554 1.22 1.22 0.581 0.266 0.581 0.581 0.581 0.315 0.581 0.58 0.265 0.265 0.334 0.265 0.328 0.333 0.334 0.316 0.579 0.246 1.091 0.289 0.54 0.51 0.539 0.579 0.578 0.578 0.578 0.578 0.522 0.578 1.089 0.578 0.578 0.577 0.244 0.563 0.245 0.577 0.316 0.577 0.264 0.534 0.253 0.576 0.264 1.085 0.575 1.085 0.308 0.511
0.47 0.393 0.392 0.572 1.089 0.202 0.202 0.267 0.267 0.319 0.389 0.277 1.099 1.099 0.563 0.583 0.583 0.582 0.266 1.097 0.273 0.582 0.582 0.55 1.096 1.219 0.581 0.318 0.581 0.581 0.581 0.58 0.58 0.58 0.334 0.265 0.335 0.316 0.265 0.579 0.542 1.092 1.091 1.091 0.579 0.579 0.579 0.506 1.09 0.578 0.578 0.538 1.089 0.494 1.089 0.578 0.577 0.534 0.577 1.088 0.233 0.351 0.233 0.34 0.264 1.086 0.315 0.334 1.085 0.263 0.576 0.37 1.084 0.32
0.255 0.202 0.387 0.579 0.575 0.291 0.191 0.195 0.195 0.267 0.256 0.266 0.277 0.267 0.267 0.267 0.267 0.582 0.266 0.294 0.565 0.284 0.582 0.582 0.581 1.219 1.219 1.219 1.218 0.494 0.581 0.58 0.58 0.58 0.316 0.265 0.317 0.265 0.341 0.522 0.51 0.949 1.091 1.091 1.091 0.579 0.579 1.09 0.281 0.372 0.538 0.54 0.303 1.089 0.264 0.577 0.577 0.522 0.989 0.967 0.959 1.087 0.577 0.535 0.536 0.253 0.536 0.263 0.263 0.339 0.576 0.323 0.511 0.263
