static/jobfarm/user_models/minyf/common/HOME-GBHM/输出文件/Output/Grids/Eact20020223.asc
ncols 221
nrows 204
xllcorner -627000.0
yllcorner 3955000.0
cellsize 900.0
NODATA_value -9999.0
[rows 33 to 65 of 204, columns 0 to 73 of 221]
-9999.0 -9999.0 -9999.0 -9999.0 -9999.0 -9999.0 -9999.0 -9999.0 -9999.0 -9999.0 -9999.0 -9999.0 -9999.0 -9999.0 -9999.0 -9999.0 -9999.0 -9999.0 -9999.0 -9999.0 -9999.0 -9999.0 -9999.0 -9999.0 -9999.0 -9999.0 -9999.0 -9999.0 -9999.0 -9999.0 -9999.0 -9999.0 -9999.0 -9999.0 1.391 1.392 0.674 0.67 1.394 1.392 1.392 0.667 1.162 1.399 1.404 1.405 0.901 1.412 1.398 1.409 1.397 1.397 1.397 1.396 0.675 1.408 1.441 1.425 0.864 1.396 0.988 1.394 1.435 1.449 1.419 1.416 1.397 0.84 0.801 1.389 1.387 1.385 1.389 1.386
-9999.0 -9999.0 -9999.0 -9999.0 -9999.0 -9999.0 -9999.0 -9999.0 -9999.0 -9999.0 -9999.0 -9999.0 -9999.0 -9999.0 -9999.0 -9999.0 -9999.0 -9999.0 -9999.0 -9999.0 -9999.0 -9999.0 -9999.0 -9999.0 -9999.0 -9999.0 -9999.0 -9999.0 -9999.0 -9999.0 -9999.0 -9999.0 -9999.0 0.694 1.391 1.39 1.391 1.391 0.672 0.677 1.396 1.38 0.653 1.379 0.678 0.71 2.055 0.679 1.398 0.679 1.4 1.395 1.395 1.395 1.394 0.675 1.391 1.393 1.393 1.394 2.047 0.673 1.39 1.389 1.391 1.39 0.672 1.391 1.39 0.8 0.832 0.819 1.387 1.381
-9999.0 -9999.0 -9999.0 -9999.0 -9999.0 -9999.0 -9999.0 -9999.0 -9999.0 -9999.0 -9999.0 -9999.0 -9999.0 -9999.0 -9999.0 -9999.0 -9999.0 -9999.0 -9999.0 -9999.0 -9999.0 -9999.0 -9999.0 -9999.0 -9999.0 -9999.0 -9999.0 -9999.0 -9999.0 -9999.0 -9999.0 -9999.0 -9999.0 0.693 1.39 0.667 0.67 1.151 1.613 1.159 1.396 1.377 0.651 0.65 0.651 2.028 1.39 0.707 0.679 1.395 0.682 0.683 1.397 1.426 1.396 1.396 0.678 1.392 1.391 1.391 0.673 2.044 0.682 1.388 1.387 0.682 0.671 1.391 1.385 2.033 1.388 1.384 0.869 1.024
-9999.0 -9999.0 -9999.0 -9999.0 -9999.0 -9999.0 -9999.0 -9999.0 -9999.0 -9999.0 -9999.0 -9999.0 -9999.0 -9999.0 -9999.0 -9999.0 -9999.0 -9999.0 -9999.0 -9999.0 -9999.0 -9999.0 -9999.0 -9999.0 -9999.0 -9999.0 -9999.0 -9999.0 -9999.0 -9999.0 -9999.0 -9999.0 -9999.0 -9999.0 0.697 0.666 1.157 1.158 1.735 1.402 0.648 0.65 0.648 0.649 1.391 1.376 1.38 0.662 0.677 0.922 0.735 0.676 0.674 1.408 0.674 1.391 2.046 0.714 0.673 1.389 1.388 2.041 1.002 0.947 2.038 0.946 0.938 2.033 0.849 2.03 0.678 1.447 1.788 1.618
-9999.0 -9999.0 -9999.0 -9999.0 -9999.0 -9999.0 -9999.0 -9999.0 -9999.0 -9999.0 -9999.0 -9999.0 -9999.0 -9999.0 -9999.0 -9999.0 -9999.0 -9999.0 -9999.0 -9999.0 -9999.0 -9999.0 -9999.0 -9999.0 -9999.0 -9999.0 -9999.0 -9999.0 -9999.0 -9999.0 -9999.0 -9999.0 -9999.0 -9999.0 -9999.0 0.677 0.681 0.735 1.557 0.682 0.737 0.677 1.633 0.672 1.374 1.376 0.986 0.776 1.042 1.149 0.675 0.675 0.896 1.156 1.156 1.39 0.681 1.388 1.388 0.672 0.671 0.673 1.385 1.384 1.387 1.395 1.393 1.441 1.147 2.028 0.855 0.907 0.913 0.932
-9999.0 -9999.0 -9999.0 -9999.0 -9999.0 -9999.0 -9999.0 -9999.0 -9999.0 -9999.0 -9999.0 -9999.0 -9999.0 -9999.0 -9999.0 -9999.0 -9999.0 -9999.0 -9999.0 -9999.0 -9999.0 -9999.0 -9999.0 -9999.0 -9999.0 -9999.0 -9999.0 -9999.0 -9999.0 -9999.0 -9999.0 -9999.0 -9999.0 -9999.0 -9999.0 0.835 1.402 1.556 0.869 0.784 0.649 1.391 1.404 1.39 1.373 1.414 1.145 1.098 1.156 0.679 1.394 1.155 0.697 1.155 1.154 1.154 1.154 0.671 1.386 0.927 2.038 1.385 1.383 0.67 0.705 1.148 1.425 1.602 1.146 2.024 1.378 0.861 1.375 1.616
-9999.0 -9999.0 -9999.0 -9999.0 -9999.0 -9999.0 -9999.0 -9999.0 -9999.0 -9999.0 -9999.0 -9999.0 -9999.0 -9999.0 -9999.0 -9999.0 -9999.0 -9999.0 -9999.0 -9999.0 -9999.0 -9999.0 -9999.0 -9999.0 -9999.0 -9999.0 -9999.0 -9999.0 -9999.0 -9999.0 -9999.0 -9999.0 -9999.0 -9999.0 -9999.0 0.692 0.708 0.652 1.371 1.379 1.131 0.804 1.155 1.413 1.423 1.155 1.413 1.154 0.729 2.036 0.679 0.679 1.422 1.15 1.153 0.692 1.152 1.152 1.404 0.946 1.428 0.67 0.669 1.148 1.148 1.145 1.409 1.441 1.468 0.691 2.021 1.552 2.015 1.611
-9999.0 -9999.0 -9999.0 -9999.0 -9999.0 -9999.0 -9999.0 -9999.0 -9999.0 -9999.0 -9999.0 -9999.0 -9999.0 -9999.0 -9999.0 -9999.0 -9999.0 -9999.0 -9999.0 -9999.0 -9999.0 -9999.0 -9999.0 -9999.0 -9999.0 -9999.0 -9999.0 -9999.0 -9999.0 -9999.0 -9999.0 -9999.0 -9999.0 -9999.0 0.533 0.532 0.555 0.763 0.709 1.405 1.403 1.408 2.041 2.04 1.153 1.153 2.041 1.414 1.409 1.39 1.149 1.153 1.152 1.152 1.152 2.037 2.036 1.445 1.432 0.933 1.416 1.466 1.147 1.147 2.027 1.112 1.404 1.419 1.454 1.143 1.502 1.141 0.91 1.136
-9999.0 -9999.0 -9999.0 -9999.0 -9999.0 -9999.0 -9999.0 -9999.0 -9999.0 -9999.0 -9999.0 -9999.0 -9999.0 -9999.0 -9999.0 -9999.0 -9999.0 -9999.0 -9999.0 -9999.0 -9999.0 -9999.0 -9999.0 -9999.0 -9999.0 -9999.0 -9999.0 -9999.0 -9999.0 -9999.0 -9999.0 -9999.0 -9999.0 -9999.0 -9999.0 0.551 0.806 0.806 0.797 0.554 0.719 0.736 1.419 1.402 1.148 2.039 2.038 1.15 0.807 0.804 1.073 1.406 1.403 1.404 1.433 2.035 2.034 1.149 1.523 0.944 1.444 1.453 1.147 1.146 1.145 2.025 1.376 1.41 1.142 1.453 1.141 2.015 0.9 2.012
-9999.0 -9999.0 -9999.0 -9999.0 -9999.0 -9999.0 -9999.0 -9999.0 -9999.0 -9999.0 -9999.0 -9999.0 -9999.0 -9999.0 -9999.0 -9999.0 -9999.0 -9999.0 -9999.0 -9999.0 -9999.0 -9999.0 -9999.0 -9999.0 -9999.0 -9999.0 -9999.0 -9999.0 -9999.0 -9999.0 -9999.0 -9999.0 -9999.0 -9999.0 -9999.0 0.545 0.711 0.619 0.806 1.146 0.806 1.146 0.802 0.725 0.805 0.79 0.806 0.803 0.806 0.804 1.067 1.426 1.402 1.009 2.032 1.148 2.031 2.03 2.03 1.007 2.027 2.027 1.145 1.005 1.138 0.94 1.388 1.393 1.412 1.403 1.37 2.005 1.999 1.604
-9999.0 -9999.0 -9999.0 -9999.0 -9999.0 -9999.0 -9999.0 -9999.0 -9999.0 -9999.0 -9999.0 -9999.0 -9999.0 -9999.0 -9999.0 -9999.0 -9999.0 -9999.0 -9999.0 -9999.0 -9999.0 0.957 -9999.0 -9999.0 -9999.0 -9999.0 -9999.0 -9999.0 -9999.0 -9999.0 -9999.0 -9999.0 -9999.0 -9999.0 0.548 0.547 0.566 0.555 0.552 0.548 0.556 0.804 0.556 0.804 0.556 0.562 0.558 0.559 0.805 0.805 0.805 0.997 1.487 0.804 0.943 2.03 2.028 2.027 1.125 0.942 1.016 0.977 0.977 1.144 1.142 1.003 1.383 1.388 0.866 1.397 1.368 1.574 2.001 2.001
-9999.0 -9999.0 -9999.0 -9999.0 -9999.0 -9999.0 -9999.0 -9999.0 -9999.0 -9999.0 -9999.0 -9999.0 -9999.0 -9999.0 -9999.0 -9999.0 0.599 0.572 0.883 1.462 0.938 0.969 1.019 0.726 0.7 0.561 0.561 -9999.0 -9999.0 -9999.0 -9999.0 -9999.0 -9999.0 -9999.0 0.551 0.549 0.563 0.561 0.563 0.567 0.565 0.569 0.557 0.557 0.778 0.568 0.806 1.026 0.804 0.804 1.029 0.708 0.804 0.694 1.007 0.942 2.027 2.026 1.144 1.14 2.022 1.004 1.143 1.14 1.133 1.607 1.38 1.386 1.129 1.11 1.022 1.366 0.778 1.997
-9999.0 -9999.0 -9999.0 -9999.0 -9999.0 -9999.0 -9999.0 -9999.0 -9999.0 -9999.0 -9999.0 -9999.0 -9999.0 -9999.0 0.74 0.57 0.571 0.614 0.611 0.857 0.895 0.823 0.84 0.781 0.565 0.565 0.564 0.563 -9999.0 -9999.0 -9999.0 -9999.0 0.693 0.554 0.553 0.552 0.577 0.79 0.581 0.596 0.568 0.576 0.563 0.565 0.561 0.56 0.555 1.142 0.802 0.751 0.711 0.664 0.803 1.029 0.802 1.144 2.025 1.092 1.141 2.019 2.02 2.02 2.015 2.017 1.133 0.697 1.376 1.376 0.695 0.789 1.136 1.357 0.559 1.392
-9999.0 -9999.0 -9999.0 -9999.0 -9999.0 -9999.0 -9999.0 -9999.0 -9999.0 -9999.0 -9999.0 -9999.0 -9999.0 -9999.0 0.614 0.727 0.718 0.571 0.705 0.799 1.003 0.787 0.778 0.798 0.854 0.571 0.57 0.582 0.574 0.573 0.56 0.557 0.556 0.694 0.555 0.554 0.573 0.572 0.581 0.585 0.577 0.58 0.645 0.643 0.677 0.568 0.597 0.565 0.803 0.803 0.799 0.801 0.631 0.802 0.802 1.143 1.007 1.142 1.08 0.977 1.142 2.017 1.141 1.139 2.014 2.014 2.011 1.697 1.373 0.578 0.796 0.543 0.775 0.766
-9999.0 -9999.0 -9999.0 -9999.0 -9999.0 -9999.0 -9999.0 -9999.0 -9999.0 -9999.0 -9999.0 -9999.0 0.635 0.605 0.571 0.568 0.71 0.694 1.011 0.737 0.727 1.136 1.141 0.922 1.142 0.754 0.785 0.575 0.578 0.584 0.563 0.561 0.558 0.933 0.558 0.556 0.587 0.909 0.957 0.58 0.578 0.55 0.567 0.568 0.563 0.563 0.559 0.559 0.757 1.078 0.802 0.801 1.144 0.801 1.14 1.142 1.14 1.142 1.141 1.14 1.133 1.129 1.138 1.139 1.438 1.607 0.549 0.548 0.544 0.57 0.795 0.538 0.61 0.686
-9999.0 -9999.0 -9999.0 -9999.0 -9999.0 -9999.0 -9999.0 -9999.0 -9999.0 -9999.0 -9999.0 -9999.0 -9999.0 0.565 0.566 0.567 0.566 0.57 0.797 0.575 1.135 1.139 1.14 0.713 2.016 2.016 1.45 0.939 0.617 0.587 0.601 0.6 0.707 0.923 0.717 0.647 0.717 0.722 0.609 0.724 0.697 0.696 0.795 0.708 0.639 0.718 0.954 0.725 0.788 0.631 0.619 0.616 1.139 0.629 1.142 1.141 1.136 1.14 1.069 1.139 1.14 1.132 1.139 0.857 1.388 0.77 0.531 0.531 0.531 0.522 0.53 0.53 0.533 0.53
-9999.0 -9999.0 -9999.0 -9999.0 -9999.0 -9999.0 -9999.0 -9999.0 -9999.0 -9999.0 -9999.0 -9999.0 -9999.0 0.568 0.712 0.568 0.569 0.568 0.956 1.011 1.138 1.138 1.138 1.139 2.014 2.015 2.016 1.488 1.014 0.931 0.713 0.967 0.71 0.687 0.707 0.664 0.704 0.703 0.596 0.716 0.699 0.698 0.801 0.552 0.695 0.72 0.8 0.799 0.934 0.566 0.585 0.634 0.8 0.788 2.228 1.137 1.136 1.137 1.137 1.138 1.138 1.13 1.42 1.395 1.381 0.659 0.533 0.533 0.532 0.532 0.532 0.531 0.531 0.531
-9999.0 -9999.0 -9999.0 -9999.0 -9999.0 -9999.0 -9999.0 -9999.0 -9999.0 -9999.0 -9999.0 -9999.0 -9999.0 0.568 0.565 0.565 0.565 0.699 0.796 1.136 1.137 1.136 1.134 1.138 1.538 0.856 0.989 0.962 0.96 2.016 1.737 1.507 0.824 0.92 0.639 0.734 0.615 0.612 0.701 0.729 0.716 0.943 0.725 0.698 0.723 0.722 0.71 0.799 0.965 1.141 1.141 0.791 1.6 1.549 2.226 1.547 0.846 1.138 1.134 2.011 1.135 2.008 1.404 1.379 1.384 0.622 0.535 0.534 0.534 0.537 0.533 0.533 0.533 0.537
-9999.0 -9999.0 -9999.0 -9999.0 -9999.0 -9999.0 -9999.0 -9999.0 -9999.0 -9999.0 -9999.0 -9999.0 -9999.0 0.569 0.564 0.698 0.652 0.698 0.795 0.796 1.136 1.135 1.134 1.137 1.505 1.138 1.126 1.429 1.432 2.013 1.757 2.01 0.73 0.713 0.651 0.891 0.792 0.708 0.706 0.731 0.73 0.965 0.728 0.727 1.071 0.997 2.015 0.994 1.103 2.015 2.015 2.014 1.139 2.224 2.013 2.013 2.011 2.011 2.01 2.009 1.41 1.722 1.436 1.384 0.626 0.578 0.54 0.536 0.536 0.539 0.535 0.535 0.54 0.658
-9999.0 -9999.0 -9999.0 -9999.0 -9999.0 -9999.0 -9999.0 -9999.0 -9999.0 -9999.0 -9999.0 -9999.0 0.567 0.567 0.567 0.564 0.564 0.567 0.715 0.954 0.795 0.869 1.135 1.482 1.435 1.44 1.43 2.011 2.011 2.012 1.75 0.774 0.715 0.71 0.736 0.739 0.953 0.972 0.951 0.798 1.134 1.131 1.14 1.871 1.139 1.138 2.014 2.013 1.414 1.139 1.406 1.438 1.449 1.458 2.011 2.011 2.01 2.009 0.931 0.93 1.411 1.723 1.449 1.404 0.989 1.407 0.675 1.374 1.373 0.537 0.536 0.536 0.643 0.536
-9999.0 -9999.0 -9999.0 -9999.0 -9999.0 -9999.0 -9999.0 -9999.0 -9999.0 0.565 0.569 0.597 0.566 0.566 0.567 0.567 0.565 0.564 0.697 0.715 0.953 1.134 0.794 1.487 1.453 1.449 1.425 1.418 1.43 0.948 0.739 0.706 0.657 0.649 0.584 0.706 0.714 1.411 1.138 2.012 2.011 2.012 2.012 2.012 2.012 1.138 2.011 2.011 2.012 1.412 1.123 1.429 1.137 1.436 2.009 2.009 1.504 2.007 2.006 1.815 1.405 0.951 2.003 0.735 1.4 1.58 0.677 1.374 1.373 0.834 0.675 1.37 0.832 0.667
-9999.0 -9999.0 -9999.0 -9999.0 -9999.0 -9999.0 -9999.0 -9999.0 -9999.0 0.566 0.566 0.641 0.589 0.595 0.637 0.899 0.6 0.582 0.697 0.697 1.133 1.015 0.666 0.653 0.58 0.58 0.583 0.581 0.578 0.571 0.705 0.725 0.574 0.579 0.572 0.571 0.958 2.008 2.01 2.009 2.01 2.01 1.134 1.071 1.136 1.136 1.136 1.136 0.688 1.137 0.937 1.468 2.008 1.136 2.006 0.801 1.599 1.595 1.409 1.395 2.003 1.133 2.001 1.999 1.999 1.862 1.577 1.38 1.01 1.125 1.991 0.918 1.984 0.917
-9999.0 -9999.0 -9999.0 -9999.0 -9999.0 -9999.0 -9999.0 -9999.0 -9999.0 0.565 0.562 0.571 0.673 0.585 0.707 0.792 0.696 0.636 0.844 0.568 0.793 0.952 0.613 0.619 0.569 0.58 0.795 0.738 0.738 0.712 0.738 0.573 0.574 0.579 0.798 0.845 0.705 0.712 1.013 1.136 2.008 2.007 1.136 2.008 2.008 1.135 2.007 1.135 1.134 1.136 1.135 1.135 1.135 2.005 1.6 0.909 0.873 1.589 1.436 1.452 2.001 1.132 1.999 1.131 1.13 1.13 1.013 1.012 1.128 1.127 1.99 1.988 0.997 1.124
-9999.0 -9999.0 -9999.0 -9999.0 -9999.0 -9999.0 -9999.0 -9999.0 -9999.0 0.561 0.561 0.563 0.658 1.461 0.968 0.73 0.699 0.945 0.696 0.987 0.736 0.996 0.61 0.62 0.571 0.569 0.565 0.572 0.574 0.712 0.795 0.581 0.569 0.571 0.575 0.571 0.625 0.712 2.005 2.006 1.135 0.786 1.135 1.135 1.133 1.135 1.134 1.135 1.13 2.005 1.134 1.133 2.001 1.133 0.968 0.926 0.925 1.509 1.129 1.597 1.13 1.131 1.986 1.13 1.129 1.993 1.014 1.127 1.122 1.126 1.988 1.125 0.999 1.123
-9999.0 -9999.0 -9999.0 -9999.0 -9999.0 -9999.0 -9999.0 -9999.0 -9999.0 0.564 0.564 0.58 0.657 0.658 0.79 1.502 1.471 1.536 1.515 1.129 0.918 0.858 0.707 0.642 0.57 0.571 0.575 0.582 0.568 0.698 0.696 0.574 0.575 0.573 0.571 0.572 0.712 0.605 0.738 0.795 2.003 1.134 1.133 1.133 1.134 1.133 2.004 0.808 1.434 2.003 2.003 1.133 1.13 1.132 1.997 1.132 1.132 1.131 1.131 1.131 1.13 1.13 1.996 1.128 1.128 1.128 0.737 1.989 1.126 1.125 1.125 0.922 1.123 1.982
-9999.0 -9999.0 -9999.0 -9999.0 -9999.0 -9999.0 -9999.0 -9999.0 1.46 0.564 0.564 0.563 0.697 0.789 0.79 0.672 1.991 1.992 1.993 1.994 0.902 0.903 0.924 0.848 0.57 0.577 0.57 0.574 0.571 0.575 0.572 0.572 0.737 0.74 0.571 0.567 0.633 0.604 0.606 0.737 0.794 0.794 1.133 1.133 2.002 1.133 1.133 1.133 2.002 0.721 1.132 2.001 1.999 1.129 1.6 0.945 1.989 1.998 1.995 1.994 1.127 1.129 0.81 1.128 1.99 1.121 1.126 1.986 1.125 1.983 1.124 1.984 0.923 1.98
-9999.0 -9999.0 -9999.0 -9999.0 -9999.0 -9999.0 -9999.0 -9999.0 1.46 0.708 0.564 0.564 0.717 0.71 1.495 0.789 1.488 1.484 1.127 1.127 1.991 1.128 0.716 0.671 0.571 0.718 0.709 0.71 1.431 1.429 1.428 0.57 0.567 0.567 0.57 0.568 0.577 0.738 0.737 0.944 1.004 0.794 1.128 0.847 1.132 1.132 1.999 1.475 1.827 1.487 1.482 1.735 1.823 1.997 0.969 0.74 1.13 1.13 1.992 1.991 1.128 1.989 1.123 1.127 1.126 1.126 1.125 1.984 1.984 1.124 0.911 1.122 1.384 1.121
-9999.0 -9999.0 -9999.0 -9999.0 -9999.0 -9999.0 -9999.0 -9999.0 1.572 1.497 0.802 0.586 0.563 0.567 0.57 0.585 0.863 0.839 1.126 1.123 1.991 1.992 0.949 0.791 0.578 0.571 0.704 0.701 0.701 1.429 1.441 1.42 1.419 0.566 0.568 0.567 0.563 0.563 0.563 0.563 1.408 1.999 1.999 1.131 1.495 1.478 1.999 1.414 1.026 1.476 1.583 1.402 1.05 1.13 1.414 0.968 0.708 1.125 1.991 1.993 1.992 1.991 1.111 1.986 0.686 1.125 1.983 1.121 1.123 1.123 1.122 1.976 1.978 0.925
-9999.0 -9999.0 -9999.0 -9999.0 -9999.0 -9999.0 -9999.0 -9999.0 -9999.0 1.461 1.981 0.563 0.563 0.563 0.574 0.606 0.9 1.0 0.9 1.125 1.988 1.989 1.99 1.991 1.127 0.707 0.562 0.704 0.7 1.43 0.717 1.428 1.42 1.468 0.564 0.718 0.566 0.566 0.562 0.711 0.569 1.408 0.702 1.415 1.436 0.711 1.462 1.411 0.86 1.402 0.814 1.996 1.995 0.849 1.993 1.464 1.128 1.992 1.991 1.989 1.099 1.99 1.126 1.125 1.987 0.912 1.118 1.123 1.123 1.982 1.121 1.979 1.465 0.927
-9999.0 -9999.0 -9999.0 -9999.0 -9999.0 -9999.0 -9999.0 -9999.0 -9999.0 -9999.0 0.917 1.46 0.705 0.563 0.563 0.74 0.852 0.89 1.124 1.589 1.125 1.988 1.989 1.989 1.126 0.77 0.725 1.433 1.429 1.427 0.71 0.71 0.71 0.792 0.709 0.71 0.7 0.562 0.566 0.562 0.562 0.7 1.409 1.995 1.41 1.995 0.728 0.722 0.833 1.404 1.994 1.401 1.02 1.993 1.402 1.413 1.475 1.584 1.583 1.126 1.989 1.988 1.125 1.124 1.124 1.123 1.981 1.98 1.978 1.977 1.979 1.978 1.451 1.975
-9999.0 -9999.0 -9999.0 -9999.0 -9999.0 -9999.0 -9999.0 -9999.0 -9999.0 -9999.0 -9999.0 0.957 1.458 0.705 0.706 1.454 0.713 0.744 1.495 1.124 0.924 1.986 1.522 1.123 0.811 0.763 0.709 0.921 1.99 1.991 1.991 1.443 1.424 0.701 0.818 0.72 0.7 1.416 0.565 0.565 1.412 0.7 0.567 1.994 1.408 1.992 1.425 0.853 1.993 1.993 1.41 0.885 0.844 0.834 1.401 0.874 1.482 1.483 1.429 1.988 1.398 1.986 1.986 1.124 1.123 1.983 1.122 1.122 1.121 1.12 1.12 0.785 1.459 1.43
-9999.0 -9999.0 -9999.0 -9999.0 -9999.0 -9999.0 -9999.0 -9999.0 -9999.0 -9999.0 -9999.0 1.466 1.009 1.459 0.728 1.455 1.458 1.981 1.967 1.123 1.123 1.984 0.812 1.49 1.454 1.443 1.987 1.439 1.437 1.434 1.434 1.986 1.99 1.99 0.79 1.741 1.425 0.719 0.702 0.708 0.703 0.561 1.422 1.416 1.417 1.411 1.411 1.413 1.473 0.83 0.87 1.009 1.405 0.852 1.405 1.407 1.416 0.881 1.987 1.982 1.985 1.985 1.406 1.983 1.977 1.981 1.98 1.979 1.978 1.977 1.976 1.115 1.569 0.722
-9999.0 -9999.0 -9999.0 -9999.0 -9999.0 -9999.0 -9999.0 -9999.0 -9999.0 -9999.0 -9999.0 -9999.0 1.467 1.976 1.464 0.705 0.727 1.979 1.98 1.122 1.122 1.465 1.446 1.873 1.456 1.442 1.44 1.986 1.442 1.436 0.851 0.833 1.432 1.434 1.43 1.426 1.421 1.008 1.453 1.422 0.564 0.565 0.567 0.565 0.563 1.411 1.41 1.414 1.462 0.837 0.848 1.413 1.408 0.851 0.706 0.792 1.415 1.438 1.985 1.405 1.984 1.12 1.982 1.982 1.981 1.039 1.979 1.978 1.707 1.845 0.785 0.782 1.114 0.883
