static/jobfarm/user_models/minyf/common/HOME-GBHM/输出文件/Output/Grids/Eact20020226.asc
ncols 221
nrows 204
xllcorner -627000.0
yllcorner 3955000.0
cellsize 900.0
NODATA_value -9999.0
[rows 66 to 98 of 204, columns 0 to 73 of 221]
-9999.0 -9999.0 -9999.0 -9999.0 -9999.0 -9999.0 -9999.0 -9999.0 -9999.0 -9999.0 -9999.0 -9999.0 0.58 1.114 0.417 0.591 0.591 1.113 1.088 0.323 0.59 0.4 0.393 0.563 0.333 0.549 0.547 0.547 0.543 0.516 0.303 0.322 0.512 0.511 0.511 0.298 0.516 1.108 0.268 0.506 0.345 0.537 0.229 0.228 0.225 0.225 0.208 0.495 0.502 0.295 0.3 0.299 0.49 1.104 0.278 0.586 0.611 0.501 0.49 0.489 0.493 0.494 0.314 1.101 0.488 0.489 0.274 0.274 1.1 1.099 1.099 0.327 0.18 0.289
-9999.0 -9999.0 -9999.0 -9999.0 -9999.0 -9999.0 -9999.0 -9999.0 -9999.0 -9999.0 -9999.0 -9999.0 0.583 0.58 1.114 0.591 1.113 1.113 0.573 0.347 1.112 0.59 0.59 0.58 0.333 0.554 0.551 0.549 0.328 0.544 0.542 0.322 0.514 0.514 0.513 0.588 0.268 0.509 0.354 0.321 0.588 0.504 0.538 0.324 0.535 0.534 0.497 0.496 0.495 0.296 0.301 0.493 0.57 0.493 0.491 0.586 0.577 0.573 0.496 0.491 0.495 0.493 0.507 0.493 0.492 0.505 1.1 0.263 1.1 1.099 1.099 0.503 1.097 0.198
-9999.0 -9999.0 -9999.0 -9999.0 -9999.0 -9999.0 -9999.0 -9999.0 -9999.0 -9999.0 -9999.0 -9999.0 0.586 0.583 1.114 1.113 1.114 0.576 0.574 0.58 1.113 1.112 0.339 0.59 0.558 0.555 0.348 0.552 0.349 0.548 0.544 0.517 0.518 0.516 0.513 0.512 0.519 0.529 1.108 0.588 0.321 0.237 0.504 0.539 0.339 0.536 0.535 0.498 0.499 0.496 0.495 0.516 0.493 0.493 0.492 0.586 0.513 1.103 0.344 0.497 0.53 0.496 0.333 0.492 0.494 0.505 1.1 0.274 0.856 1.099 1.099 1.099 0.487 0.482
-9999.0 -9999.0 -9999.0 -9999.0 -9999.0 -9999.0 -9999.0 -9999.0 -9999.0 -9999.0 -9999.0 -9999.0 0.589 0.585 0.582 0.583 1.114 0.578 1.03 0.583 1.113 0.578 1.112 1.112 0.561 0.559 0.344 0.356 0.553 0.33 0.524 0.523 0.52 0.518 0.517 0.515 0.516 0.511 0.511 0.513 0.529 0.578 0.506 0.549 0.328 0.328 0.536 0.535 0.534 0.326 0.532 0.531 0.53 0.494 0.509 0.502 0.501 0.585 0.288 0.98 0.585 0.576 0.515 0.493 0.495 0.486 0.274 1.1 1.1 0.927 0.267 0.267 0.355 0.369
-9999.0 -9999.0 -9999.0 -9999.0 -9999.0 -9999.0 -9999.0 -9999.0 -9999.0 -9999.0 -9999.0 -9999.0 -9999.0 0.587 0.584 0.583 1.111 0.579 0.587 0.599 0.584 0.595 0.59 0.323 0.564 0.335 0.56 0.58 0.554 0.332 0.526 0.309 0.522 0.521 0.519 0.517 0.518 0.516 0.514 0.513 0.931 0.508 0.572 0.268 0.541 0.54 0.538 0.538 0.536 0.535 0.534 0.532 0.532 0.498 0.504 0.503 0.502 0.502 1.103 1.102 1.102 1.102 1.102 0.488 0.302 0.335 0.584 0.559 0.295 0.295 1.099 1.099 0.583 0.583
-9999.0 -9999.0 -9999.0 -9999.0 -9999.0 -9999.0 -9999.0 -9999.0 -9999.0 -9999.0 -9999.0 -9999.0 -9999.0 -9999.0 -9999.0 0.586 1.114 0.583 0.581 0.983 0.6 0.598 0.378 0.38 0.567 0.566 0.343 0.322 0.557 0.555 0.528 0.526 0.525 0.523 0.521 0.519 0.519 0.518 0.52 0.562 0.517 0.515 0.237 1.081 0.552 0.542 0.504 0.539 0.556 0.556 0.326 0.321 0.534 0.497 0.505 0.505 0.325 0.236 1.056 0.502 0.508 0.576 1.102 1.101 1.101 1.101 1.1 1.1 0.267 0.267 1.099 1.099 0.491 0.496
-9999.0 -9999.0 -9999.0 -9999.0 -9999.0 -9999.0 -9999.0 -9999.0 -9999.0 -9999.0 -9999.0 -9999.0 -9999.0 -9999.0 -9999.0 0.59 1.114 0.586 0.574 0.573 0.582 0.578 0.598 0.362 0.392 1.112 0.59 0.377 0.58 1.111 0.54 0.536 0.326 0.528 0.526 0.524 0.52 0.518 0.31 1.108 0.515 0.512 1.107 0.236 0.237 0.517 0.515 0.552 0.54 0.539 1.104 0.536 0.321 0.499 0.519 0.517 0.534 0.229 0.585 0.516 0.316 1.067 0.321 0.306 0.292 1.101 0.497 1.1 1.098 1.099 1.099 1.099 0.485 0.485
-9999.0 -9999.0 -9999.0 -9999.0 -9999.0 -9999.0 -9999.0 -9999.0 -9999.0 -9999.0 -9999.0 -9999.0 -9999.0 -9999.0 -9999.0 -9999.0 1.115 0.589 0.577 0.575 0.585 0.582 0.579 0.363 0.59 1.112 0.591 1.111 0.59 1.111 0.533 1.11 0.537 0.29 0.327 0.526 0.522 0.521 0.519 0.518 0.237 0.237 0.316 0.515 0.23 0.51 0.561 0.554 0.331 0.54 0.322 0.552 0.524 0.5 0.301 0.515 0.499 1.103 0.519 1.103 0.496 0.496 1.102 1.101 1.101 0.49 1.1 0.502 0.267 1.099 1.099 1.099 0.486 0.487
-9999.0 -9999.0 -9999.0 -9999.0 -9999.0 -9999.0 -9999.0 -9999.0 -9999.0 -9999.0 -9999.0 -9999.0 -9999.0 -9999.0 -9999.0 0.592 0.592 0.598 -9999.0 0.578 0.576 0.327 0.582 0.345 0.59 1.112 1.112 0.57 0.59 0.322 1.111 0.56 0.541 1.11 0.53 0.589 0.524 0.523 0.522 0.52 0.303 0.3 0.535 1.105 0.512 0.577 0.512 0.511 0.301 0.506 0.505 0.504 0.502 0.586 0.236 0.501 0.501 0.5 0.499 0.498 0.498 0.497 0.496 0.495 0.294 0.491 0.493 0.568 0.267 0.267 0.267 1.099 0.298 1.098
-9999.0 -9999.0 -9999.0 -9999.0 -9999.0 -9999.0 -9999.0 -9999.0 -9999.0 -9999.0 -9999.0 -9999.0 -9999.0 -9999.0 -9999.0 -9999.0 -9999.0 -9999.0 -9999.0 0.33 0.578 0.589 0.586 0.582 0.59 0.59 0.38 1.112 0.347 1.111 0.322 0.576 0.536 1.11 0.532 1.109 0.527 0.525 0.523 0.522 0.237 1.108 1.108 1.107 0.577 0.237 1.106 0.513 0.509 0.508 0.507 0.506 0.303 0.52 1.104 0.56 1.104 1.103 0.236 0.499 0.5 0.318 0.497 0.496 0.493 0.493 0.51 0.512 1.1 0.267 1.099 1.099 0.573 0.488
-9999.0 -9999.0 -9999.0 -9999.0 -9999.0 -9999.0 -9999.0 -9999.0 -9999.0 -9999.0 -9999.0 -9999.0 -9999.0 -9999.0 -9999.0 -9999.0 -9999.0 -9999.0 0.585 0.329 0.594 0.348 0.346 0.585 0.59 0.347 0.401 1.112 0.59 1.111 0.322 1.074 0.322 0.269 1.11 0.533 0.529 0.527 0.526 0.524 0.522 0.52 0.521 1.102 0.237 0.562 1.106 0.279 0.51 0.585 0.53 0.507 0.301 0.505 0.505 0.323 0.504 0.502 0.5 0.569 0.498 0.497 0.32 0.498 0.495 0.494 0.509 0.514 1.1 0.584 1.099 1.099 0.49 0.49
-9999.0 -9999.0 -9999.0 -9999.0 -9999.0 -9999.0 -9999.0 -9999.0 -9999.0 -9999.0 -9999.0 -9999.0 -9999.0 -9999.0 -9999.0 -9999.0 -9999.0 -9999.0 -9999.0 0.585 0.598 0.35 0.349 1.113 0.27 0.347 0.323 0.579 0.59 1.068 1.11 0.269 0.305 1.11 0.537 0.535 0.531 0.529 0.528 0.526 0.524 0.522 0.523 0.529 0.279 1.073 0.513 1.106 0.32 0.583 0.236 0.509 0.3 0.306 0.507 0.506 0.325 0.504 0.503 1.103 0.297 0.296 0.498 0.497 0.496 0.294 0.515 0.503 1.1 0.267 0.259 1.099 0.49 0.489
-9999.0 -9999.0 -9999.0 -9999.0 -9999.0 -9999.0 -9999.0 -9999.0 -9999.0 -9999.0 -9999.0 -9999.0 -9999.0 -9999.0 -9999.0 -9999.0 -9999.0 -9999.0 0.595 0.608 0.288 0.323 0.591 0.591 0.27 0.347 0.323 0.323 1.112 0.347 1.111 1.111 0.269 0.54 0.589 0.557 0.336 0.533 0.531 0.529 0.527 0.332 0.523 0.521 0.519 0.518 0.328 0.236 0.321 0.237 0.278 0.518 0.226 1.105 0.508 0.302 0.505 0.305 0.504 1.103 0.318 0.502 0.501 0.535 0.499 0.499 0.498 0.497 0.507 0.267 0.583 0.504 0.497 0.492
-9999.0 -9999.0 -9999.0 -9999.0 -9999.0 -9999.0 -9999.0 -9999.0 -9999.0 -9999.0 -9999.0 -9999.0 -9999.0 -9999.0 -9999.0 -9999.0 -9999.0 -9999.0 0.598 1.115 1.114 1.114 1.114 0.597 1.113 0.612 0.379 0.323 0.604 0.58 0.59 0.574 0.588 0.29 0.379 0.589 0.237 0.535 0.534 0.532 0.53 0.527 0.525 0.523 0.521 0.52 0.528 0.517 0.518 1.106 0.32 0.268 0.576 1.105 0.509 0.508 0.509 0.505 0.301 0.301 1.103 0.504 0.503 0.529 0.501 0.499 0.499 0.498 0.505 1.1 0.506 0.267 0.496 0.493
-9999.0 -9999.0 -9999.0 -9999.0 -9999.0 -9999.0 -9999.0 -9999.0 -9999.0 -9999.0 -9999.0 -9999.0 -9999.0 -9999.0 -9999.0 -9999.0 -9999.0 1.116 0.595 0.594 0.598 1.114 0.306 0.204 0.197 0.204 1.113 0.323 1.112 1.112 1.112 1.111 1.111 0.322 0.322 0.346 0.676 0.337 0.336 0.534 0.532 0.558 0.527 0.308 0.307 0.306 0.52 0.519 0.526 0.236 0.289 1.105 0.226 0.278 0.511 0.51 1.104 0.507 0.508 0.505 0.526 0.316 0.503 0.503 0.5 0.569 0.499 0.499 0.506 0.502 1.1 0.267 0.5 1.099
-9999.0 -9999.0 -9999.0 -9999.0 -9999.0 -9999.0 -9999.0 -9999.0 -9999.0 -9999.0 -9999.0 -9999.0 -9999.0 -9999.0 -9999.0 -9999.0 -9999.0 -9999.0 1.115 -9999.0 0.593 0.61 0.274 0.205 0.204 0.214 1.113 0.591 1.112 1.112 0.323 1.111 0.322 1.111 1.111 0.322 0.589 0.341 0.347 0.535 0.563 0.313 0.529 0.309 0.308 0.307 0.306 0.521 0.528 0.505 0.247 1.105 1.105 0.327 0.51 0.509 0.244 0.509 0.508 0.507 0.507 0.585 0.505 0.505 0.547 0.502 0.5 0.296 0.5 0.504 1.1 1.099 0.267 0.325
-9999.0 -9999.0 -9999.0 -9999.0 -9999.0 -9999.0 -9999.0 -9999.0 -9999.0 -9999.0 -9999.0 -9999.0 -9999.0 -9999.0 -9999.0 -9999.0 -9999.0 -9999.0 -9999.0 -9999.0 -9999.0 0.613 0.266 0.268 0.387 0.269 0.387 0.387 1.113 1.112 1.112 0.59 1.111 0.322 0.269 1.11 1.11 0.542 0.539 0.327 0.563 0.535 0.531 0.309 0.309 0.526 0.524 0.307 0.237 0.587 0.23 0.577 0.514 0.315 0.353 0.586 0.32 0.511 0.509 0.509 0.508 0.506 0.236 0.569 0.503 0.51 0.503 0.502 0.501 0.505 0.504 1.099 0.302 1.099
-9999.0 -9999.0 -9999.0 -9999.0 -9999.0 -9999.0 -9999.0 -9999.0 -9999.0 -9999.0 -9999.0 -9999.0 -9999.0 -9999.0 -9999.0 -9999.0 -9999.0 -9999.0 -9999.0 -9999.0 -9999.0 -9999.0 -9999.0 0.268 0.205 0.387 0.204 0.204 0.227 1.112 1.112 1.112 1.111 1.111 0.589 1.11 0.594 0.269 0.565 0.574 0.313 0.316 0.311 0.531 0.529 0.528 0.308 0.524 0.533 0.521 0.529 1.106 1.105 0.526 0.529 1.104 0.586 0.3 0.304 0.304 0.554 0.509 0.288 0.236 0.506 0.505 0.504 0.503 0.502 0.501 0.506 1.1 0.583 0.502
-9999.0 -9999.0 -9999.0 -9999.0 -9999.0 -9999.0 -9999.0 -9999.0 -9999.0 -9999.0 -9999.0 -9999.0 -9999.0 -9999.0 -9999.0 -9999.0 -9999.0 -9999.0 -9999.0 -9999.0 -9999.0 -9999.0 -9999.0 -9999.0 0.254 0.252 0.251 0.237 0.337 0.353 0.204 1.112 0.581 0.585 1.111 0.578 0.373 0.322 0.322 1.109 1.109 0.269 0.346 0.237 0.534 0.533 0.53 0.529 0.525 0.523 0.524 1.106 0.3 0.518 0.518 0.534 1.104 0.586 1.104 0.585 0.585 0.585 0.585 0.376 0.319 0.229 0.509 0.507 0.506 0.501 0.513 1.1 0.302 0.526
-9999.0 -9999.0 -9999.0 -9999.0 -9999.0 -9999.0 -9999.0 -9999.0 -9999.0 -9999.0 -9999.0 -9999.0 -9999.0 -9999.0 -9999.0 -9999.0 -9999.0 -9999.0 -9999.0 -9999.0 -9999.0 -9999.0 -9999.0 -9999.0 0.239 0.239 0.237 0.237 0.204 0.197 0.27 0.197 0.197 0.374 0.588 0.582 1.047 1.11 1.11 0.589 1.109 1.109 0.564 0.237 0.346 0.535 0.533 0.531 0.312 0.535 0.236 0.307 0.521 0.519 0.52 1.105 0.289 0.524 0.515 0.342 0.585 1.103 0.319 1.102 0.585 0.301 0.304 0.51 0.51 0.505 0.503 1.041 0.267 1.099
-9999.0 -9999.0 -9999.0 -9999.0 -9999.0 -9999.0 -9999.0 -9999.0 -9999.0 -9999.0 -9999.0 -9999.0 -9999.0 -9999.0 -9999.0 -9999.0 -9999.0 -9999.0 -9999.0 -9999.0 -9999.0 -9999.0 -9999.0 -9999.0 -9999.0 0.24 0.238 0.19 0.179 0.25 0.238 0.237 0.183 0.582 0.183 0.584 0.828 1.07 1.11 0.304 1.109 1.109 1.109 1.108 0.312 0.579 0.555 0.532 0.528 0.527 0.525 0.311 0.307 0.521 1.105 0.289 0.519 0.518 0.306 1.103 1.004 0.288 0.531 0.511 1.102 1.102 0.305 0.311 0.304 0.506 0.504 0.304 0.573 1.099
-9999.0 -9999.0 -9999.0 -9999.0 -9999.0 -9999.0 -9999.0 -9999.0 -9999.0 -9999.0 -9999.0 -9999.0 -9999.0 -9999.0 -9999.0 -9999.0 -9999.0 -9999.0 -9999.0 -9999.0 -9999.0 -9999.0 -9999.0 -9999.0 -9999.0 0.24 0.239 0.19 0.237 0.237 0.238 0.238 0.271 0.248 0.347 0.587 1.111 1.11 0.322 0.343 0.564 1.109 1.109 1.109 0.588 0.585 0.444 0.316 0.53 0.529 0.527 0.526 0.524 1.105 0.523 0.522 0.521 0.519 0.236 0.517 0.536 0.527 0.533 0.229 0.513 1.102 0.229 1.101 1.101 1.101 1.1 0.302 1.1 0.583
-9999.0 -9999.0 -9999.0 -9999.0 -9999.0 -9999.0 -9999.0 -9999.0 -9999.0 -9999.0 -9999.0 -9999.0 -9999.0 -9999.0 -9999.0 -9999.0 -9999.0 -9999.0 -9999.0 -9999.0 -9999.0 -9999.0 -9999.0 -9999.0 -9999.0 -9999.0 0.24 0.239 -9999.0 -9999.0 0.239 0.263 0.238 0.236 0.236 0.244 0.214 1.111 0.322 0.564 0.574 1.109 0.592 0.602 1.108 0.588 0.588 0.321 0.533 0.531 0.313 0.527 0.547 0.534 0.525 0.523 0.311 0.236 0.519 0.518 0.521 0.523 0.524 1.102 0.533 1.102 0.288 0.508 0.507 0.507 0.518 0.509 0.523 0.304
-9999.0 -9999.0 -9999.0 -9999.0 -9999.0 -9999.0 -9999.0 -9999.0 -9999.0 -9999.0 -9999.0 -9999.0 -9999.0 -9999.0 -9999.0 -9999.0 -9999.0 -9999.0 -9999.0 -9999.0 -9999.0 -9999.0 -9999.0 -9999.0 -9999.0 -9999.0 -9999.0 -9999.0 -9999.0 -9999.0 0.261 0.25 0.25 0.244 0.336 0.249 0.197 0.269 0.183 0.565 1.11 1.109 1.109 0.286 1.043 1.108 0.444 0.444 0.315 0.532 0.31 0.309 0.527 0.526 0.526 0.525 0.524 1.104 0.31 0.52 0.526 0.521 0.236 0.535 0.526 1.102 0.516 0.51 0.509 0.509 0.545 0.531 0.375 0.305
-9999.0 -9999.0 -9999.0 -9999.0 -9999.0 -9999.0 -9999.0 -9999.0 -9999.0 -9999.0 -9999.0 -9999.0 -9999.0 -9999.0 -9999.0 -9999.0 -9999.0 -9999.0 -9999.0 -9999.0 -9999.0 -9999.0 -9999.0 -9999.0 -9999.0 -9999.0 -9999.0 -9999.0 -9999.0 0.24 0.24 0.241 0.367 0.244 0.247 0.238 0.234 0.587 0.585 1.11 0.58 0.577 1.109 1.109 1.109 1.069 0.588 1.233 0.577 0.317 0.533 0.531 0.315 0.528 0.526 0.308 0.236 0.524 0.521 0.519 0.519 0.359 1.103 0.515 0.515 0.514 0.513 0.515 0.512 0.51 0.515 0.344 0.584 0.583
-9999.0 -9999.0 -9999.0 -9999.0 -9999.0 -9999.0 -9999.0 -9999.0 -9999.0 -9999.0 -9999.0 -9999.0 -9999.0 -9999.0 -9999.0 -9999.0 -9999.0 -9999.0 -9999.0 -9999.0 -9999.0 -9999.0 -9999.0 -9999.0 -9999.0 -9999.0 -9999.0 -9999.0 0.242 0.241 0.241 0.241 0.243 0.256 0.263 0.547 0.235 0.234 0.587 0.584 0.582 0.579 1.109 1.109 1.059 0.279 0.588 0.444 0.565 0.57 0.336 0.533 0.531 0.529 0.527 0.527 0.586 0.523 0.522 0.521 0.52 1.103 0.309 0.306 0.516 0.513 0.514 0.515 0.516 0.516 1.101 1.1 1.1 0.584
-9999.0 -9999.0 -9999.0 -9999.0 -9999.0 -9999.0 -9999.0 -9999.0 -9999.0 -9999.0 -9999.0 -9999.0 -9999.0 -9999.0 -9999.0 -9999.0 -9999.0 -9999.0 -9999.0 -9999.0 -9999.0 -9999.0 -9999.0 -9999.0 -9999.0 -9999.0 -9999.0 -9999.0 0.242 0.241 0.204 0.387 0.305 0.614 0.27 0.246 0.235 0.235 0.234 0.587 0.585 0.583 0.564 0.564 0.564 1.109 0.378 1.108 0.321 0.588 0.338 0.577 0.532 0.531 0.529 0.313 1.105 0.525 0.523 0.306 0.247 1.103 0.519 0.518 0.52 0.515 0.515 0.516 0.559 1.101 1.101 0.525 1.1 1.1
-9999.0 -9999.0 -9999.0 -9999.0 -9999.0 -9999.0 -9999.0 -9999.0 -9999.0 -9999.0 -9999.0 -9999.0 -9999.0 -9999.0 -9999.0 -9999.0 -9999.0 -9999.0 -9999.0 -9999.0 -9999.0 -9999.0 -9999.0 -9999.0 -9999.0 -9999.0 -9999.0 0.36 0.243 0.242 0.204 0.591 0.323 0.305 0.259 0.247 0.236 0.249 0.234 0.589 0.331 0.585 1.11 1.09 0.991 1.109 0.322 1.108 0.396 0.588 0.346 0.565 0.561 0.533 0.531 0.531 0.586 0.527 0.525 0.524 1.104 0.522 0.52 0.526 0.518 0.516 0.517 0.584 0.521 0.52 0.527 0.518 1.1 1.1
-9999.0 -9999.0 -9999.0 -9999.0 -9999.0 -9999.0 -9999.0 -9999.0 -9999.0 -9999.0 -9999.0 -9999.0 -9999.0 -9999.0 -9999.0 -9999.0 -9999.0 -9999.0 -9999.0 -9999.0 -9999.0 -9999.0 -9999.0 -9999.0 -9999.0 -9999.0 -9999.0 -9999.0 0.243 0.242 0.263 0.197 0.183 0.179 0.27 0.522 0.25 0.249 0.235 0.332 0.589 0.159 1.11 1.109 0.341 1.109 0.594 1.108 0.341 0.34 0.346 0.587 0.336 0.534 0.533 0.531 0.53 0.528 0.527 0.308 0.586 0.526 0.522 0.311 0.31 0.518 0.538 0.537 0.523 0.529 0.528 0.52 1.1 1.1
-9999.0 -9999.0 -9999.0 -9999.0 -9999.0 -9999.0 -9999.0 -9999.0 -9999.0 -9999.0 -9999.0 -9999.0 -9999.0 -9999.0 -9999.0 -9999.0 -9999.0 -9999.0 -9999.0 -9999.0 -9999.0 -9999.0 -9999.0 -9999.0 -9999.0 -9999.0 -9999.0 -9999.0 0.244 0.243 0.263 0.263 0.262 0.247 0.608 0.305 0.351 0.25 0.259 0.333 0.591 0.589 1.11 0.304 0.343 0.258 1.109 0.322 0.578 0.571 0.377 0.587 0.338 0.536 0.336 0.533 0.531 0.53 0.314 0.527 0.236 0.525 0.523 0.522 0.53 0.585 0.569 0.519 0.524 0.523 0.522 0.542 0.541 1.1
-9999.0 -9999.0 -9999.0 -9999.0 -9999.0 -9999.0 -9999.0 -9999.0 -9999.0 -9999.0 -9999.0 -9999.0 -9999.0 -9999.0 -9999.0 -9999.0 -9999.0 -9999.0 -9999.0 -9999.0 -9999.0 -9999.0 -9999.0 -9999.0 -9999.0 -9999.0 -9999.0 -9999.0 0.244 0.388 0.387 0.387 0.387 0.242 0.248 0.27 0.323 0.323 0.575 0.62 0.617 0.322 1.11 0.592 0.304 0.269 0.269 0.269 0.588 1.108 0.321 0.587 0.587 0.57 0.538 0.338 0.533 0.531 0.529 0.289 0.342 0.218 0.227 0.318 0.522 0.288 0.288 0.519 0.524 0.524 0.316 0.521 0.556 0.539
-9999.0 -9999.0 -9999.0 -9999.0 -9999.0 -9999.0 -9999.0 -9999.0 -9999.0 -9999.0 -9999.0 -9999.0 -9999.0 -9999.0 -9999.0 -9999.0 -9999.0 -9999.0 -9999.0 -9999.0 -9999.0 -9999.0 -9999.0 -9999.0 -9999.0 -9999.0 -9999.0 0.245 0.244 0.244 0.251 0.243 0.241 0.214 0.256 0.566 0.305 0.323 1.112 0.565 1.111 0.613 1.11 1.11 1.109 1.109 0.133 0.346 1.233 0.362 1.107 0.321 0.57 0.587 0.317 0.536 0.539 0.538 0.531 0.239 0.219 0.332 0.227 0.218 0.307 0.236 0.216 0.227 0.526 0.526 0.529 0.524 0.53 1.1
-9999.0 -9999.0 -9999.0 -9999.0 -9999.0 -9999.0 -9999.0 -9999.0 -9999.0 -9999.0 -9999.0 -9999.0 -9999.0 -9999.0 -9999.0 -9999.0 -9999.0 -9999.0 -9999.0 -9999.0 -9999.0 -9999.0 -9999.0 -9999.0 -9999.0 -9999.0 -9999.0 0.252 0.265 0.298 0.252 0.248 0.241 0.214 1.113 0.624 1.112 0.323 0.628 0.269 0.322 1.111 0.304 1.11 1.11 0.304 1.109 0.322 1.233 1.108 1.108 1.107 1.065 0.303 0.289 0.318 0.316 0.349 0.533 0.217 0.219 0.238 0.218 0.326 0.169 0.236 0.228 0.529 0.237 0.527 0.534 0.525 0.267 0.521
