static/jobfarm/user_models/minyf/common/HOME-GBHM/输出文件/Output/Grids/Eact20020225.asc
ncols 221
nrows 204
xllcorner -627000.0
yllcorner 3955000.0
cellsize 900.0
NODATA_value -9999.0
[rows 66 to 98 of 204, columns 0 to 73 of 221]
-9999.0 -9999.0 -9999.0 -9999.0 -9999.0 -9999.0 -9999.0 -9999.0 -9999.0 -9999.0 -9999.0 -9999.0 0.991 1.332 0.705 0.704 0.703 1.322 1.32 0.503 0.698 0.696 0.696 0.911 0.449 0.873 0.868 1.301 0.858 0.848 0.425 0.445 0.834 0.831 0.819 0.418 0.823 1.281 0.376 0.804 0.451 0.835 0.311 0.31 0.306 0.305 0.29 0.778 0.784 0.4 0.646 0.449 0.763 1.251 0.389 0.662 0.767 0.78 0.792 0.761 0.994 1.234 0.456 1.233 0.733 0.721 0.651 0.65 1.223 1.221 1.219 0.423 0.423 0.379
-9999.0 -9999.0 -9999.0 -9999.0 -9999.0 -9999.0 -9999.0 -9999.0 -9999.0 -9999.0 -9999.0 -9999.0 1.334 1.334 1.332 0.705 1.327 1.325 1.322 0.521 1.318 0.698 0.697 0.915 0.448 0.881 0.875 0.87 0.438 0.859 0.854 0.448 0.839 0.826 0.823 0.884 0.378 0.832 0.679 0.622 1.249 0.8 0.834 0.429 0.828 0.825 0.786 0.782 0.779 0.401 0.668 0.778 0.986 1.221 0.775 0.655 0.642 0.661 1.056 0.751 0.828 0.775 1.236 0.885 0.747 1.23 1.228 0.651 1.224 1.222 1.219 1.11 1.216 0.268
-9999.0 -9999.0 -9999.0 -9999.0 -9999.0 -9999.0 -9999.0 -9999.0 -9999.0 -9999.0 -9999.0 -9999.0 1.339 1.336 1.334 1.332 1.329 1.326 0.943 0.928 1.32 1.318 0.463 0.697 0.89 0.884 0.455 0.875 0.463 0.866 0.859 0.849 0.836 0.831 0.835 0.832 0.83 1.284 1.282 1.28 0.673 0.588 0.801 0.835 0.429 0.828 0.825 0.786 0.785 0.779 0.777 1.003 0.77 0.77 0.786 0.663 1.246 1.246 0.66 1.24 0.658 0.761 0.43 0.759 0.881 1.136 1.229 0.651 1.164 1.223 1.221 1.219 0.701 0.692
-9999.0 -9999.0 -9999.0 -9999.0 -9999.0 -9999.0 -9999.0 -9999.0 -9999.0 -9999.0 -9999.0 -9999.0 1.341 1.339 1.336 1.333 1.332 1.327 1.327 1.325 1.322 0.929 1.318 1.315 0.896 0.89 0.458 0.473 0.876 0.441 0.851 0.847 0.841 0.836 0.831 0.827 0.824 0.829 0.847 0.824 0.821 0.931 0.805 0.849 0.439 0.438 0.832 0.829 0.823 0.433 0.815 0.812 0.81 0.771 0.776 0.902 0.788 0.662 0.661 1.244 0.659 0.658 0.657 0.751 1.17 0.735 0.653 1.228 1.226 1.224 0.649 0.648 0.62 0.645
-9999.0 -9999.0 -9999.0 -9999.0 -9999.0 -9999.0 -9999.0 -9999.0 -9999.0 -9999.0 -9999.0 -9999.0 -9999.0 1.341 1.339 1.336 1.334 1.332 1.329 0.938 0.929 1.322 0.7 0.485 0.902 0.455 0.892 0.908 0.88 0.493 0.857 0.456 0.846 0.842 0.836 0.832 0.827 0.828 0.824 0.818 0.824 0.82 1.059 0.355 0.839 0.836 0.835 0.831 0.828 0.826 0.821 0.815 0.812 0.775 0.797 1.253 0.786 1.248 1.247 1.245 1.242 1.241 1.239 0.749 0.656 0.655 0.654 0.653 0.651 0.391 1.224 1.222 1.22 1.218
-9999.0 -9999.0 -9999.0 -9999.0 -9999.0 -9999.0 -9999.0 -9999.0 -9999.0 -9999.0 -9999.0 -9999.0 -9999.0 -9999.0 -9999.0 1.339 1.336 1.333 1.331 1.329 1.072 0.951 0.553 0.553 0.908 0.903 0.462 0.474 0.886 0.892 0.863 0.858 0.852 0.847 0.842 0.837 0.836 0.828 0.825 0.422 0.818 0.833 0.352 1.255 1.275 0.839 0.799 0.833 1.267 1.266 0.435 0.427 0.818 0.786 0.8 0.862 0.428 0.654 1.246 1.244 1.245 0.659 1.241 1.239 1.237 1.235 1.233 1.231 0.652 0.651 1.225 1.223 0.711 0.721
-9999.0 -9999.0 -9999.0 -9999.0 -9999.0 -9999.0 -9999.0 -9999.0 -9999.0 -9999.0 -9999.0 -9999.0 -9999.0 -9999.0 -9999.0 1.341 1.339 1.336 0.961 0.954 0.938 0.932 1.32 0.51 0.7 1.317 0.698 0.557 1.31 1.308 1.303 1.304 0.622 0.88 1.234 0.871 0.84 0.832 0.418 1.287 0.823 0.849 1.281 0.344 0.667 0.833 0.82 0.862 0.837 0.838 1.257 0.825 0.493 0.79 1.256 1.255 0.665 0.664 0.663 1.248 0.472 1.244 0.462 0.407 0.398 1.236 1.234 1.232 1.23 1.228 1.226 1.224 0.715 0.707
-9999.0 -9999.0 -9999.0 -9999.0 -9999.0 -9999.0 -9999.0 -9999.0 -9999.0 -9999.0 -9999.0 -9999.0 -9999.0 -9999.0 -9999.0 -9999.0 1.341 1.338 0.966 0.961 0.944 0.938 0.932 0.495 0.7 1.319 1.315 1.315 0.694 1.31 0.875 1.306 1.304 0.509 0.559 1.102 0.845 0.837 0.832 0.828 0.404 0.354 0.439 1.28 0.423 0.81 1.274 0.865 0.674 0.837 0.45 1.237 0.94 0.785 0.59 1.257 0.782 1.253 1.25 1.248 0.772 0.761 1.243 1.241 1.239 0.751 1.236 1.234 0.654 1.23 1.227 1.226 0.717 0.712
-9999.0 -9999.0 -9999.0 -9999.0 -9999.0 -9999.0 -9999.0 -9999.0 -9999.0 -9999.0 -9999.0 -9999.0 -9999.0 -9999.0 -9999.0 0.714 0.712 1.341 -9999.0 0.968 0.962 0.481 0.938 0.476 0.701 0.928 1.319 1.317 0.698 0.519 1.31 0.537 1.306 1.303 0.886 0.991 0.85 0.842 0.837 0.833 0.447 0.427 1.284 1.282 0.833 0.861 1.276 0.837 0.43 0.802 0.799 0.797 0.792 1.062 0.401 0.79 1.256 1.254 1.252 1.251 0.784 0.773 0.768 0.759 0.41 0.75 1.237 1.235 0.654 0.653 0.652 1.227 0.407 1.223
-9999.0 -9999.0 -9999.0 -9999.0 -9999.0 -9999.0 -9999.0 -9999.0 -9999.0 -9999.0 -9999.0 -9999.0 -9999.0 -9999.0 -9999.0 -9999.0 -9999.0 -9999.0 -9999.0 0.49 0.968 0.952 0.945 0.938 0.704 1.324 0.578 1.319 0.552 1.314 0.547 0.572 1.307 1.305 0.936 1.301 0.855 0.85 0.843 0.838 0.355 1.288 1.286 1.284 0.965 0.352 1.278 1.197 0.809 0.806 0.803 0.8 0.418 1.264 1.262 0.926 1.258 1.256 0.408 0.783 0.776 0.427 0.773 0.763 0.75 0.754 1.238 1.236 1.234 0.654 1.23 1.228 1.226 0.721
-9999.0 -9999.0 -9999.0 -9999.0 -9999.0 -9999.0 -9999.0 -9999.0 -9999.0 -9999.0 -9999.0 -9999.0 -9999.0 -9999.0 -9999.0 -9999.0 -9999.0 -9999.0 0.986 0.488 0.963 0.481 0.479 0.945 0.705 0.554 0.702 1.321 0.7 1.316 0.554 1.312 0.54 0.519 1.305 0.891 0.867 0.86 0.849 0.843 0.838 0.835 1.288 1.196 0.429 1.061 1.279 0.546 0.821 0.674 1.271 0.803 0.462 0.81 0.807 0.588 0.799 0.792 0.775 0.867 0.77 0.774 0.463 0.775 0.765 0.761 1.24 1.238 1.236 0.655 1.232 1.23 0.728 0.724
-9999.0 -9999.0 -9999.0 -9999.0 -9999.0 -9999.0 -9999.0 -9999.0 -9999.0 -9999.0 -9999.0 -9999.0 -9999.0 -9999.0 -9999.0 -9999.0 -9999.0 -9999.0 -9999.0 0.985 0.969 0.535 0.492 1.333 0.489 0.558 0.548 1.323 0.701 1.318 1.316 0.532 0.539 1.309 1.307 1.305 0.872 0.863 0.861 0.848 0.843 0.838 0.914 1.193 0.543 1.283 0.828 1.279 0.666 0.49 0.412 0.806 0.41 0.461 1.265 0.808 0.589 0.793 0.793 1.255 0.413 0.417 0.767 0.762 0.758 0.409 1.241 1.239 1.237 0.364 0.407 1.231 0.731 0.727
-9999.0 -9999.0 -9999.0 -9999.0 -9999.0 -9999.0 -9999.0 -9999.0 -9999.0 -9999.0 -9999.0 -9999.0 -9999.0 -9999.0 -9999.0 -9999.0 -9999.0 -9999.0 1.012 0.984 0.522 0.546 0.71 0.707 0.493 0.562 0.551 0.559 1.323 0.577 1.318 1.311 0.531 0.907 0.695 1.307 0.692 1.302 1.235 1.298 1.225 0.6 0.838 0.833 0.829 0.825 0.446 0.415 0.488 0.413 0.487 1.272 0.414 1.07 0.81 0.607 0.799 0.477 0.796 1.256 0.417 0.794 0.791 0.53 0.772 0.767 0.763 0.757 0.751 0.656 0.655 0.736 0.728 0.738
-9999.0 -9999.0 -9999.0 -9999.0 -9999.0 -9999.0 -9999.0 -9999.0 -9999.0 -9999.0 -9999.0 -9999.0 -9999.0 -9999.0 -9999.0 -9999.0 -9999.0 -9999.0 1.021 1.348 1.345 1.343 1.34 1.337 1.335 1.332 0.606 0.56 1.325 1.322 0.701 1.318 1.09 0.554 0.598 0.694 0.476 1.304 1.302 1.3 1.297 0.852 0.843 0.838 0.833 0.829 1.282 0.822 0.876 1.278 0.487 0.42 0.958 1.27 0.812 0.808 1.264 0.797 0.602 0.661 1.256 0.794 1.252 0.663 0.776 0.772 0.781 0.765 0.759 1.238 1.236 0.655 0.726 0.758
-9999.0 -9999.0 -9999.0 -9999.0 -9999.0 -9999.0 -9999.0 -9999.0 -9999.0 -9999.0 -9999.0 -9999.0 -9999.0 -9999.0 -9999.0 -9999.0 -9999.0 1.029 1.01 1.004 1.347 1.345 0.522 0.369 0.37 0.373 1.332 0.561 1.327 1.325 1.322 1.32 1.318 0.555 0.554 0.572 1.203 0.632 0.692 1.301 0.87 1.042 0.848 0.439 0.424 0.42 0.829 0.826 1.282 0.517 0.475 1.276 0.411 0.468 0.815 0.828 1.266 0.807 0.802 0.798 1.258 0.356 0.786 1.251 0.766 0.755 0.773 0.773 1.121 0.766 1.238 0.656 0.742 1.232
-9999.0 -9999.0 -9999.0 -9999.0 -9999.0 -9999.0 -9999.0 -9999.0 -9999.0 -9999.0 -9999.0 -9999.0 -9999.0 -9999.0 -9999.0 -9999.0 -9999.0 -9999.0 1.355 -9999.0 1.018 1.0 0.468 0.367 0.374 0.384 1.333 1.332 1.329 1.327 0.552 1.322 0.556 1.314 1.315 0.507 1.099 0.645 0.693 1.261 1.062 0.463 0.853 0.442 0.447 0.423 0.42 0.829 1.284 0.591 0.42 1.277 1.275 0.508 0.829 0.825 0.396 0.813 0.805 0.801 0.798 0.796 0.792 0.798 0.738 0.784 0.774 0.444 0.764 0.76 1.239 1.237 0.656 0.655
-9999.0 -9999.0 -9999.0 -9999.0 -9999.0 -9999.0 -9999.0 -9999.0 -9999.0 -9999.0 -9999.0 -9999.0 -9999.0 -9999.0 -9999.0 -9999.0 -9999.0 -9999.0 -9999.0 -9999.0 -9999.0 1.012 0.467 0.467 0.464 0.466 0.465 0.464 1.331 1.329 1.327 0.699 1.322 0.556 0.533 1.314 1.312 0.9 0.893 0.685 1.058 1.301 0.858 0.438 0.433 0.842 0.837 0.42 0.412 0.976 0.453 0.963 0.839 0.486 0.517 0.674 0.427 1.267 0.813 0.82 0.807 0.788 0.356 0.772 0.776 0.784 0.778 0.773 0.763 0.761 0.767 1.239 0.656 1.235
-9999.0 -9999.0 -9999.0 -9999.0 -9999.0 -9999.0 -9999.0 -9999.0 -9999.0 -9999.0 -9999.0 -9999.0 -9999.0 -9999.0 -9999.0 -9999.0 -9999.0 -9999.0 -9999.0 -9999.0 -9999.0 -9999.0 -9999.0 0.468 0.378 0.386 0.373 0.405 0.394 1.331 1.329 1.326 1.324 1.321 0.7 1.316 1.314 0.531 0.552 1.082 0.483 0.691 0.441 0.859 0.852 0.848 0.425 0.837 1.287 0.832 1.283 1.281 1.279 1.277 1.275 1.272 0.674 0.673 0.631 0.671 0.531 0.805 0.412 0.317 0.801 0.789 0.775 0.768 0.77 0.763 0.763 1.241 0.657 0.75
-9999.0 -9999.0 -9999.0 -9999.0 -9999.0 -9999.0 -9999.0 -9999.0 -9999.0 -9999.0 -9999.0 -9999.0 -9999.0 -9999.0 -9999.0 -9999.0 -9999.0 -9999.0 -9999.0 -9999.0 -9999.0 -9999.0 -9999.0 -9999.0 0.36 0.356 0.354 0.362 0.523 0.517 0.374 1.328 0.547 0.946 1.306 1.318 0.574 0.554 0.553 1.309 1.307 0.518 0.568 0.459 1.298 1.295 1.085 0.87 0.839 0.835 1.194 1.282 0.517 0.822 0.844 1.274 1.272 0.674 1.267 0.672 0.671 0.67 0.669 0.494 0.485 0.42 0.787 0.78 0.776 0.772 1.244 0.748 0.394 1.238
-9999.0 -9999.0 -9999.0 -9999.0 -9999.0 -9999.0 -9999.0 -9999.0 -9999.0 -9999.0 -9999.0 -9999.0 -9999.0 -9999.0 -9999.0 -9999.0 -9999.0 -9999.0 -9999.0 -9999.0 -9999.0 -9999.0 -9999.0 -9999.0 0.358 0.366 0.355 0.354 0.374 0.37 0.375 0.366 0.365 0.379 1.097 0.948 1.318 1.316 1.312 0.696 1.309 1.306 1.451 0.474 0.567 1.297 1.295 1.293 0.475 1.289 0.428 0.438 0.83 0.828 1.26 1.261 0.417 1.272 1.232 0.498 0.672 1.264 0.431 1.26 0.667 0.421 0.44 0.78 0.777 0.784 0.775 0.752 0.395 0.743
-9999.0 -9999.0 -9999.0 -9999.0 -9999.0 -9999.0 -9999.0 -9999.0 -9999.0 -9999.0 -9999.0 -9999.0 -9999.0 -9999.0 -9999.0 -9999.0 -9999.0 -9999.0 -9999.0 -9999.0 -9999.0 -9999.0 -9999.0 -9999.0 -9999.0 0.387 0.356 0.372 0.365 0.352 0.379 0.375 0.361 0.56 0.361 0.96 1.32 1.318 1.315 0.529 1.31 1.308 1.306 1.283 0.504 0.689 0.688 1.229 0.849 0.844 0.839 0.478 0.454 0.828 1.28 0.469 0.859 0.844 0.596 1.269 1.267 0.414 1.263 0.829 1.259 1.257 0.666 0.665 0.454 0.78 0.764 0.399 0.397 1.242
-9999.0 -9999.0 -9999.0 -9999.0 -9999.0 -9999.0 -9999.0 -9999.0 -9999.0 -9999.0 -9999.0 -9999.0 -9999.0 -9999.0 -9999.0 -9999.0 -9999.0 -9999.0 -9999.0 -9999.0 -9999.0 -9999.0 -9999.0 -9999.0 -9999.0 0.385 0.357 0.367 0.355 0.355 0.377 0.364 0.375 0.368 0.38 0.963 1.322 1.32 0.549 0.554 1.076 1.31 1.308 1.306 0.692 1.337 0.52 0.481 0.857 0.851 0.848 0.847 0.835 1.283 0.848 0.854 0.837 0.911 0.356 1.271 1.269 1.267 1.265 0.362 1.261 1.259 0.667 1.255 1.253 1.251 1.249 0.654 1.242 0.66
-9999.0 -9999.0 -9999.0 -9999.0 -9999.0 -9999.0 -9999.0 -9999.0 -9999.0 -9999.0 -9999.0 -9999.0 -9999.0 -9999.0 -9999.0 -9999.0 -9999.0 -9999.0 -9999.0 -9999.0 -9999.0 -9999.0 -9999.0 -9999.0 -9999.0 -9999.0 0.367 0.365 -9999.0 -9999.0 0.38 0.376 0.363 0.379 0.4 0.461 0.378 1.321 0.556 1.077 1.089 1.312 1.31 1.307 1.305 0.691 0.69 0.547 0.874 0.874 0.497 0.847 1.287 1.285 0.842 0.841 0.587 0.362 1.275 0.897 1.271 1.269 1.267 1.265 1.263 1.261 0.476 0.794 0.79 0.775 0.769 0.765 1.247 0.661
-9999.0 -9999.0 -9999.0 -9999.0 -9999.0 -9999.0 -9999.0 -9999.0 -9999.0 -9999.0 -9999.0 -9999.0 -9999.0 -9999.0 -9999.0 -9999.0 -9999.0 -9999.0 -9999.0 -9999.0 -9999.0 -9999.0 -9999.0 -9999.0 -9999.0 -9999.0 -9999.0 -9999.0 -9999.0 -9999.0 0.376 0.366 0.366 0.358 0.632 0.374 0.365 0.536 0.36 1.084 1.316 1.314 1.312 0.695 1.307 1.305 0.521 0.52 0.461 0.995 0.686 0.471 0.849 0.844 0.844 0.857 0.853 1.279 0.418 0.893 1.272 1.27 0.355 1.266 1.264 1.262 0.796 0.799 0.795 0.791 0.665 0.664 0.663 0.662
-9999.0 -9999.0 -9999.0 -9999.0 -9999.0 -9999.0 -9999.0 -9999.0 -9999.0 -9999.0 -9999.0 -9999.0 -9999.0 -9999.0 -9999.0 -9999.0 -9999.0 -9999.0 -9999.0 -9999.0 -9999.0 -9999.0 -9999.0 -9999.0 -9999.0 -9999.0 -9999.0 -9999.0 -9999.0 0.357 0.356 0.357 0.368 0.457 0.371 0.35 0.346 0.954 0.948 1.321 0.93 0.923 1.314 1.311 1.309 1.307 0.692 1.449 0.69 0.464 0.865 0.883 0.459 0.851 0.844 0.46 0.41 0.837 0.826 0.822 0.832 0.65 1.27 0.817 0.813 0.801 1.262 0.972 0.803 0.797 0.793 0.665 0.664 0.663
-9999.0 -9999.0 -9999.0 -9999.0 -9999.0 -9999.0 -9999.0 -9999.0 -9999.0 -9999.0 -9999.0 -9999.0 -9999.0 -9999.0 -9999.0 -9999.0 -9999.0 -9999.0 -9999.0 -9999.0 -9999.0 -9999.0 -9999.0 -9999.0 -9999.0 -9999.0 -9999.0 -9999.0 0.359 0.358 0.357 0.357 0.416 0.384 0.533 0.638 0.347 0.346 0.953 0.935 0.929 0.923 1.315 1.313 1.311 0.687 0.693 0.522 1.298 0.689 0.567 0.867 0.862 0.855 0.847 1.07 0.95 0.831 0.828 0.826 0.837 1.274 0.473 0.603 0.819 0.812 0.81 0.806 1.208 0.786 1.256 1.254 1.252 0.664
-9999.0 -9999.0 -9999.0 -9999.0 -9999.0 -9999.0 -9999.0 -9999.0 -9999.0 -9999.0 -9999.0 -9999.0 -9999.0 -9999.0 -9999.0 -9999.0 -9999.0 -9999.0 -9999.0 -9999.0 -9999.0 -9999.0 -9999.0 -9999.0 -9999.0 -9999.0 -9999.0 -9999.0 0.359 0.358 0.335 0.468 0.537 1.006 0.521 0.447 0.348 0.347 0.346 0.952 0.947 0.944 1.083 1.313 1.313 1.31 0.596 1.306 0.692 0.69 0.689 0.685 0.856 0.852 0.854 0.465 1.286 0.842 0.831 0.458 0.379 1.276 1.273 0.826 0.821 0.816 0.814 0.81 1.251 1.26 1.258 1.256 1.254 1.252
-9999.0 -9999.0 -9999.0 -9999.0 -9999.0 -9999.0 -9999.0 -9999.0 -9999.0 -9999.0 -9999.0 -9999.0 -9999.0 -9999.0 -9999.0 -9999.0 -9999.0 -9999.0 -9999.0 -9999.0 -9999.0 -9999.0 -9999.0 -9999.0 -9999.0 -9999.0 -9999.0 0.39 0.361 0.378 0.335 0.714 0.542 0.58 0.518 0.419 0.349 0.349 0.347 0.957 0.473 0.946 1.319 1.317 1.315 1.312 0.546 1.306 0.693 0.691 0.568 0.689 0.876 0.864 0.851 0.856 0.956 0.846 0.84 0.84 1.279 0.836 0.831 0.828 0.821 0.821 0.818 1.265 0.807 0.807 1.26 0.805 1.256 1.254
-9999.0 -9999.0 -9999.0 -9999.0 -9999.0 -9999.0 -9999.0 -9999.0 -9999.0 -9999.0 -9999.0 -9999.0 -9999.0 -9999.0 -9999.0 -9999.0 -9999.0 -9999.0 -9999.0 -9999.0 -9999.0 -9999.0 -9999.0 -9999.0 -9999.0 -9999.0 -9999.0 -9999.0 0.362 0.471 0.47 0.324 0.366 0.361 0.561 0.593 0.351 0.35 0.348 0.477 0.956 0.235 1.321 1.319 0.512 1.314 1.312 1.309 0.571 0.691 0.691 0.683 0.528 0.86 0.861 0.858 0.854 0.86 0.846 0.46 0.944 0.836 0.836 0.439 0.595 0.827 1.269 1.267 0.832 0.81 0.806 0.815 1.258 1.256
-9999.0 -9999.0 -9999.0 -9999.0 -9999.0 -9999.0 -9999.0 -9999.0 -9999.0 -9999.0 -9999.0 -9999.0 -9999.0 -9999.0 -9999.0 -9999.0 -9999.0 -9999.0 -9999.0 -9999.0 -9999.0 -9999.0 -9999.0 -9999.0 -9999.0 -9999.0 -9999.0 -9999.0 0.472 0.472 0.471 0.455 0.406 0.468 1.013 0.579 0.486 0.351 0.532 0.479 0.961 0.956 1.323 0.543 0.622 0.505 1.314 0.553 0.572 0.968 0.692 0.691 0.592 0.872 0.467 0.867 0.87 0.863 0.453 0.846 0.402 0.842 0.838 0.829 1.275 1.273 1.267 0.835 0.814 0.83 0.81 1.261 1.259 1.258
-9999.0 -9999.0 -9999.0 -9999.0 -9999.0 -9999.0 -9999.0 -9999.0 -9999.0 -9999.0 -9999.0 -9999.0 -9999.0 -9999.0 -9999.0 -9999.0 -9999.0 -9999.0 -9999.0 -9999.0 -9999.0 -9999.0 -9999.0 -9999.0 -9999.0 -9999.0 -9999.0 -9999.0 0.473 0.471 0.472 0.471 0.47 0.469 0.466 0.532 0.565 0.564 1.107 1.333 1.33 0.546 1.307 1.323 0.543 0.533 0.532 0.522 0.694 1.308 0.551 0.691 0.691 0.602 0.863 0.477 0.879 0.86 0.847 0.475 0.326 0.395 0.315 0.661 0.834 0.676 0.657 1.271 0.817 0.818 0.671 0.798 1.261 1.259
-9999.0 -9999.0 -9999.0 -9999.0 -9999.0 -9999.0 -9999.0 -9999.0 -9999.0 -9999.0 -9999.0 -9999.0 -9999.0 -9999.0 -9999.0 -9999.0 -9999.0 -9999.0 -9999.0 -9999.0 -9999.0 -9999.0 -9999.0 -9999.0 -9999.0 -9999.0 -9999.0 0.365 0.425 0.473 0.472 0.471 0.381 0.417 0.385 1.106 0.542 0.559 1.337 1.097 1.332 1.223 1.327 0.954 1.322 1.32 0.244 0.574 1.461 0.572 1.308 0.55 0.602 0.69 0.451 0.862 0.859 0.853 0.853 0.327 0.332 0.628 0.315 0.315 0.434 0.677 0.323 0.442 0.823 0.828 0.814 0.814 1.263 1.261
-9999.0 -9999.0 -9999.0 -9999.0 -9999.0 -9999.0 -9999.0 -9999.0 -9999.0 -9999.0 -9999.0 -9999.0 -9999.0 -9999.0 -9999.0 -9999.0 -9999.0 -9999.0 -9999.0 -9999.0 -9999.0 -9999.0 -9999.0 -9999.0 -9999.0 -9999.0 -9999.0 0.373 0.369 0.474 0.473 0.472 0.374 0.418 1.348 1.29 1.344 0.559 1.339 0.46 0.563 0.961 0.497 0.959 1.046 0.543 1.319 0.543 1.463 1.312 1.309 1.308 1.29 0.417 0.42 0.452 0.44 0.501 0.889 0.315 0.448 0.328 0.318 0.68 0.444 0.678 0.313 0.83 0.442 0.829 0.817 0.816 0.614 0.798
