static/jobfarm/user_models/minyf/common/HOME-GBHM/输出文件/Output/Grids/Eact20020223.asc
ncols 221
nrows 204
xllcorner -627000.0
yllcorner 3955000.0
cellsize 900.0
NODATA_value -9999.0
[rows 66 to 98 of 204, columns 0 to 73 of 221]
-9999.0 -9999.0 -9999.0 -9999.0 -9999.0 -9999.0 -9999.0 -9999.0 -9999.0 -9999.0 -9999.0 -9999.0 1.472 1.975 0.837 1.119 0.928 1.978 1.462 0.802 1.121 0.856 0.854 1.452 0.699 1.441 1.439 1.45 1.436 1.436 0.702 0.92 1.432 1.43 1.425 0.703 1.426 1.988 0.833 1.419 0.716 1.422 0.566 0.565 0.564 0.564 0.56 1.407 1.417 0.698 0.703 0.701 1.401 1.986 0.85 1.124 1.409 1.421 1.405 1.402 1.417 1.432 0.749 1.98 1.393 1.399 1.038 1.037 1.976 1.975 1.974 0.782 0.781 0.702
-9999.0 -9999.0 -9999.0 -9999.0 -9999.0 -9999.0 -9999.0 -9999.0 -9999.0 -9999.0 -9999.0 -9999.0 1.479 1.497 1.973 1.118 1.975 1.976 1.471 0.853 1.978 0.715 0.718 1.453 0.698 1.443 1.441 1.439 0.698 1.436 1.434 0.919 1.433 1.428 1.427 1.765 0.832 1.429 1.106 0.92 1.757 1.417 1.421 0.706 1.418 1.417 1.41 1.409 1.407 0.698 0.703 1.404 1.462 1.407 1.401 0.752 0.775 0.815 1.408 1.4 1.406 1.404 1.45 1.414 1.402 1.422 1.976 1.037 1.974 1.973 1.838 1.462 1.97 0.561
-9999.0 -9999.0 -9999.0 -9999.0 -9999.0 -9999.0 -9999.0 -9999.0 -9999.0 -9999.0 -9999.0 -9999.0 1.48 1.491 1.551 1.971 1.972 1.476 1.466 1.464 1.977 1.977 0.697 0.734 1.446 1.444 0.699 1.441 0.701 1.438 1.436 1.437 1.432 1.43 1.432 1.43 1.43 1.454 1.985 1.76 1.069 0.815 1.417 1.422 0.706 1.418 1.417 1.41 1.41 1.407 1.406 1.42 1.404 1.403 1.402 0.936 1.433 1.981 1.12 1.416 0.802 1.411 0.751 1.403 1.407 1.402 1.975 1.036 1.83 1.972 1.971 1.97 1.392 1.385
-9999.0 -9999.0 -9999.0 -9999.0 -9999.0 -9999.0 -9999.0 -9999.0 -9999.0 -9999.0 -9999.0 -9999.0 1.479 1.497 1.484 1.482 1.972 1.478 1.472 1.459 1.469 1.462 1.976 1.977 1.448 1.446 0.698 0.704 1.442 0.697 1.437 1.436 1.433 1.432 1.43 1.429 1.427 1.429 1.431 1.429 1.426 1.742 1.419 1.427 0.707 0.707 1.42 1.419 1.416 0.708 1.413 1.412 1.411 1.404 1.41 1.415 1.411 0.993 1.118 1.476 1.014 0.874 0.817 1.398 1.403 1.401 1.036 1.973 1.972 1.971 1.034 1.034 0.791 0.79
-9999.0 -9999.0 -9999.0 -9999.0 -9999.0 -9999.0 -9999.0 -9999.0 -9999.0 -9999.0 -9999.0 -9999.0 -9999.0 1.488 1.479 1.504 1.97 1.496 1.477 1.467 1.461 1.514 1.118 0.916 1.45 0.697 1.447 1.512 1.443 0.698 1.439 0.697 1.435 1.434 1.432 1.43 1.429 1.43 1.428 1.425 1.428 1.425 1.742 0.876 1.423 1.422 1.421 1.419 1.418 1.418 1.415 1.413 1.412 1.407 1.416 1.42 1.41 1.422 1.978 1.977 1.976 1.975 1.975 1.401 0.857 0.978 1.117 1.11 0.855 0.698 1.969 1.968 1.825 1.824
-9999.0 -9999.0 -9999.0 -9999.0 -9999.0 -9999.0 -9999.0 -9999.0 -9999.0 -9999.0 -9999.0 -9999.0 -9999.0 -9999.0 -9999.0 1.508 1.967 1.512 1.536 1.471 1.471 1.466 1.007 1.008 1.452 1.45 0.697 0.916 1.445 1.444 1.44 1.439 1.437 1.435 1.434 1.432 1.433 1.43 1.428 0.698 1.425 1.431 0.88 1.945 1.516 1.423 1.416 1.42 1.98 1.98 0.705 0.705 1.414 1.408 1.415 1.415 0.761 1.117 1.972 1.42 1.426 1.044 1.969 1.973 1.973 1.972 1.971 1.97 1.034 1.034 1.883 1.967 1.393 1.403
-9999.0 -9999.0 -9999.0 -9999.0 -9999.0 -9999.0 -9999.0 -9999.0 -9999.0 -9999.0 -9999.0 -9999.0 -9999.0 -9999.0 -9999.0 1.481 1.962 1.482 1.47 1.468 1.462 1.46 1.471 0.698 0.732 1.973 0.888 1.018 1.515 1.975 1.458 1.458 0.744 1.444 1.442 1.441 1.432 1.431 0.696 1.978 1.427 1.444 1.979 0.801 1.047 1.425 1.425 1.434 1.423 1.424 1.968 1.416 0.716 1.411 1.432 1.433 0.817 1.116 1.118 1.438 0.729 1.445 0.737 0.707 0.709 1.971 1.465 1.969 1.968 1.967 1.966 1.965 1.393 1.39
-9999.0 -9999.0 -9999.0 -9999.0 -9999.0 -9999.0 -9999.0 -9999.0 -9999.0 -9999.0 -9999.0 -9999.0 -9999.0 -9999.0 -9999.0 -9999.0 1.963 1.486 1.469 1.47 1.464 1.462 1.46 0.703 1.116 1.972 1.61 1.973 1.045 1.974 1.444 1.5 1.459 0.798 0.776 1.441 1.434 1.432 1.431 1.429 0.812 0.876 0.912 1.497 0.829 1.421 1.717 1.431 0.771 1.423 0.704 1.694 1.731 1.411 0.74 1.428 1.408 1.974 1.432 1.484 1.404 1.402 1.971 1.971 1.97 1.397 1.969 1.478 0.993 1.966 1.965 1.964 1.392 1.391
-9999.0 -9999.0 -9999.0 -9999.0 -9999.0 -9999.0 -9999.0 -9999.0 -9999.0 -9999.0 -9999.0 -9999.0 -9999.0 -9999.0 -9999.0 0.822 0.819 1.475 -9999.0 1.469 1.47 0.7 1.462 0.696 1.114 1.461 1.971 1.458 1.117 0.94 1.973 0.768 1.462 1.974 1.444 1.485 1.436 1.434 1.432 1.431 0.703 0.709 1.976 1.976 1.429 1.664 1.451 1.438 0.71 1.416 1.415 1.414 1.413 1.962 0.833 1.415 1.423 1.422 1.42 1.422 1.407 1.404 1.402 1.4 0.715 1.398 1.43 1.735 0.992 0.992 0.992 1.963 0.703 1.962
-9999.0 -9999.0 -9999.0 -9999.0 -9999.0 -9999.0 -9999.0 -9999.0 -9999.0 -9999.0 -9999.0 -9999.0 -9999.0 -9999.0 -9999.0 -9999.0 -9999.0 -9999.0 -9999.0 0.7 1.468 1.465 1.464 1.462 1.115 1.497 0.955 1.969 0.907 1.971 0.914 0.762 1.45 1.972 1.443 1.465 1.437 1.436 1.434 1.433 0.875 1.974 1.974 1.974 1.753 0.818 1.974 1.433 1.419 1.418 1.416 1.416 0.708 1.566 1.971 1.642 1.972 1.971 0.832 1.412 1.407 0.721 1.403 1.402 1.398 1.399 1.696 1.491 1.965 0.945 1.963 1.962 1.817 1.395
-9999.0 -9999.0 -9999.0 -9999.0 -9999.0 -9999.0 -9999.0 -9999.0 -9999.0 -9999.0 -9999.0 -9999.0 -9999.0 -9999.0 -9999.0 -9999.0 -9999.0 -9999.0 1.466 0.699 1.463 0.693 0.694 1.464 1.114 0.909 0.737 1.545 1.115 1.969 0.913 1.468 0.867 0.819 1.526 1.445 1.439 1.438 1.436 1.434 1.433 1.432 1.475 1.549 0.817 1.653 1.973 0.785 1.426 0.75 1.573 1.418 0.735 1.417 1.423 0.909 1.419 1.418 1.406 1.652 1.405 1.405 0.729 1.403 1.401 1.4 1.695 1.483 1.963 0.907 1.962 1.959 1.395 1.395
-9999.0 -9999.0 -9999.0 -9999.0 -9999.0 -9999.0 -9999.0 -9999.0 -9999.0 -9999.0 -9999.0 -9999.0 -9999.0 -9999.0 -9999.0 -9999.0 -9999.0 -9999.0 -9999.0 1.465 1.462 0.693 0.693 1.963 0.846 0.909 0.927 1.463 1.114 1.475 1.472 0.818 0.884 1.969 1.45 1.447 1.441 1.439 1.438 1.436 1.434 1.433 1.438 1.443 0.889 1.971 1.428 1.971 0.786 0.895 0.88 1.419 0.694 0.73 1.43 1.422 0.777 1.418 1.421 1.968 0.701 0.703 1.403 1.402 1.401 0.705 1.694 1.428 1.963 0.824 0.709 1.463 1.396 1.394
-9999.0 -9999.0 -9999.0 -9999.0 -9999.0 -9999.0 -9999.0 -9999.0 -9999.0 -9999.0 -9999.0 -9999.0 -9999.0 -9999.0 -9999.0 -9999.0 -9999.0 -9999.0 1.465 1.461 0.907 0.936 0.845 0.805 0.854 0.849 0.865 0.901 1.503 0.905 1.505 1.962 0.817 1.449 1.115 1.479 0.741 1.442 1.442 1.44 1.438 0.698 1.432 1.431 1.429 1.428 0.711 0.887 0.886 0.816 0.839 1.495 0.813 1.969 1.421 0.752 1.416 0.746 1.414 1.967 0.93 1.423 1.414 0.926 1.412 1.414 1.411 1.407 1.394 0.944 0.712 1.39 1.388 1.393
-9999.0 -9999.0 -9999.0 -9999.0 -9999.0 -9999.0 -9999.0 -9999.0 -9999.0 -9999.0 -9999.0 -9999.0 -9999.0 -9999.0 -9999.0 -9999.0 -9999.0 -9999.0 1.465 1.958 1.959 1.96 1.96 1.465 1.962 1.478 0.956 0.911 1.499 1.464 1.113 1.461 1.768 0.954 1.025 1.114 0.808 1.443 1.441 1.441 1.439 1.436 1.434 1.432 1.431 1.429 1.44 1.426 1.439 1.968 0.885 0.824 1.657 1.968 1.422 1.418 1.444 1.414 0.757 0.856 1.965 1.421 1.43 0.865 1.419 1.413 1.414 1.409 1.394 1.96 1.456 0.887 1.389 1.405
-9999.0 -9999.0 -9999.0 -9999.0 -9999.0 -9999.0 -9999.0 -9999.0 -9999.0 -9999.0 -9999.0 -9999.0 -9999.0 -9999.0 -9999.0 -9999.0 -9999.0 1.464 1.462 1.463 1.476 1.509 0.906 0.688 0.679 0.689 1.961 0.91 1.478 1.963 1.963 1.964 1.964 0.901 0.912 0.845 1.966 0.702 0.709 1.442 1.44 1.757 1.435 0.693 0.693 0.692 1.429 1.427 1.492 0.902 0.883 1.967 0.812 0.845 1.422 1.422 1.966 1.417 1.418 1.415 1.574 0.953 1.42 1.435 1.404 1.647 1.407 1.408 1.396 1.415 1.958 1.028 1.409 1.956
-9999.0 -9999.0 -9999.0 -9999.0 -9999.0 -9999.0 -9999.0 -9999.0 -9999.0 -9999.0 -9999.0 -9999.0 -9999.0 -9999.0 -9999.0 -9999.0 -9999.0 -9999.0 1.491 -9999.0 1.465 1.462 0.566 0.685 0.688 0.655 1.96 1.465 1.961 1.962 0.9 1.963 0.9 1.963 1.964 1.039 1.785 0.712 0.719 1.446 1.77 0.699 1.437 0.692 0.692 0.692 0.692 1.429 1.508 0.916 0.851 1.966 1.965 0.926 1.438 1.44 0.846 1.421 1.418 1.416 1.424 1.666 1.414 1.419 1.63 1.41 1.408 0.69 1.408 1.408 1.957 1.957 1.027 0.87
-9999.0 -9999.0 -9999.0 -9999.0 -9999.0 -9999.0 -9999.0 -9999.0 -9999.0 -9999.0 -9999.0 -9999.0 -9999.0 -9999.0 -9999.0 -9999.0 -9999.0 -9999.0 -9999.0 -9999.0 -9999.0 1.461 0.575 0.568 0.644 0.566 0.779 0.779 1.483 1.481 1.961 1.095 1.962 0.9 0.805 1.96 1.963 1.448 1.449 0.726 1.772 1.443 1.439 0.692 0.692 1.434 1.432 0.692 0.897 1.668 0.906 1.654 1.439 0.889 0.933 1.112 0.89 1.426 1.422 1.42 1.426 1.412 0.865 1.646 1.408 1.419 1.409 1.409 1.405 1.416 1.419 1.956 0.915 1.954
-9999.0 -9999.0 -9999.0 -9999.0 -9999.0 -9999.0 -9999.0 -9999.0 -9999.0 -9999.0 -9999.0 -9999.0 -9999.0 -9999.0 -9999.0 -9999.0 -9999.0 -9999.0 -9999.0 -9999.0 -9999.0 -9999.0 -9999.0 0.567 0.598 0.596 0.602 0.6 0.675 1.522 1.959 1.96 1.96 1.961 1.111 1.961 1.462 0.805 0.998 1.761 0.692 0.697 0.691 1.439 1.437 1.435 0.691 1.432 1.525 1.43 1.493 1.963 1.963 1.963 1.533 1.962 1.112 1.111 0.849 0.837 1.057 1.425 0.88 0.828 1.415 1.416 1.406 1.405 1.403 1.401 1.412 1.954 0.918 1.399
-9999.0 -9999.0 -9999.0 -9999.0 -9999.0 -9999.0 -9999.0 -9999.0 -9999.0 -9999.0 -9999.0 -9999.0 -9999.0 -9999.0 -9999.0 -9999.0 -9999.0 -9999.0 -9999.0 -9999.0 -9999.0 -9999.0 -9999.0 -9999.0 0.554 0.554 0.554 0.552 0.687 0.696 0.678 1.958 0.896 1.462 1.96 1.457 0.95 0.899 0.899 1.961 1.961 0.815 1.092 0.807 1.443 1.442 1.443 1.454 1.433 1.431 1.457 1.962 0.74 1.425 1.443 1.961 1.961 1.111 1.959 1.111 1.11 1.11 1.11 0.964 0.883 0.858 1.41 1.411 1.405 1.407 1.426 1.397 0.684 1.435
-9999.0 -9999.0 -9999.0 -9999.0 -9999.0 -9999.0 -9999.0 -9999.0 -9999.0 -9999.0 -9999.0 -9999.0 -9999.0 -9999.0 -9999.0 -9999.0 -9999.0 -9999.0 -9999.0 -9999.0 -9999.0 -9999.0 -9999.0 -9999.0 0.552 0.552 0.552 0.552 0.638 0.666 0.577 0.666 0.666 0.567 1.781 1.459 1.959 1.959 1.96 1.11 1.96 1.96 1.652 0.806 1.102 1.447 1.445 1.439 0.707 1.523 0.835 0.703 1.429 1.427 1.443 1.956 0.951 1.96 1.448 1.1 1.11 1.958 0.888 1.958 1.109 0.691 0.691 1.408 1.407 1.414 1.412 1.398 0.684 1.395
-9999.0 -9999.0 -9999.0 -9999.0 -9999.0 -9999.0 -9999.0 -9999.0 -9999.0 -9999.0 -9999.0 -9999.0 -9999.0 -9999.0 -9999.0 -9999.0 -9999.0 -9999.0 -9999.0 -9999.0 -9999.0 -9999.0 -9999.0 -9999.0 -9999.0 0.552 0.552 0.577 0.635 0.554 0.554 0.554 0.6 0.791 0.639 1.461 1.958 1.958 1.958 0.861 1.734 1.959 1.959 1.96 0.705 0.96 0.987 1.451 1.436 1.434 1.433 0.716 0.714 1.428 1.959 0.951 1.44 1.439 0.8 1.958 1.572 0.894 1.561 1.417 1.956 1.956 0.695 0.906 0.751 1.413 1.403 0.684 0.683 1.951
-9999.0 -9999.0 -9999.0 -9999.0 -9999.0 -9999.0 -9999.0 -9999.0 -9999.0 -9999.0 -9999.0 -9999.0 -9999.0 -9999.0 -9999.0 -9999.0 -9999.0 -9999.0 -9999.0 -9999.0 -9999.0 -9999.0 -9999.0 -9999.0 -9999.0 0.552 0.551 0.622 0.552 0.552 0.553 0.555 0.566 0.554 0.556 1.456 1.482 1.957 0.898 0.785 1.749 1.958 1.958 1.958 1.11 1.65 0.874 1.038 1.437 1.436 1.435 1.434 1.431 1.958 1.438 1.442 1.439 1.443 0.834 1.441 1.531 1.496 1.477 0.87 1.434 1.469 1.105 1.954 1.953 1.57 1.952 0.708 1.435 1.105
-9999.0 -9999.0 -9999.0 -9999.0 -9999.0 -9999.0 -9999.0 -9999.0 -9999.0 -9999.0 -9999.0 -9999.0 -9999.0 -9999.0 -9999.0 -9999.0 -9999.0 -9999.0 -9999.0 -9999.0 -9999.0 -9999.0 -9999.0 -9999.0 -9999.0 -9999.0 0.551 0.551 -9999.0 -9999.0 0.553 0.558 0.555 0.552 0.552 0.555 0.716 1.757 0.897 1.753 1.767 1.957 1.489 1.957 1.957 1.109 1.109 0.934 1.441 1.436 0.715 1.435 1.957 1.957 1.442 1.438 1.048 0.833 1.441 1.437 1.504 1.502 1.482 1.955 1.499 1.954 0.733 1.415 1.413 1.407 1.403 1.401 1.514 1.105
-9999.0 -9999.0 -9999.0 -9999.0 -9999.0 -9999.0 -9999.0 -9999.0 -9999.0 -9999.0 -9999.0 -9999.0 -9999.0 -9999.0 -9999.0 -9999.0 -9999.0 -9999.0 -9999.0 -9999.0 -9999.0 -9999.0 -9999.0 -9999.0 -9999.0 -9999.0 -9999.0 -9999.0 -9999.0 -9999.0 0.575 0.556 0.556 0.555 0.69 0.557 0.665 0.802 0.638 1.755 1.955 1.956 1.956 0.94 1.956 1.956 0.874 0.873 0.719 1.439 0.699 0.713 1.435 1.433 1.443 1.445 1.456 1.956 1.054 1.439 1.486 1.492 0.865 1.493 1.494 1.953 1.414 1.427 1.423 1.423 1.028 1.105 0.97 1.105
-9999.0 -9999.0 -9999.0 -9999.0 -9999.0 -9999.0 -9999.0 -9999.0 -9999.0 -9999.0 -9999.0 -9999.0 -9999.0 -9999.0 -9999.0 -9999.0 -9999.0 -9999.0 -9999.0 -9999.0 -9999.0 -9999.0 -9999.0 -9999.0 -9999.0 -9999.0 -9999.0 -9999.0 -9999.0 0.553 0.555 0.558 0.569 0.56 0.555 0.553 0.552 1.453 1.454 1.954 1.456 1.454 1.955 1.955 1.954 1.955 1.108 2.159 1.108 0.728 1.441 1.438 0.725 1.435 1.434 0.708 0.883 1.442 1.427 1.425 1.427 0.819 1.953 1.424 1.422 1.418 1.455 1.452 1.427 1.427 1.427 0.939 1.105 1.104
-9999.0 -9999.0 -9999.0 -9999.0 -9999.0 -9999.0 -9999.0 -9999.0 -9999.0 -9999.0 -9999.0 -9999.0 -9999.0 -9999.0 -9999.0 -9999.0 -9999.0 -9999.0 -9999.0 -9999.0 -9999.0 -9999.0 -9999.0 -9999.0 -9999.0 -9999.0 -9999.0 -9999.0 0.552 0.552 0.555 0.557 0.565 0.557 0.887 0.713 0.551 0.551 1.453 1.455 1.455 1.455 1.954 1.954 1.954 0.971 1.107 0.873 1.484 1.107 1.077 1.44 1.437 1.437 1.434 1.438 1.659 1.429 1.427 1.427 1.433 1.953 1.096 0.747 1.423 1.421 1.431 1.433 1.466 1.411 1.949 1.949 1.948 1.104
-9999.0 -9999.0 -9999.0 -9999.0 -9999.0 -9999.0 -9999.0 -9999.0 -9999.0 -9999.0 -9999.0 -9999.0 -9999.0 -9999.0 -9999.0 -9999.0 -9999.0 -9999.0 -9999.0 -9999.0 -9999.0 -9999.0 -9999.0 -9999.0 -9999.0 -9999.0 -9999.0 -9999.0 0.551 0.552 0.674 0.594 0.921 1.456 0.801 0.563 0.551 0.551 0.551 1.452 1.452 1.454 1.635 1.756 1.754 1.953 1.008 1.953 0.952 1.107 1.106 1.106 1.439 1.438 1.436 0.714 1.953 1.431 1.429 0.722 0.943 1.952 1.432 1.426 1.425 1.424 1.432 1.435 1.939 1.949 1.949 1.451 1.54 1.947
-9999.0 -9999.0 -9999.0 -9999.0 -9999.0 -9999.0 -9999.0 -9999.0 -9999.0 -9999.0 -9999.0 -9999.0 -9999.0 -9999.0 -9999.0 -9999.0 -9999.0 -9999.0 -9999.0 -9999.0 -9999.0 -9999.0 -9999.0 -9999.0 -9999.0 -9999.0 -9999.0 0.564 0.553 0.553 0.671 0.832 0.846 0.897 0.783 0.575 0.551 0.553 0.551 1.451 0.685 1.452 1.951 1.952 1.949 1.952 0.885 1.952 1.086 1.106 0.919 1.046 1.443 1.437 1.437 1.442 1.658 1.433 1.43 1.43 1.951 1.43 1.428 1.43 1.427 1.426 1.434 1.949 1.427 1.431 1.903 1.44 1.544 1.947
-9999.0 -9999.0 -9999.0 -9999.0 -9999.0 -9999.0 -9999.0 -9999.0 -9999.0 -9999.0 -9999.0 -9999.0 -9999.0 -9999.0 -9999.0 -9999.0 -9999.0 -9999.0 -9999.0 -9999.0 -9999.0 -9999.0 -9999.0 -9999.0 -9999.0 -9999.0 -9999.0 -9999.0 0.552 0.553 0.569 0.663 0.64 0.633 0.819 0.814 0.552 0.553 0.551 0.685 1.451 0.358 1.946 1.949 0.72 1.951 1.951 1.951 1.011 1.106 0.983 1.106 0.815 1.439 1.439 1.438 1.436 1.435 1.433 0.726 1.656 1.432 1.431 0.705 0.827 1.428 1.949 1.949 1.449 1.432 1.431 1.429 1.471 1.946
-9999.0 -9999.0 -9999.0 -9999.0 -9999.0 -9999.0 -9999.0 -9999.0 -9999.0 -9999.0 -9999.0 -9999.0 -9999.0 -9999.0 -9999.0 -9999.0 -9999.0 -9999.0 -9999.0 -9999.0 -9999.0 -9999.0 -9999.0 -9999.0 -9999.0 -9999.0 -9999.0 -9999.0 0.555 0.554 0.574 0.558 0.556 0.57 1.455 0.875 0.689 0.552 0.801 0.684 1.45 1.45 1.949 0.917 0.843 0.892 1.95 0.956 1.086 1.461 0.983 1.105 1.069 1.44 0.704 1.44 1.438 1.437 0.723 1.433 0.816 1.435 1.435 1.43 1.505 1.949 1.943 1.479 1.427 1.453 1.431 1.49 1.946 1.945
-9999.0 -9999.0 -9999.0 -9999.0 -9999.0 -9999.0 -9999.0 -9999.0 -9999.0 -9999.0 -9999.0 -9999.0 -9999.0 -9999.0 -9999.0 -9999.0 -9999.0 -9999.0 -9999.0 -9999.0 -9999.0 -9999.0 -9999.0 -9999.0 -9999.0 -9999.0 -9999.0 -9999.0 0.552 0.646 0.774 0.774 0.774 0.565 0.561 0.818 0.976 0.976 1.764 1.458 1.455 0.979 1.453 1.949 0.852 0.916 0.916 0.903 1.104 1.949 0.92 1.105 1.105 0.785 1.442 0.708 1.44 1.437 1.434 0.921 0.695 0.589 0.57 0.822 1.438 1.101 1.102 1.44 1.428 1.435 0.852 1.414 1.938 1.794
-9999.0 -9999.0 -9999.0 -9999.0 -9999.0 -9999.0 -9999.0 -9999.0 -9999.0 -9999.0 -9999.0 -9999.0 -9999.0 -9999.0 -9999.0 -9999.0 -9999.0 -9999.0 -9999.0 -9999.0 -9999.0 -9999.0 -9999.0 -9999.0 -9999.0 -9999.0 -9999.0 0.55 0.552 0.552 0.561 0.565 0.551 0.686 0.562 1.743 0.846 1.0 1.946 1.748 1.454 1.455 1.455 1.451 1.948 1.948 0.41 0.917 2.152 0.917 1.949 0.92 0.782 1.104 0.689 1.439 1.439 1.437 1.436 0.695 0.593 0.787 0.569 0.57 0.706 1.1 0.579 0.653 1.429 1.426 1.428 1.432 1.945 1.677
-9999.0 -9999.0 -9999.0 -9999.0 -9999.0 -9999.0 -9999.0 -9999.0 -9999.0 -9999.0 -9999.0 -9999.0 -9999.0 -9999.0 -9999.0 -9999.0 -9999.0 -9999.0 -9999.0 -9999.0 -9999.0 -9999.0 -9999.0 -9999.0 -9999.0 -9999.0 -9999.0 0.555 0.554 0.561 0.561 0.558 0.551 0.686 1.943 1.455 1.944 0.903 1.454 0.799 1.086 1.45 0.688 1.451 1.453 0.851 1.947 0.91 2.15 1.948 1.948 1.948 1.537 0.865 0.887 0.693 0.689 0.714 1.439 0.559 0.591 0.58 0.571 0.855 0.773 1.1 0.564 1.435 0.625 1.431 1.443 1.433 1.022 1.414
