static/jobfarm/user_models/minyf/common/HOME-GBHM/输出文件/Output/Grids/Eact20020224.asc
ncols 221
nrows 204
xllcorner -627000.0
yllcorner 3955000.0
cellsize 900.0
NODATA_value -9999.0
[rows 132 to 164 of 204, columns 74 to 147 of 221]
0.575 0.575 0.878 0.575 0.878 0.879 0.879 0.636 0.577 0.881 0.881 0.882 0.882 0.882 0.883 0.444 0.884 0.884 0.885 0.885 0.886 0.886 0.887 0.847 1.608 1.673 0.888 0.889 0.889 0.89 0.891 1.869 1.68 1.871 0.893 0.893 0.894 0.895 0.895 1.688 1.689 1.691 1.692 1.571 0.899 1.696 0.901 1.698 0.902 1.702 0.874 0.905 1.707 0.73 0.907 0.908 0.909 0.91 0.683 0.595 0.913 1.723 0.916 0.917 1.423 1.732 1.734 1.471 0.923 0.924 0.925 0.927 1.749 0.928
0.575 0.575 0.878 0.878 0.463 0.576 0.576 0.88 0.881 0.881 0.881 0.882 0.882 0.883 0.883 0.884 0.884 0.885 0.885 0.886 0.886 0.887 0.887 0.888 0.888 0.889 1.676 0.89 0.89 0.891 0.891 0.892 0.892 1.873 1.874 1.875 0.895 0.895 1.689 0.897 1.283 1.692 1.694 0.552 0.9 0.901 0.891 0.903 0.903 1.702 0.905 0.906 1.709 0.455 0.909 0.91 0.911 0.912 0.913 0.914 0.915 0.916 1.728 0.918 1.304 1.735 1.735 0.922 0.924 1.744 0.927 0.928 0.886 1.755
0.877 0.878 0.878 0.879 0.879 0.64 0.577 0.88 0.577 0.88 0.882 0.882 0.883 0.882 0.884 0.868 0.885 0.885 0.886 0.886 0.887 0.887 0.888 0.888 0.889 0.889 0.89 0.89 0.891 0.812 0.892 0.893 0.893 0.894 0.894 0.449 1.878 0.45 1.881 1.735 1.693 0.899 1.696 0.9 1.698 1.696 0.903 0.904 1.702 0.905 1.708 0.907 0.908 0.909 0.91 0.911 0.912 0.913 0.914 0.915 0.916 0.917 0.918 1.929 0.811 1.734 1.74 0.635 0.926 0.927 1.75 0.93 0.931 0.929
0.877 0.878 0.878 0.879 0.879 0.88 0.432 0.431 0.466 0.578 0.578 0.869 0.883 0.884 0.884 0.883 0.885 0.886 0.671 0.887 0.887 0.888 0.888 0.889 0.889 0.89 0.89 0.891 0.891 0.892 0.893 0.893 0.894 0.806 0.895 0.896 0.896 0.897 0.898 1.693 1.652 0.9 0.901 0.901 1.7 1.695 0.901 1.703 1.706 0.906 1.71 0.908 0.761 0.91 0.911 0.912 0.796 0.914 0.915 0.916 0.917 0.919 0.721 0.921 0.857 0.923 1.343 1.35 0.927 0.929 1.753 1.756 0.933 0.935
0.575 0.575 0.878 0.879 0.576 0.88 0.88 0.611 0.439 0.577 0.577 0.462 0.443 0.579 0.884 0.885 0.885 0.716 0.715 0.76 0.76 0.65 0.889 0.889 0.89 0.89 0.891 0.891 0.841 0.893 0.893 0.894 0.894 0.895 0.839 0.897 0.897 0.898 0.521 0.899 0.9 1.407 1.696 0.902 0.903 1.296 1.704 0.906 0.907 0.907 0.908 1.714 0.726 0.911 0.912 0.626 0.729 1.721 0.916 0.918 0.919 0.92 0.921 0.585 0.924 0.925 0.926 1.354 0.929 1.753 0.932 0.932 0.935 1.764
-9999.0 0.576 0.576 0.571 0.455 0.571 0.881 0.689 0.448 0.452 0.445 0.579 0.442 0.56 0.58 0.885 0.809 0.783 0.663 0.666 0.878 0.665 0.718 0.89 0.89 0.891 0.851 0.892 0.893 0.893 0.894 0.891 0.895 0.896 0.897 0.897 0.898 0.899 0.899 0.9 0.901 1.891 1.701 0.893 0.904 0.905 0.906 0.904 0.908 0.908 1.713 0.91 0.911 0.912 0.913 0.731 0.916 0.917 0.918 0.801 1.734 0.921 0.923 0.924 0.921 0.926 1.748 1.75 0.93 1.756 1.759 0.935 0.936 1.768
-9999.0 0.498 0.879 0.445 0.467 0.466 0.881 0.578 0.882 0.466 0.579 0.69 0.491 0.471 0.603 0.597 0.687 0.64 0.693 0.725 0.648 0.631 0.707 1.678 0.714 1.68 0.892 0.893 0.893 0.894 0.895 0.449 0.878 0.882 0.889 0.898 0.895 0.884 0.9 0.865 0.902 0.903 1.895 1.695 0.9 1.703 0.905 0.905 0.909 1.709 1.704 0.911 0.912 0.914 0.915 0.916 0.914 1.73 0.919 0.92 0.919 1.739 0.924 0.781 0.926 0.928 0.929 0.927 1.756 0.933 1.762 0.936 0.938 0.94
-9999.0 -9999.0 0.576 0.577 0.577 0.881 0.577 0.578 0.882 0.467 0.466 0.675 0.661 0.469 0.615 0.617 0.617 0.597 0.453 0.64 0.691 0.741 0.708 1.412 1.68 0.885 1.682 0.893 0.894 0.895 0.895 0.896 0.897 0.897 0.898 0.894 0.9 0.9 0.873 0.895 0.903 0.903 0.904 1.898 0.903 1.708 1.709 0.909 0.91 0.911 0.909 0.913 0.914 0.915 0.916 0.917 0.918 1.732 0.92 0.921 0.92 1.741 0.925 0.926 0.928 1.751 0.931 1.756 1.759 0.935 0.936 0.938 1.771 0.941
-9999.0 -9999.0 0.576 0.577 0.881 0.564 0.578 0.882 0.883 0.44 0.466 0.433 0.638 0.643 0.655 0.662 0.6 0.618 0.444 0.624 0.635 0.723 0.721 0.884 1.681 0.885 1.683 1.685 0.895 0.449 0.896 0.897 0.897 0.897 0.891 0.899 0.88 0.901 0.902 0.903 0.903 0.904 0.905 0.906 1.902 1.904 0.909 0.905 0.911 0.907 0.913 0.914 0.915 0.916 0.917 0.917 1.722 0.92 0.921 0.923 0.924 0.923 0.926 0.928 0.929 0.931 1.756 0.933 0.935 0.936 0.936 0.939 0.94 1.776
-9999.0 -9999.0 0.576 0.577 0.455 0.879 0.571 0.449 0.579 0.455 0.665 0.664 0.572 0.624 0.454 0.631 0.633 0.447 0.445 0.446 0.636 0.704 0.73 0.712 0.888 1.683 0.886 1.686 1.687 0.896 0.897 0.897 0.898 0.899 0.9 0.9 0.895 0.73 0.903 0.903 0.904 0.905 0.906 0.906 0.501 1.906 1.908 0.9 0.912 0.907 0.914 0.915 0.916 0.917 0.918 0.919 0.92 0.921 0.923 0.924 0.643 0.926 1.748 1.751 1.753 1.552 1.759 1.762 1.764 0.935 1.97 1.773 1.776 1.779
-9999.0 -9999.0 -9999.0 -9999.0 -9999.0 0.468 -9999.0 0.468 0.461 0.709 0.701 0.701 0.461 0.609 0.628 0.634 0.627 0.457 0.469 0.617 0.613 0.637 0.705 0.892 0.893 0.887 1.686 1.687 1.688 0.897 0.895 0.898 0.899 0.899 0.829 0.882 0.902 0.903 0.894 0.893 0.905 0.904 0.907 0.908 0.502 0.502 0.911 1.912 0.913 0.914 0.915 0.916 0.917 0.918 0.919 0.92 1.736 0.923 0.924 0.925 0.926 0.928 0.929 1.753 1.756 0.933 0.935 0.936 0.938 0.939 1.773 0.942 0.944 1.782
-9999.0 -9999.0 -9999.0 -9999.0 -9999.0 -9999.0 -9999.0 0.468 0.453 0.709 0.652 0.475 0.702 0.485 0.659 0.61 0.635 0.477 0.462 0.634 0.476 0.66 0.892 0.893 0.894 0.887 1.686 1.418 0.708 0.897 0.898 0.898 0.899 0.9 0.901 0.86 0.903 0.903 0.831 0.905 0.906 0.907 0.908 0.909 0.909 0.911 0.912 0.913 1.916 0.915 0.916 0.917 0.918 0.917 1.727 0.921 0.922 1.741 1.743 1.746 0.848 0.929 1.753 1.756 1.758 0.929 1.963 0.937 0.931 0.941 0.942 0.944 0.945 0.947
-9999.0 -9999.0 -9999.0 -9999.0 -9999.0 -9999.0 -9999.0 -9999.0 -9999.0 0.484 0.618 0.436 0.678 0.67 0.619 0.435 0.611 0.655 0.5 0.484 0.48 0.728 0.893 0.894 0.894 0.895 0.896 0.896 0.709 0.752 0.899 0.899 0.9 0.901 0.902 0.902 0.903 0.904 0.905 0.863 1.709 0.908 0.909 0.909 0.91 0.911 0.912 0.913 0.914 0.916 0.917 0.918 0.919 0.92 1.736 0.922 0.924 0.925 1.745 1.748 0.929 0.93 0.931 1.758 1.76 0.785 0.925 1.765 0.94 1.975 1.778 0.945 0.947 0.949
-9999.0 -9999.0 -9999.0 -9999.0 -9999.0 -9999.0 -9999.0 -9999.0 -9999.0 -9999.0 0.437 0.612 0.438 0.647 0.472 0.438 0.632 1.392 0.877 0.501 0.667 0.893 1.401 0.894 0.895 0.895 0.896 0.897 0.898 0.898 0.899 0.9 0.901 0.452 0.902 0.903 0.904 0.776 0.906 0.907 0.908 0.908 0.909 0.91 0.911 0.912 0.913 0.914 0.915 1.922 0.918 0.919 0.92 0.921 0.92 0.923 0.925 0.926 0.927 0.929 0.93 0.931 0.932 0.934 0.936 0.936 0.933 1.772 0.942 0.712 0.945 1.784 1.362 1.356
-9999.0 -9999.0 -9999.0 -9999.0 -9999.0 -9999.0 -9999.0 -9999.0 -9999.0 -9999.0 -9999.0 0.437 0.438 0.664 0.437 0.609 1.376 1.309 1.375 0.454 0.697 0.499 0.711 0.711 0.895 0.896 0.897 0.897 0.898 0.879 0.9 0.901 1.699 0.902 0.903 0.904 0.905 0.906 0.906 0.695 0.908 0.909 0.91 0.911 0.805 0.913 0.914 0.915 0.916 0.917 1.926 0.92 0.921 0.922 0.923 0.924 0.924 1.746 1.748 0.93 0.931 0.932 0.933 0.935 0.93 0.938 0.94 0.941 1.777 1.981 1.783 1.786 0.95 0.561
-9999.0 -9999.0 -9999.0 -9999.0 -9999.0 -9999.0 -9999.0 -9999.0 -9999.0 -9999.0 -9999.0 -9999.0 0.44 0.445 0.438 0.441 0.684 0.704 1.537 1.332 0.484 0.476 0.712 1.687 0.697 0.897 0.897 0.897 0.883 0.9 0.9 0.901 0.902 0.903 0.453 0.905 0.905 0.906 0.764 0.908 0.909 0.91 0.895 0.912 0.913 0.914 1.566 1.635 0.917 0.918 0.919 1.931 0.922 0.923 0.924 0.921 0.926 0.927 0.929 0.925 0.932 0.933 0.935 0.936 0.927 0.933 1.769 1.775 0.944 1.782 0.947 0.949 0.951 1.322
-9999.0 -9999.0 -9999.0 -9999.0 -9999.0 -9999.0 -9999.0 -9999.0 -9999.0 -9999.0 -9999.0 -9999.0 -9999.0 -9999.0 -9999.0 -9999.0 0.555 0.65 0.685 0.892 0.519 0.671 0.671 1.41 0.713 0.588 0.898 0.899 0.899 0.9 0.901 0.452 0.903 0.903 0.904 0.905 0.906 0.907 0.908 0.909 0.91 0.911 0.912 0.913 0.914 0.915 0.763 1.728 0.918 0.919 0.92 0.922 1.935 0.924 0.925 0.914 0.927 0.928 0.93 0.932 0.933 0.935 0.936 0.938 1.769 1.772 1.775 1.778 1.781 0.74 1.99 0.95 0.952 0.564
-9999.0 -9999.0 -9999.0 -9999.0 -9999.0 -9999.0 -9999.0 -9999.0 -9999.0 -9999.0 -9999.0 -9999.0 -9999.0 -9999.0 -9999.0 -9999.0 -9999.0 -9999.0 -9999.0 -9999.0 0.538 0.486 0.668 0.634 0.493 0.588 0.898 0.899 0.9 0.901 0.901 0.902 0.903 0.904 0.905 0.906 0.907 0.908 0.909 0.91 0.911 0.912 0.913 0.914 1.621 0.916 0.877 1.73 1.732 0.92 0.921 0.922 0.924 1.94 1.942 0.927 0.925 0.929 0.93 0.931 0.934 0.936 0.937 0.939 1.771 1.774 1.777 0.945 0.947 0.948 1.601 0.562 0.953 0.955
-9999.0 -9999.0 -9999.0 -9999.0 -9999.0 -9999.0 -9999.0 -9999.0 -9999.0 -9999.0 -9999.0 -9999.0 -9999.0 -9999.0 -9999.0 -9999.0 -9999.0 -9999.0 -9999.0 -9999.0 -9999.0 0.484 0.485 0.505 0.462 0.45 0.442 0.873 0.9 0.901 0.902 0.903 0.903 0.905 0.906 0.907 0.907 0.908 0.909 0.91 0.911 1.719 0.913 0.914 1.632 1.727 1.533 0.919 0.819 0.921 0.857 0.923 0.925 0.926 0.927 0.928 0.929 0.931 0.932 0.934 0.935 0.937 0.938 0.94 0.941 0.942 1.779 1.782 1.785 0.949 0.791 0.953 0.955 1.799
-9999.0 -9999.0 -9999.0 -9999.0 -9999.0 -9999.0 -9999.0 -9999.0 -9999.0 -9999.0 -9999.0 -9999.0 -9999.0 -9999.0 -9999.0 -9999.0 -9999.0 -9999.0 -9999.0 -9999.0 -9999.0 -9999.0 0.464 0.439 0.439 0.373 0.614 0.597 0.899 0.902 0.903 0.904 0.904 0.874 0.374 0.907 0.908 0.909 0.91 0.911 0.912 1.721 0.914 0.915 0.916 1.619 0.918 0.919 0.921 0.922 0.923 0.924 0.925 0.927 0.928 0.929 1.952 1.955 0.93 0.927 0.936 0.938 0.842 0.844 0.469 0.944 0.946 0.947 0.949 0.951 0.952 0.717 0.956 0.939
-9999.0 -9999.0 -9999.0 -9999.0 -9999.0 -9999.0 -9999.0 -9999.0 -9999.0 -9999.0 -9999.0 -9999.0 -9999.0 -9999.0 -9999.0 -9999.0 -9999.0 -9999.0 -9999.0 -9999.0 -9999.0 -9999.0 -9999.0 0.44 0.441 0.899 0.9 0.607 0.902 0.902 0.903 0.904 0.905 0.906 0.501 0.908 0.909 0.91 0.911 0.912 0.913 0.914 1.724 1.726 0.917 1.73 0.919 0.92 0.921 1.739 0.924 0.925 0.926 0.864 0.929 0.83 0.932 1.957 0.934 0.931 0.937 0.939 0.94 0.942 0.943 1.771 0.947 0.948 0.95 0.952 1.797 0.721 0.957 0.959
-9999.0 -9999.0 -9999.0 -9999.0 -9999.0 -9999.0 -9999.0 -9999.0 -9999.0 -9999.0 -9999.0 -9999.0 -9999.0 -9999.0 -9999.0 -9999.0 -9999.0 -9999.0 -9999.0 -9999.0 -9999.0 -9999.0 -9999.0 0.44 0.63 0.591 0.9 0.901 0.902 0.903 0.904 0.905 0.906 0.907 0.908 0.908 1.714 0.91 0.911 1.719 0.913 0.914 0.916 1.727 1.729 1.714 0.92 1.337 0.921 1.74 0.925 0.926 0.381 0.928 0.93 0.931 0.933 0.934 1.962 0.932 0.938 0.94 0.941 0.943 1.981 0.946 0.948 0.848 0.951 0.953 1.799 0.956 0.721 0.96
-9999.0 -9999.0 -9999.0 -9999.0 -9999.0 -9999.0 -9999.0 -9999.0 -9999.0 -9999.0 -9999.0 -9999.0 -9999.0 -9999.0 -9999.0 -9999.0 -9999.0 -9999.0 -9999.0 -9999.0 -9999.0 -9999.0 -9999.0 -9999.0 0.445 0.592 0.435 0.626 0.895 0.904 0.904 0.905 0.906 0.907 0.908 0.909 1.715 0.911 0.912 0.913 0.914 0.915 0.916 1.728 1.731 0.92 1.735 0.922 0.923 1.742 0.911 1.746 0.381 0.381 0.382 0.932 0.933 0.935 0.936 0.938 0.62 0.621 0.622 0.944 1.983 1.986 0.949 0.95 0.952 0.954 0.956 0.957 0.722 0.961
-9999.0 -9999.0 -9999.0 -9999.0 -9999.0 -9999.0 -9999.0 -9999.0 -9999.0 -9999.0 -9999.0 -9999.0 -9999.0 -9999.0 -9999.0 -9999.0 -9999.0 -9999.0 -9999.0 -9999.0 -9999.0 -9999.0 -9999.0 -9999.0 -9999.0 -9999.0 -9999.0 0.691 0.903 0.904 0.905 0.906 0.907 0.908 0.909 0.91 0.911 0.912 0.913 0.914 0.915 0.916 0.917 0.918 0.919 0.92 0.921 1.739 1.741 0.925 1.746 1.748 0.381 0.382 0.382 0.383 0.934 0.936 0.937 0.939 1.371 1.373 0.943 0.945 -9999.0 1.988 1.785 0.951 0.953 0.955 0.957 0.958 0.956 2.018
-9999.0 -9999.0 -9999.0 -9999.0 -9999.0 -9999.0 -9999.0 -9999.0 -9999.0 -9999.0 -9999.0 -9999.0 -9999.0 -9999.0 -9999.0 -9999.0 -9999.0 -9999.0 -9999.0 -9999.0 -9999.0 -9999.0 -9999.0 -9999.0 -9999.0 -9999.0 -9999.0 -9999.0 -9999.0 0.905 0.906 0.906 0.907 0.908 0.909 0.91 0.911 0.912 0.913 0.914 0.915 0.917 0.918 0.919 0.92 0.921 0.921 1.74 1.742 1.745 0.927 1.745 1.35 0.382 0.382 0.383 0.935 0.937 0.938 0.914 1.761 0.942 0.942 -9999.0 -9999.0 -9999.0 1.994 1.997 1.798 0.956 0.958 0.959 0.961 0.725
-9999.0 -9999.0 -9999.0 -9999.0 -9999.0 -9999.0 -9999.0 -9999.0 -9999.0 -9999.0 -9999.0 -9999.0 -9999.0 -9999.0 -9999.0 -9999.0 -9999.0 -9999.0 -9999.0 -9999.0 -9999.0 -9999.0 -9999.0 -9999.0 -9999.0 -9999.0 -9999.0 -9999.0 -9999.0 -9999.0 0.902 0.904 0.904 0.909 0.91 0.911 0.912 0.875 0.914 0.915 0.916 0.917 0.918 0.919 0.921 0.922 0.923 1.365 1.346 1.323 1.39 1.334 1.355 0.382 0.383 0.383 0.384 0.384 0.385 0.94 1.975 1.755 -9999.0 -9999.0 -9999.0 -9999.0 -9999.0 1.796 1.8 2.006 1.806 1.809 1.813 0.728
-9999.0 -9999.0 -9999.0 -9999.0 -9999.0 -9999.0 -9999.0 -9999.0 -9999.0 -9999.0 -9999.0 -9999.0 -9999.0 -9999.0 -9999.0 -9999.0 -9999.0 -9999.0 -9999.0 -9999.0 -9999.0 -9999.0 -9999.0 -9999.0 -9999.0 -9999.0 -9999.0 -9999.0 -9999.0 -9999.0 -9999.0 0.666 0.83 0.909 0.91 0.911 0.912 0.914 0.915 0.916 0.917 0.918 0.919 0.92 0.921 0.922 0.924 0.925 0.926 0.881 0.809 0.897 0.93 1.335 1.331 0.391 0.387 0.319 0.94 0.385 0.938 -9999.0 -9999.0 -9999.0 -9999.0 -9999.0 -9999.0 -9999.0 -9999.0 1.805 1.808 1.811 2.02 2.024
-9999.0 -9999.0 -9999.0 -9999.0 -9999.0 -9999.0 -9999.0 -9999.0 -9999.0 -9999.0 -9999.0 -9999.0 -9999.0 -9999.0 -9999.0 -9999.0 -9999.0 -9999.0 -9999.0 -9999.0 -9999.0 -9999.0 -9999.0 -9999.0 -9999.0 -9999.0 -9999.0 -9999.0 -9999.0 -9999.0 -9999.0 0.907 0.909 0.458 0.911 0.912 0.913 0.914 0.915 0.916 0.917 0.733 0.691 0.921 0.922 0.698 0.924 0.925 0.683 0.928 0.929 1.371 0.381 0.382 0.382 0.848 0.434 0.359 0.436 0.349 -9999.0 -9999.0 -9999.0 -9999.0 -9999.0 -9999.0 -9999.0 -9999.0 -9999.0 -9999.0 0.96 0.962 0.964 0.966
-9999.0 -9999.0 -9999.0 -9999.0 -9999.0 -9999.0 -9999.0 -9999.0 -9999.0 -9999.0 -9999.0 -9999.0 -9999.0 -9999.0 -9999.0 -9999.0 -9999.0 -9999.0 -9999.0 -9999.0 -9999.0 -9999.0 -9999.0 -9999.0 -9999.0 -9999.0 -9999.0 -9999.0 -9999.0 -9999.0 -9999.0 -9999.0 0.635 0.458 0.597 0.598 0.599 0.902 0.6 0.917 0.664 0.756 0.79 0.31 0.329 0.676 0.323 0.38 0.684 0.774 0.794 0.93 0.929 0.383 0.383 0.937 0.867 0.389 0.436 0.383 1.98 1.782 -9999.0 -9999.0 -9999.0 -9999.0 -9999.0 -9999.0 -9999.0 -9999.0 -9999.0 -9999.0 -9999.0 0.967
-9999.0 -9999.0 -9999.0 -9999.0 -9999.0 -9999.0 -9999.0 -9999.0 -9999.0 -9999.0 -9999.0 -9999.0 -9999.0 -9999.0 -9999.0 -9999.0 -9999.0 -9999.0 -9999.0 -9999.0 -9999.0 -9999.0 -9999.0 -9999.0 -9999.0 -9999.0 -9999.0 -9999.0 -9999.0 -9999.0 -9999.0 -9999.0 -9999.0 -9999.0 0.912 0.598 0.599 0.6 0.913 0.835 0.85 0.627 0.676 0.665 0.681 0.802 0.926 0.675 0.624 0.354 1.364 0.875 1.334 1.337 0.932 0.382 0.936 0.468 0.862 0.334 0.361 0.867 0.862 -9999.0 -9999.0 -9999.0 -9999.0 -9999.0 -9999.0 -9999.0 -9999.0 -9999.0 -9999.0 -9999.0
-9999.0 -9999.0 -9999.0 -9999.0 -9999.0 -9999.0 -9999.0 -9999.0 -9999.0 -9999.0 -9999.0 -9999.0 -9999.0 -9999.0 -9999.0 -9999.0 -9999.0 -9999.0 -9999.0 -9999.0 -9999.0 -9999.0 -9999.0 -9999.0 -9999.0 -9999.0 -9999.0 -9999.0 -9999.0 -9999.0 -9999.0 -9999.0 -9999.0 -9999.0 0.46 0.631 0.482 0.456 0.463 0.617 0.644 0.705 0.67 0.729 0.677 0.683 0.323 0.326 1.651 1.753 1.755 0.721 0.338 1.566 0.756 0.924 0.936 0.385 0.438 0.865 0.438 0.867 0.863 1.791 -9999.0 -9999.0 -9999.0 -9999.0 -9999.0 -9999.0 -9999.0 -9999.0 -9999.0 -9999.0
-9999.0 -9999.0 -9999.0 -9999.0 -9999.0 -9999.0 -9999.0 -9999.0 -9999.0 -9999.0 -9999.0 -9999.0 -9999.0 -9999.0 -9999.0 -9999.0 -9999.0 -9999.0 -9999.0 -9999.0 -9999.0 -9999.0 -9999.0 -9999.0 -9999.0 -9999.0 -9999.0 -9999.0 -9999.0 -9999.0 -9999.0 -9999.0 -9999.0 -9999.0 -9999.0 -9999.0 -9999.0 -9999.0 -9999.0 0.453 0.692 0.693 0.683 0.659 0.668 0.671 0.685 0.324 0.324 1.785 1.575 1.759 1.725 0.632 0.766 1.769 1.772 0.936 0.385 0.47 0.942 0.868 0.683 0.946 0.953 -9999.0 -9999.0 -9999.0 -9999.0 -9999.0 -9999.0 -9999.0 -9999.0 -9999.0
-9999.0 -9999.0 -9999.0 -9999.0 -9999.0 -9999.0 -9999.0 -9999.0 -9999.0 -9999.0 -9999.0 -9999.0 -9999.0 -9999.0 -9999.0 -9999.0 -9999.0 -9999.0 -9999.0 -9999.0 -9999.0 -9999.0 -9999.0 -9999.0 -9999.0 -9999.0 -9999.0 -9999.0 -9999.0 -9999.0 -9999.0 -9999.0 -9999.0 -9999.0 -9999.0 -9999.0 -9999.0 -9999.0 -9999.0 -9999.0 -9999.0 0.687 0.704 0.67 0.671 0.658 0.686 0.687 0.697 0.669 0.606 1.791 1.602 1.72 1.768 0.725 1.773 1.776 0.939 0.386 0.47 0.472 0.946 1.794 1.797 1.8 0.957 -9999.0 -9999.0 -9999.0 -9999.0 -9999.0 -9999.0 -9999.0
