static/jobfarm/user_models/minyf/common/HOME-GBHM/输出文件/Output/Grids/Eact20020227.asc
ncols 221
nrows 204
xllcorner -627000.0
yllcorner 3955000.0
cellsize 900.0
NODATA_value -9999.0
[rows 132 to 164 of 204, columns 74 to 147 of 221]
0.293 0.293 0.377 0.239 0.377 0.365 0.442 0.405 0.226 0.424 0.292 0.557 0.363 0.419 0.4 0.194 0.394 0.374 0.396 0.339 0.34 0.349 0.384 0.347 1.12 1.026 0.565 0.644 0.593 0.643 0.625 0.503 1.012 1.239 0.641 0.289 0.589 0.354 0.347 1.05 0.528 0.471 1.04 0.448 0.638 1.087 0.687 1.029 0.586 1.104 0.685 0.637 0.475 0.334 0.357 0.684 0.596 0.635 0.444 0.367 0.367 1.032 0.459 0.346 0.487 1.088 1.039 0.507 0.582 0.634 0.266 0.366 1.194 0.633
0.39 0.243 0.362 0.361 0.247 0.192 0.18 0.665 0.425 0.379 0.35 0.286 0.316 0.683 0.428 0.338 0.305 0.329 0.598 0.432 0.298 0.28 0.361 0.628 0.397 0.645 0.51 0.626 0.605 0.634 0.356 0.642 0.624 1.177 1.16 1.16 0.639 0.62 1.043 0.42 0.566 0.47 1.073 0.38 0.638 0.638 0.687 0.587 0.637 1.011 0.586 0.557 1.011 0.241 0.361 0.636 0.636 0.346 0.596 0.596 0.684 0.395 1.08 0.257 0.443 1.098 1.196 0.634 0.634 0.587 0.346 0.242 0.574 1.194
0.304 0.332 0.403 0.277 0.4 0.393 0.25 0.637 0.313 0.429 0.664 0.375 0.264 0.618 0.401 0.4 0.328 0.396 0.422 0.398 0.396 0.425 0.377 0.284 0.309 0.642 0.26 0.644 0.693 0.693 0.692 0.643 0.689 0.535 0.581 0.227 1.151 0.242 1.133 1.133 1.208 0.688 0.503 0.539 0.485 1.031 0.638 0.558 0.467 0.637 1.104 0.637 0.637 0.388 0.361 0.685 0.384 0.636 0.584 0.584 0.684 0.335 0.635 1.203 0.245 1.096 1.015 0.365 0.634 0.582 1.097 0.37 0.614 0.342
0.404 0.322 0.267 0.331 0.692 0.413 0.222 0.237 0.239 0.479 0.26 0.635 0.261 0.517 0.364 0.374 0.363 0.327 0.403 0.399 0.396 0.331 0.373 0.373 0.418 0.327 0.36 0.645 0.594 0.693 0.651 0.62 0.528 0.642 0.346 0.627 0.562 0.484 0.688 1.209 1.05 0.601 0.601 0.621 0.474 1.056 0.279 1.204 1.204 0.555 1.103 0.637 0.372 0.365 0.585 0.385 0.357 0.384 0.684 0.684 0.616 0.344 0.356 0.535 0.474 0.235 0.493 0.758 0.634 0.574 1.195 1.046 0.443 0.333
0.257 0.358 0.362 0.278 0.233 0.386 0.313 0.328 0.222 0.24 0.249 0.214 0.262 0.259 0.365 0.341 0.365 0.396 0.442 0.311 0.368 0.309 0.273 0.273 0.372 0.289 0.327 0.645 0.296 0.593 0.675 0.584 0.584 0.642 0.642 0.691 0.691 0.641 0.366 0.618 0.623 0.54 1.109 0.539 0.688 0.462 1.023 0.638 0.687 0.638 0.637 1.075 0.254 0.365 0.381 0.276 0.368 0.53 0.556 0.636 0.584 0.584 0.304 0.336 0.635 0.37 0.582 0.476 0.325 0.524 0.615 0.391 0.633 1.096
-9999.0 0.234 0.358 0.269 0.237 0.214 0.266 0.439 0.321 0.321 0.214 0.234 0.222 0.405 0.284 0.385 0.413 0.413 0.327 0.407 0.366 0.305 0.381 0.352 0.327 0.372 0.372 0.645 0.644 0.644 0.675 0.593 0.584 0.643 0.642 0.691 0.642 0.591 0.641 0.641 0.64 1.198 1.035 0.635 0.621 0.639 0.639 0.687 0.62 0.538 1.202 0.686 0.28 0.359 0.365 0.343 0.384 0.384 0.685 0.396 1.009 0.386 0.448 0.338 0.276 0.583 1.196 1.023 0.289 0.469 1.038 0.359 0.682 1.037
-9999.0 0.362 0.332 0.236 0.265 0.27 0.366 0.195 0.351 0.299 0.387 0.312 0.269 0.278 0.364 0.363 0.365 0.374 0.378 0.53 0.262 0.373 0.362 0.55 0.273 0.548 0.314 0.313 0.645 0.644 0.682 0.257 0.643 0.625 0.598 0.642 0.642 0.685 0.345 0.585 0.641 0.589 1.235 1.2 0.601 0.526 0.58 0.639 0.638 1.096 1.084 0.638 0.619 0.637 0.637 0.598 0.636 1.019 0.685 0.684 0.292 1.058 0.635 0.328 0.379 0.635 0.356 0.391 1.062 0.554 1.03 0.582 0.554 0.682
-9999.0 -9999.0 0.277 0.233 0.397 0.634 0.234 0.251 0.376 0.232 0.29 0.639 0.64 0.221 0.364 0.25 0.291 0.263 0.19 0.366 0.377 0.377 0.373 0.661 0.54 0.431 1.122 0.327 0.595 0.694 0.338 0.626 0.693 0.643 0.583 0.641 0.591 0.642 0.418 0.641 0.373 0.622 0.689 1.235 0.621 1.055 1.106 0.639 0.638 0.599 0.638 0.638 0.686 0.598 0.637 0.586 0.637 1.027 0.636 0.617 0.392 1.017 0.576 0.635 0.635 1.073 0.534 1.08 0.531 0.682 0.609 0.634 1.013 0.682
-9999.0 -9999.0 0.327 0.326 0.584 0.262 0.31 0.634 0.321 0.327 0.273 0.269 0.375 0.329 0.35 0.329 0.374 0.274 0.29 0.249 0.29 0.379 0.381 0.373 0.513 0.386 0.557 1.087 0.376 0.266 0.694 0.644 0.639 0.564 0.643 0.358 0.642 0.633 0.642 0.641 0.565 0.69 0.64 0.689 1.333 1.197 0.538 0.639 0.588 0.538 0.538 0.619 0.638 0.686 0.637 0.686 0.489 0.582 0.585 0.577 0.343 0.413 0.596 0.635 0.635 0.683 1.099 0.634 0.575 0.682 0.682 0.633 0.633 1.053
-9999.0 -9999.0 0.319 0.366 0.3 0.592 0.365 0.226 0.212 0.351 0.329 0.421 0.268 0.25 0.237 0.358 0.375 0.216 0.18 0.251 0.274 0.263 0.364 0.273 0.325 0.569 0.372 1.045 1.045 0.545 0.591 0.627 0.69 0.626 0.259 0.331 0.642 0.6 0.642 0.347 0.563 0.641 0.641 0.689 0.324 1.235 1.139 0.356 0.559 0.639 0.62 0.638 0.599 0.599 0.636 0.586 0.278 0.682 0.597 0.585 0.295 0.363 1.089 1.025 0.504 0.48 1.064 1.023 1.188 0.574 1.319 1.03 1.037 1.029
-9999.0 -9999.0 -9999.0 -9999.0 -9999.0 0.241 -9999.0 0.322 0.252 0.407 0.44 0.425 0.198 0.292 0.375 0.275 0.375 0.223 0.2 0.274 0.29 0.36 0.344 0.356 0.373 0.397 0.671 1.046 0.564 0.607 0.627 0.645 0.585 0.685 0.383 0.421 0.563 0.349 0.583 0.642 0.623 0.576 0.635 0.581 0.293 0.282 0.689 1.188 0.613 0.639 0.638 0.629 0.638 0.686 0.586 0.287 1.202 0.637 0.536 0.636 0.536 0.636 0.635 1.062 1.065 0.294 0.555 0.634 0.364 0.634 1.097 0.262 0.342 1.005
-9999.0 -9999.0 -9999.0 -9999.0 -9999.0 -9999.0 -9999.0 0.241 0.246 0.408 0.565 0.407 0.38 0.209 0.303 0.375 0.375 0.255 0.2 0.291 0.2 0.286 0.328 0.274 0.29 0.248 0.546 0.496 0.362 0.646 0.645 0.622 0.694 0.642 0.639 0.643 0.605 0.543 0.604 0.562 0.542 0.623 0.561 0.641 0.689 0.64 0.64 0.588 0.623 0.62 0.635 0.624 0.394 0.687 0.459 0.586 0.686 0.549 1.068 1.076 0.419 0.576 1.193 1.025 1.057 0.635 1.211 0.314 0.634 0.634 0.574 0.339 0.39 0.342
-9999.0 -9999.0 -9999.0 -9999.0 -9999.0 -9999.0 -9999.0 -9999.0 -9999.0 0.306 0.327 0.289 0.328 0.348 0.375 0.231 0.329 0.428 0.201 0.2 0.236 0.381 0.249 0.24 0.415 0.262 0.29 0.362 0.373 0.328 0.644 0.594 0.625 0.544 0.593 0.643 0.643 0.348 0.592 0.591 1.073 0.591 0.603 0.69 0.64 0.689 0.54 0.356 0.639 0.357 0.277 0.357 0.684 0.558 0.459 0.637 0.637 0.637 1.052 1.103 0.636 0.576 0.636 1.065 1.1 0.354 0.575 1.0 0.634 1.136 0.482 0.26 0.633 0.681
-9999.0 -9999.0 -9999.0 -9999.0 -9999.0 -9999.0 -9999.0 -9999.0 -9999.0 -9999.0 0.248 0.332 0.281 0.265 0.291 0.296 0.348 0.576 0.428 0.226 0.402 0.383 0.637 0.358 0.357 0.319 0.29 0.28 0.335 0.648 0.629 0.595 0.607 0.265 0.693 0.693 0.643 0.64 0.295 0.627 0.642 0.642 0.641 0.641 0.641 0.357 0.64 0.395 0.688 1.139 0.559 0.357 0.569 0.587 0.599 0.586 0.628 0.598 0.637 0.685 0.536 0.536 0.636 0.635 0.535 0.563 0.523 1.099 0.583 0.28 0.634 1.07 1.07 0.912
-9999.0 -9999.0 -9999.0 -9999.0 -9999.0 -9999.0 -9999.0 -9999.0 -9999.0 -9999.0 -9999.0 0.273 0.239 0.385 0.263 0.405 0.555 0.497 0.574 0.293 0.33 0.217 0.374 0.273 0.374 0.263 0.273 0.262 0.373 0.633 0.695 0.372 1.06 0.594 0.352 0.355 0.593 0.628 0.627 0.642 0.642 0.591 0.591 0.582 0.69 0.64 0.267 0.64 0.639 0.539 1.204 0.588 0.546 0.606 0.418 0.637 0.686 1.01 0.579 0.636 0.636 0.636 0.636 0.584 0.523 0.635 0.683 0.683 0.616 1.144 0.544 0.447 0.616 0.37
-9999.0 -9999.0 -9999.0 -9999.0 -9999.0 -9999.0 -9999.0 -9999.0 -9999.0 -9999.0 -9999.0 -9999.0 0.281 0.233 0.255 0.232 0.478 0.386 0.536 0.545 0.304 0.211 0.374 1.11 0.239 0.328 0.262 0.328 0.471 0.679 0.372 0.695 0.694 0.565 0.27 0.644 0.605 0.681 0.692 0.592 0.288 0.539 0.641 0.603 0.69 0.588 1.111 0.457 0.689 0.621 0.58 1.33 0.638 0.62 0.522 0.288 0.634 0.622 0.686 0.367 0.685 0.577 0.536 0.635 0.684 0.598 1.098 1.003 0.534 1.079 0.262 0.633 0.633 0.474
-9999.0 -9999.0 -9999.0 -9999.0 -9999.0 -9999.0 -9999.0 -9999.0 -9999.0 -9999.0 -9999.0 -9999.0 -9999.0 -9999.0 -9999.0 -9999.0 0.239 0.442 0.444 0.389 0.251 0.324 0.385 0.556 0.328 0.181 0.328 0.328 0.499 0.531 0.565 0.17 0.587 0.607 0.606 0.544 0.644 0.643 0.605 0.692 0.542 0.689 0.642 0.641 0.69 0.526 0.268 1.059 0.601 0.588 0.639 0.688 1.146 0.294 0.357 0.638 0.622 0.598 0.686 0.63 0.597 0.617 0.636 0.635 1.066 1.197 1.197 1.064 1.098 0.327 1.168 0.614 0.373 0.271
-9999.0 -9999.0 -9999.0 -9999.0 -9999.0 -9999.0 -9999.0 -9999.0 -9999.0 -9999.0 -9999.0 -9999.0 -9999.0 -9999.0 -9999.0 -9999.0 -9999.0 -9999.0 -9999.0 -9999.0 0.319 0.304 0.324 0.263 0.285 0.202 0.373 0.327 0.39 0.433 0.535 0.63 0.566 0.645 0.645 0.544 0.606 0.605 0.643 0.605 0.634 0.542 0.642 0.603 1.206 0.641 0.302 1.209 1.108 0.622 0.588 0.688 0.6 0.524 0.532 0.638 0.599 0.618 0.628 0.676 0.577 0.685 0.617 0.684 1.066 1.198 1.065 0.634 0.683 0.595 1.318 0.633 0.312 0.351
-9999.0 -9999.0 -9999.0 -9999.0 -9999.0 -9999.0 -9999.0 -9999.0 -9999.0 -9999.0 -9999.0 -9999.0 -9999.0 -9999.0 -9999.0 -9999.0 -9999.0 -9999.0 -9999.0 -9999.0 -9999.0 0.208 0.236 0.23 0.329 0.243 0.264 0.402 0.356 0.289 0.248 0.373 0.289 0.595 0.694 0.644 0.691 0.644 0.643 0.643 0.584 1.054 0.691 0.346 1.045 1.019 1.066 0.368 0.345 0.356 0.279 0.356 0.393 0.6 0.687 0.619 0.583 0.625 0.637 0.629 0.636 0.585 0.636 0.636 0.556 0.635 1.052 0.436 0.469 0.682 0.405 0.633 0.533 1.193
-9999.0 -9999.0 -9999.0 -9999.0 -9999.0 -9999.0 -9999.0 -9999.0 -9999.0 -9999.0 -9999.0 -9999.0 -9999.0 -9999.0 -9999.0 -9999.0 -9999.0 -9999.0 -9999.0 -9999.0 -9999.0 -9999.0 0.218 0.212 0.279 0.211 0.401 0.398 0.373 0.362 0.318 0.262 0.327 0.607 0.191 0.645 0.644 0.544 0.593 0.627 0.692 1.055 0.274 0.383 0.345 0.551 0.384 0.346 0.307 0.267 0.378 0.265 0.267 0.687 0.587 0.558 1.177 1.127 0.686 0.564 0.636 0.685 0.371 0.414 0.298 0.596 0.683 0.555 0.683 0.582 0.582 0.539 0.594 0.664
-9999.0 -9999.0 -9999.0 -9999.0 -9999.0 -9999.0 -9999.0 -9999.0 -9999.0 -9999.0 -9999.0 -9999.0 -9999.0 -9999.0 -9999.0 -9999.0 -9999.0 -9999.0 -9999.0 -9999.0 -9999.0 -9999.0 -9999.0 0.238 0.271 0.274 0.373 0.401 0.328 0.356 0.327 0.336 0.587 0.646 0.28 0.645 0.384 0.644 0.544 0.593 0.584 0.371 1.022 1.087 0.395 1.045 0.38 0.346 0.346 0.418 0.383 0.345 0.265 0.345 0.393 0.265 0.638 1.209 0.637 0.586 0.339 0.636 0.585 0.379 0.356 0.501 0.317 0.634 0.634 0.634 1.025 0.484 0.614 0.613
-9999.0 -9999.0 -9999.0 -9999.0 -9999.0 -9999.0 -9999.0 -9999.0 -9999.0 -9999.0 -9999.0 -9999.0 -9999.0 -9999.0 -9999.0 -9999.0 -9999.0 -9999.0 -9999.0 -9999.0 -9999.0 -9999.0 -9999.0 0.213 0.383 0.385 0.274 0.319 0.281 0.362 0.314 0.353 0.696 0.646 0.355 0.327 1.119 0.694 0.693 1.216 0.692 0.643 0.326 1.071 1.113 1.113 0.536 0.6 0.366 0.652 0.369 0.588 0.1 0.345 0.638 0.293 0.587 0.686 1.229 0.584 0.637 0.636 0.636 0.356 0.492 0.337 0.278 0.683 0.336 0.682 1.038 0.682 0.435 0.633
-9999.0 -9999.0 -9999.0 -9999.0 -9999.0 -9999.0 -9999.0 -9999.0 -9999.0 -9999.0 -9999.0 -9999.0 -9999.0 -9999.0 -9999.0 -9999.0 -9999.0 -9999.0 -9999.0 -9999.0 -9999.0 -9999.0 -9999.0 -9999.0 0.215 0.402 0.331 0.32 0.273 0.273 0.373 0.373 0.248 0.646 0.628 0.268 1.026 0.644 0.271 0.271 0.625 0.643 0.371 1.213 1.021 0.37 0.512 0.411 0.385 1.091 0.269 0.548 0.101 0.114 0.202 0.685 0.579 0.686 0.637 0.578 0.637 0.585 0.62 0.636 1.225 0.482 0.616 0.278 0.336 0.355 0.682 0.614 0.501 0.681
-9999.0 -9999.0 -9999.0 -9999.0 -9999.0 -9999.0 -9999.0 -9999.0 -9999.0 -9999.0 -9999.0 -9999.0 -9999.0 -9999.0 -9999.0 -9999.0 -9999.0 -9999.0 -9999.0 -9999.0 -9999.0 -9999.0 -9999.0 -9999.0 -9999.0 -9999.0 -9999.0 0.402 0.29 0.249 0.301 0.327 0.297 0.696 0.646 0.372 0.327 0.586 0.372 0.326 0.288 0.361 0.643 0.36 0.37 0.37 0.519 0.509 0.541 0.378 0.457 0.914 0.089 0.139 0.11 0.105 0.245 0.586 0.586 0.586 1.077 1.196 0.636 0.684 -9999.0 1.224 1.057 0.276 0.683 0.682 0.682 0.633 0.633 1.219
-9999.0 -9999.0 -9999.0 -9999.0 -9999.0 -9999.0 -9999.0 -9999.0 -9999.0 -9999.0 -9999.0 -9999.0 -9999.0 -9999.0 -9999.0 -9999.0 -9999.0 -9999.0 -9999.0 -9999.0 -9999.0 -9999.0 -9999.0 -9999.0 -9999.0 -9999.0 -9999.0 -9999.0 -9999.0 0.415 0.338 0.407 0.409 0.415 0.372 0.397 0.272 0.341 0.358 0.361 0.616 0.562 0.643 0.271 0.37 0.643 0.362 0.525 0.598 0.505 0.355 0.599 0.533 0.145 0.16 0.101 0.267 0.367 0.285 0.285 1.193 0.577 0.636 -9999.0 -9999.0 -9999.0 1.086 1.32 0.999 0.337 0.634 0.594 0.633 0.459
-9999.0 -9999.0 -9999.0 -9999.0 -9999.0 -9999.0 -9999.0 -9999.0 -9999.0 -9999.0 -9999.0 -9999.0 -9999.0 -9999.0 -9999.0 -9999.0 -9999.0 -9999.0 -9999.0 -9999.0 -9999.0 -9999.0 -9999.0 -9999.0 -9999.0 -9999.0 -9999.0 -9999.0 -9999.0 -9999.0 0.4 0.402 0.383 0.373 0.372 0.695 0.327 0.38 0.372 0.261 0.544 0.657 0.676 0.642 0.639 0.27 0.449 0.471 0.536 0.552 0.472 0.455 0.541 0.123 0.128 0.122 0.16 0.142 0.101 0.244 0.485 1.009 -9999.0 -9999.0 -9999.0 -9999.0 -9999.0 1.032 1.066 1.177 1.097 1.184 1.02 0.502
-9999.0 -9999.0 -9999.0 -9999.0 -9999.0 -9999.0 -9999.0 -9999.0 -9999.0 -9999.0 -9999.0 -9999.0 -9999.0 -9999.0 -9999.0 -9999.0 -9999.0 -9999.0 -9999.0 -9999.0 -9999.0 -9999.0 -9999.0 -9999.0 -9999.0 -9999.0 -9999.0 -9999.0 -9999.0 -9999.0 -9999.0 0.409 0.4 0.356 0.327 0.372 0.288 0.382 0.42 0.371 0.424 0.362 0.36 0.586 0.638 0.691 0.367 0.383 0.356 0.401 0.422 0.283 0.281 0.48 0.549 0.167 0.134 0.112 0.345 0.16 0.673 -9999.0 -9999.0 -9999.0 -9999.0 -9999.0 -9999.0 -9999.0 -9999.0 1.009 1.062 1.194 1.142 1.218
-9999.0 -9999.0 -9999.0 -9999.0 -9999.0 -9999.0 -9999.0 -9999.0 -9999.0 -9999.0 -9999.0 -9999.0 -9999.0 -9999.0 -9999.0 -9999.0 -9999.0 -9999.0 -9999.0 -9999.0 -9999.0 -9999.0 -9999.0 -9999.0 -9999.0 -9999.0 -9999.0 -9999.0 -9999.0 -9999.0 -9999.0 0.477 0.332 0.269 0.272 0.327 0.261 0.263 0.271 0.38 0.424 0.567 0.44 0.624 0.686 0.368 0.357 0.437 0.27 0.42 0.336 0.6 0.123 0.13 0.073 0.358 0.117 0.12 0.124 0.142 -9999.0 -9999.0 -9999.0 -9999.0 -9999.0 -9999.0 -9999.0 -9999.0 -9999.0 -9999.0 0.614 0.633 0.681 0.629
-9999.0 -9999.0 -9999.0 -9999.0 -9999.0 -9999.0 -9999.0 -9999.0 -9999.0 -9999.0 -9999.0 -9999.0 -9999.0 -9999.0 -9999.0 -9999.0 -9999.0 -9999.0 -9999.0 -9999.0 -9999.0 -9999.0 -9999.0 -9999.0 -9999.0 -9999.0 -9999.0 -9999.0 -9999.0 -9999.0 -9999.0 -9999.0 0.39 0.317 0.424 0.184 0.287 0.288 0.206 0.28 0.46 0.402 0.569 0.148 0.128 0.37 0.143 0.149 0.37 0.415 0.409 0.438 0.309 0.177 0.138 0.683 0.388 0.13 0.178 0.218 1.208 0.484 -9999.0 -9999.0 -9999.0 -9999.0 -9999.0 -9999.0 -9999.0 -9999.0 -9999.0 -9999.0 -9999.0 0.681
-9999.0 -9999.0 -9999.0 -9999.0 -9999.0 -9999.0 -9999.0 -9999.0 -9999.0 -9999.0 -9999.0 -9999.0 -9999.0 -9999.0 -9999.0 -9999.0 -9999.0 -9999.0 -9999.0 -9999.0 -9999.0 -9999.0 -9999.0 -9999.0 -9999.0 -9999.0 -9999.0 -9999.0 -9999.0 -9999.0 -9999.0 -9999.0 -9999.0 -9999.0 0.634 0.354 0.388 0.409 0.583 0.553 0.369 0.371 0.238 0.317 0.371 0.379 0.325 0.259 0.195 0.118 0.455 0.407 0.417 0.424 0.414 0.158 0.335 0.189 0.374 0.112 0.101 0.268 0.284 -9999.0 -9999.0 -9999.0 -9999.0 -9999.0 -9999.0 -9999.0 -9999.0 -9999.0 -9999.0 -9999.0
-9999.0 -9999.0 -9999.0 -9999.0 -9999.0 -9999.0 -9999.0 -9999.0 -9999.0 -9999.0 -9999.0 -9999.0 -9999.0 -9999.0 -9999.0 -9999.0 -9999.0 -9999.0 -9999.0 -9999.0 -9999.0 -9999.0 -9999.0 -9999.0 -9999.0 -9999.0 -9999.0 -9999.0 -9999.0 -9999.0 -9999.0 -9999.0 -9999.0 -9999.0 0.225 0.287 0.199 0.215 0.216 0.369 0.382 0.38 0.342 0.512 0.325 0.312 0.093 0.126 0.573 0.576 0.838 0.326 0.15 0.456 0.389 0.331 0.369 0.128 0.132 0.344 0.178 0.304 0.268 0.935 -9999.0 -9999.0 -9999.0 -9999.0 -9999.0 -9999.0 -9999.0 -9999.0 -9999.0 -9999.0
-9999.0 -9999.0 -9999.0 -9999.0 -9999.0 -9999.0 -9999.0 -9999.0 -9999.0 -9999.0 -9999.0 -9999.0 -9999.0 -9999.0 -9999.0 -9999.0 -9999.0 -9999.0 -9999.0 -9999.0 -9999.0 -9999.0 -9999.0 -9999.0 -9999.0 -9999.0 -9999.0 -9999.0 -9999.0 -9999.0 -9999.0 -9999.0 -9999.0 -9999.0 -9999.0 -9999.0 -9999.0 -9999.0 -9999.0 0.219 0.363 0.282 0.371 0.36 0.36 0.27 0.325 0.093 0.093 0.885 0.758 0.85 0.467 0.308 0.421 0.497 0.529 0.309 0.095 0.241 0.292 0.392 0.367 0.323 0.684 -9999.0 -9999.0 -9999.0 -9999.0 -9999.0 -9999.0 -9999.0 -9999.0 -9999.0
-9999.0 -9999.0 -9999.0 -9999.0 -9999.0 -9999.0 -9999.0 -9999.0 -9999.0 -9999.0 -9999.0 -9999.0 -9999.0 -9999.0 -9999.0 -9999.0 -9999.0 -9999.0 -9999.0 -9999.0 -9999.0 -9999.0 -9999.0 -9999.0 -9999.0 -9999.0 -9999.0 -9999.0 -9999.0 -9999.0 -9999.0 -9999.0 -9999.0 -9999.0 -9999.0 -9999.0 -9999.0 -9999.0 -9999.0 -9999.0 -9999.0 0.326 0.322 0.371 0.353 0.359 0.325 0.352 0.325 0.259 0.309 0.494 0.554 0.547 0.554 0.292 0.473 0.545 0.244 0.128 0.127 0.253 0.292 0.974 0.597 0.545 0.564 -9999.0 -9999.0 -9999.0 -9999.0 -9999.0 -9999.0 -9999.0
