static/jobfarm/user_models/minyf/common/HOME-GBHM/输出文件/Output/Grids/Eact20020227.asc
ncols 221
nrows 204
xllcorner -627000.0
yllcorner 3955000.0
cellsize 900.0
NODATA_value -9999.0
[rows 99 to 131 of 204, columns 74 to 147 of 221]
0.497 0.505 0.424 0.564 0.692 0.438 0.374 0.603 0.641 0.589 0.588 0.588 1.102 0.321 0.268 0.268 0.296 0.267 0.313 0.367 0.378 0.552 0.322 0.282 0.46 1.084 0.321 0.329 0.605 0.59 0.603 0.572 0.642 0.387 0.486 0.271 0.43 0.436 0.366 0.501 0.302 0.574 0.464 0.302 0.411 0.367 1.007 0.409 0.437 0.318 0.295 0.36 0.28 0.104 0.106 0.404 0.452 0.428 0.382 0.54 0.156 0.558 0.358 0.442 1.175 0.525 1.079 1.061 1.022 1.08 0.545 0.626 0.626 0.546
0.523 0.403 0.544 0.634 0.643 0.324 0.418 0.294 0.59 0.417 0.589 0.269 0.269 0.269 0.279 0.35 0.316 0.308 0.407 0.302 0.381 0.372 0.242 0.984 0.366 0.242 0.366 0.306 0.317 0.651 0.61 0.609 0.378 0.317 0.364 0.596 0.365 0.407 0.363 0.366 0.421 0.438 1.008 0.377 0.479 0.39 1.178 0.99 0.442 0.46 0.342 0.301 0.258 0.277 0.318 0.09 0.315 0.256 0.435 0.118 0.482 0.477 0.442 0.466 0.352 0.314 0.625 0.626 1.081 0.411 0.674 1.064 1.056 0.675
0.381 0.354 0.565 0.694 0.585 0.319 0.242 0.379 0.302 0.59 0.589 0.303 0.299 0.269 0.269 0.368 0.315 0.323 0.307 0.355 0.294 0.477 0.243 0.322 0.266 0.549 0.365 0.603 0.609 0.551 0.551 0.547 0.348 0.365 0.328 0.603 0.523 0.31 0.421 0.366 0.375 0.416 0.48 0.988 0.356 0.404 0.283 1.041 0.335 0.293 0.31 0.376 0.405 0.383 0.402 0.357 0.352 0.379 0.359 0.119 0.449 0.32 0.443 0.463 0.277 0.615 0.434 0.467 0.363 0.473 1.033 1.179 1.083 0.575
1.046 1.078 1.094 0.645 0.468 0.643 0.375 0.592 0.418 0.323 0.27 0.27 0.3 0.3 0.299 0.244 0.368 0.309 0.368 0.368 0.284 0.635 0.367 0.267 0.367 0.366 0.242 0.242 0.376 0.289 0.35 0.276 0.365 0.305 0.281 0.38 0.295 0.395 0.293 0.369 0.386 0.382 0.36 0.258 0.381 0.378 0.343 0.352 0.54 0.464 0.252 0.319 0.36 0.378 0.408 0.173 0.439 0.319 0.389 0.539 0.319 0.446 0.502 0.262 0.359 0.482 0.434 0.359 0.329 0.475 0.319 0.483 0.485 0.363
1.068 1.046 0.421 0.376 0.644 0.483 0.578 0.577 0.415 0.374 0.439 0.27 0.379 0.269 0.324 0.369 0.369 0.268 0.268 0.323 0.323 0.323 0.377 0.367 0.397 0.367 0.322 0.266 0.306 0.366 0.366 0.365 0.255 0.321 0.568 0.381 0.363 0.364 0.264 0.364 0.283 0.377 0.341 0.278 0.282 0.358 0.353 0.333 0.363 0.319 0.551 0.415 0.318 0.644 0.517 0.359 0.479 0.363 0.449 0.527 0.303 0.971 0.541 0.466 0.448 0.432 0.383 0.283 0.5 0.279 0.371 0.474 0.5 0.32
0.603 0.372 0.426 0.337 0.425 0.609 0.631 0.467 0.324 0.336 0.418 0.59 0.27 0.27 0.269 0.245 0.31 0.369 0.324 0.323 0.349 0.268 0.284 0.367 0.367 0.401 0.267 0.322 0.322 0.366 0.366 0.306 0.369 0.353 0.407 0.312 0.345 0.332 0.396 0.372 0.283 0.286 0.388 0.319 0.359 0.382 0.165 0.145 0.319 0.293 0.303 0.363 0.378 0.408 0.371 0.385 0.383 0.125 0.398 0.501 0.449 0.457 0.869 0.894 0.488 0.543 0.45 0.447 0.279 0.358 0.461 0.628 0.567 0.371
0.377 1.225 0.383 0.646 0.376 0.694 0.589 0.541 0.36 0.336 0.563 0.591 0.27 0.352 0.369 1.074 0.369 0.269 0.369 0.244 0.316 0.268 0.323 0.301 0.376 0.376 0.267 0.367 0.419 0.375 0.366 0.313 0.632 0.333 0.418 0.365 0.365 0.303 0.372 0.365 0.284 0.36 0.383 0.359 0.34 0.36 0.532 0.264 0.174 0.17 0.169 0.12 0.392 0.338 0.4 0.441 0.38 0.443 1.181 0.41 0.41 0.509 0.436 0.151 0.492 0.501 0.435 0.447 0.495 0.495 0.45 0.556 0.284 0.448
1.081 0.637 0.607 0.323 0.376 0.566 0.63 0.575 0.295 0.643 0.642 0.591 0.591 0.414 0.519 0.601 0.312 0.358 0.269 0.368 0.268 0.323 0.268 0.347 0.359 0.367 0.308 0.322 0.322 0.366 0.394 0.394 0.306 0.306 0.265 0.508 0.398 0.327 0.353 0.391 0.385 0.281 0.384 0.361 0.402 0.379 0.557 0.544 0.364 0.194 0.474 0.19 0.122 0.32 0.379 0.362 0.352 0.121 0.114 0.407 0.663 0.919 0.152 0.21 0.447 0.411 0.483 0.435 0.479 0.498 0.448 0.443 0.365 0.306
0.546 0.377 0.543 0.372 0.421 0.482 0.683 0.337 0.375 0.449 0.605 0.308 0.583 0.309 0.641 0.4 0.369 0.326 0.358 0.35 0.378 0.35 0.368 0.585 0.349 0.349 0.367 0.378 0.367 0.367 0.322 0.593 0.266 0.37 0.284 0.384 0.367 0.33 0.367 0.346 0.377 0.32 0.313 0.364 0.316 0.36 0.532 0.477 0.52 0.388 0.416 0.385 0.38 0.154 0.264 0.235 0.346 0.415 0.311 0.364 0.564 0.13 0.133 0.511 0.29 1.183 0.365 0.627 0.456 0.425 0.44 0.488 0.435 0.505
0.573 0.586 0.365 1.123 0.627 0.545 0.612 0.548 0.375 0.324 0.693 0.643 0.542 0.642 0.641 0.59 0.335 0.556 0.379 0.324 0.378 0.302 0.404 0.36 0.402 0.323 0.267 0.356 0.367 0.356 0.367 0.367 0.419 0.294 0.279 0.311 0.309 0.418 0.366 0.369 0.499 0.356 0.312 0.369 0.372 0.364 0.364 0.49 0.507 0.712 0.552 0.501 0.567 0.616 0.2 0.147 0.228 0.496 0.303 0.344 0.922 0.131 0.772 1.001 0.475 0.545 0.6 0.463 1.166 0.961 0.48 0.313 0.346 0.454
0.533 0.631 0.65 0.273 1.124 0.609 0.656 0.479 0.521 0.424 0.371 0.625 0.563 0.642 0.691 0.541 0.371 0.302 0.382 0.269 0.285 0.403 0.3 0.404 0.404 0.379 0.268 0.257 0.122 0.356 0.348 0.398 0.322 0.366 0.266 0.322 0.366 0.289 0.287 0.292 0.672 0.374 0.354 0.369 0.373 0.573 0.429 0.429 0.427 0.452 0.431 0.386 0.433 0.457 0.47 0.162 0.28 0.264 0.27 0.768 0.144 0.957 0.998 1.05 0.955 0.474 0.202 0.133 0.562 0.511 0.498 0.342 0.405 0.309
1.067 0.674 0.488 0.595 0.57 0.421 0.597 0.381 0.52 0.371 0.372 0.387 0.592 0.692 0.642 0.642 0.435 0.401 0.383 0.341 0.306 0.286 0.416 0.412 0.311 0.64 0.611 0.267 0.348 0.314 0.422 0.319 0.461 0.361 0.495 0.334 0.599 0.458 0.417 0.399 0.252 0.355 0.272 0.369 0.321 0.387 0.424 0.41 0.425 0.306 0.334 0.286 0.576 0.508 0.485 0.504 0.495 0.204 0.358 0.121 0.364 0.364 0.303 0.966 0.562 0.873 0.675 0.651 1.03 0.629 0.386 0.315 0.308 0.483
1.231 0.534 0.505 0.538 0.487 1.048 0.627 0.561 0.425 0.372 0.326 0.371 0.643 0.592 0.625 0.642 0.419 0.429 0.284 0.333 0.528 0.403 0.601 0.572 0.626 0.599 0.602 0.593 0.415 0.308 0.267 0.367 0.419 0.355 0.56 0.388 0.458 0.328 0.458 0.433 0.353 0.292 0.265 0.353 0.281 0.374 0.347 0.309 0.488 0.303 0.254 0.442 0.577 0.574 0.132 0.456 0.451 0.452 0.18 0.316 0.316 0.32 0.924 0.34 0.5 0.849 0.642 0.316 0.63 0.63 0.425 0.375 0.322 0.322
1.046 0.542 0.572 0.506 0.556 1.074 0.282 0.672 0.483 0.424 0.32 0.261 0.361 0.382 0.643 0.642 0.418 0.411 0.384 0.361 0.404 0.315 0.389 0.425 0.654 0.544 0.606 0.573 0.499 0.42 0.415 0.371 0.419 0.414 0.417 0.385 0.382 0.285 0.434 0.434 0.282 0.365 0.365 0.369 0.317 0.353 0.362 0.307 0.362 0.357 0.365 0.315 0.458 0.569 0.265 0.105 0.354 0.552 0.662 0.148 0.136 0.114 0.882 0.368 0.53 0.29 0.563 0.365 0.631 0.631 0.392 0.391 0.418 0.352
0.428 0.647 0.674 0.584 0.549 0.497 0.3 0.628 0.627 0.608 0.403 0.372 0.372 0.326 0.326 0.37 0.642 0.27 0.648 0.4 0.406 0.388 0.319 0.391 0.409 0.449 0.632 0.292 0.416 0.637 0.356 1.011 1.014 0.355 0.593 0.593 0.313 0.385 0.346 0.409 0.332 0.355 0.366 0.241 0.269 0.376 0.145 0.094 0.489 0.357 0.321 0.45 0.475 0.45 0.434 0.48 0.312 0.533 0.262 1.016 0.962 0.18 0.17 0.551 0.631 0.48 0.634 0.376 0.251 0.631 0.483 0.309 0.416 0.473
0.329 0.378 0.64 1.044 0.422 0.535 1.066 0.377 0.226 0.596 0.646 0.645 0.606 0.326 0.288 0.36 0.543 0.475 0.412 0.418 0.286 0.324 0.358 0.258 0.641 0.592 0.321 0.398 0.305 0.386 0.331 0.423 0.346 0.412 0.315 0.333 0.313 0.26 0.319 0.318 0.357 0.37 0.349 0.355 0.618 0.638 0.6 0.321 0.321 1.093 0.607 0.409 0.46 0.133 0.103 0.143 0.334 1.09 0.662 0.203 0.152 0.199 0.495 0.305 0.612 0.232 0.312 0.422 0.679 0.68 1.017 1.042 1.05 1.066
1.088 1.047 0.274 1.131 0.566 0.633 0.654 0.298 0.377 0.253 0.321 0.126 0.328 0.272 0.644 0.271 0.271 0.326 0.325 0.37 0.379 0.373 0.417 0.518 0.417 0.688 0.429 0.315 0.383 0.324 0.307 0.386 0.434 0.41 0.333 0.333 0.36 0.333 0.316 0.37 0.419 0.318 0.375 0.255 0.318 0.682 0.497 0.318 0.282 0.107 0.413 0.313 0.14 0.126 0.482 1.19 0.324 0.245 0.433 0.581 0.504 0.544 0.128 0.473 0.416 0.55 0.381 0.305 0.148 1.021 0.503 1.057 0.996 0.159
1.071 1.234 0.358 0.57 1.112 1.052 0.668 0.422 0.434 0.326 0.566 0.425 0.247 0.361 0.627 0.377 0.371 0.502 0.371 0.418 0.418 0.318 0.57 0.422 0.322 0.364 0.398 0.268 0.384 0.384 0.409 0.385 0.435 0.386 0.333 0.267 0.386 0.367 0.291 0.356 0.319 0.419 0.375 0.233 0.266 0.418 0.318 0.413 0.512 1.02 0.512 1.093 0.143 0.463 0.478 0.996 0.234 0.315 0.321 0.213 0.227 0.501 0.507 0.181 0.128 0.46 0.393 0.439 0.312 0.119 0.125 0.111 1.124 0.523
0.703 0.308 1.24 1.188 0.592 0.622 0.374 0.364 0.298 0.356 0.434 0.321 0.327 0.261 0.586 0.313 0.544 0.326 0.412 0.325 0.27 0.323 0.418 0.322 0.358 0.322 0.322 0.369 0.367 0.384 0.325 0.311 0.458 0.386 0.371 0.612 0.356 0.162 0.356 0.371 0.388 0.314 0.322 0.256 0.283 0.266 0.266 0.37 1.041 0.266 0.266 0.509 0.366 0.266 0.474 1.06 1.003 1.068 0.552 0.159 0.178 0.219 0.575 0.523 0.164 0.146 0.461 0.093 1.075 0.109 0.365 0.166 1.132 0.522
0.653 1.158 0.652 1.114 0.649 0.65 0.469 0.396 0.378 0.411 0.426 0.647 0.273 1.18 0.272 0.313 0.272 0.42 0.36 0.615 0.374 0.359 0.374 0.423 0.369 0.422 0.358 0.32 0.358 0.35 0.285 0.305 0.355 0.386 0.317 0.371 0.548 0.323 0.611 0.518 0.419 0.462 0.256 0.356 0.322 0.322 1.027 0.418 0.312 0.394 0.266 0.577 0.266 0.484 0.501 1.093 0.442 0.327 0.44 0.171 0.681 0.563 0.58 0.616 0.318 0.155 1.094 0.556 0.313 0.417 0.613 0.372 0.564 0.099
0.326 0.653 1.006 1.096 1.07 0.6 1.019 0.441 0.413 0.648 0.426 0.355 0.327 0.355 0.372 0.645 0.272 0.296 0.636 0.336 0.374 0.36 0.37 0.359 0.423 0.418 0.373 0.258 0.326 0.359 0.326 0.312 0.338 0.328 0.338 0.268 0.334 0.357 1.092 0.981 1.042 0.332 0.357 0.296 0.367 0.243 0.348 0.37 1.094 0.277 0.366 0.313 0.48 0.582 1.094 1.072 0.533 0.402 0.268 0.494 0.191 0.172 0.623 0.163 0.097 0.412 0.146 0.654 0.317 1.091 1.094 0.307 0.092 0.607
0.276 0.368 0.631 0.567 1.056 1.232 0.592 0.699 0.649 0.328 0.373 0.373 0.327 0.273 0.327 0.695 0.552 0.633 0.324 0.375 0.643 0.437 0.37 0.281 0.335 0.373 0.319 0.315 0.329 0.33 0.633 0.618 0.616 0.405 0.541 0.292 0.268 0.338 0.368 0.483 0.464 0.415 0.415 0.271 0.323 0.267 0.319 0.414 0.319 0.53 0.366 0.307 0.486 0.266 1.072 1.027 0.682 0.243 0.366 0.366 0.094 0.103 0.475 0.125 0.134 0.45 0.415 0.181 0.49 0.545 1.095 0.39 0.327 0.607
1.268 0.704 0.531 0.501 1.056 1.233 1.129 1.23 0.612 0.549 1.254 1.174 0.576 0.273 0.327 0.32 0.372 0.271 0.424 0.324 0.643 0.351 0.361 0.297 0.142 0.423 0.373 0.316 0.411 0.373 0.458 0.388 0.625 0.406 0.292 0.372 0.416 0.32 0.244 1.103 0.308 0.396 0.265 0.452 0.314 0.323 1.018 0.427 0.635 0.48 0.576 0.267 0.291 0.554 0.283 0.394 0.439 0.17 0.331 0.322 0.083 0.149 0.306 0.092 0.219 0.332 0.545 0.4 0.181 0.146 0.295 0.417 0.371 0.265
0.705 0.501 0.499 0.561 1.074 1.073 1.132 1.045 0.495 1.035 1.109 1.074 0.547 1.205 0.327 0.372 0.303 0.353 0.288 0.694 0.644 0.351 0.353 0.371 0.336 0.374 0.38 0.316 0.385 0.399 0.358 0.373 0.407 0.406 0.416 0.429 0.416 0.42 0.321 1.104 0.268 0.585 0.245 0.267 0.308 0.287 0.52 0.467 0.674 0.633 0.605 0.242 0.634 0.367 0.419 0.434 0.264 0.366 0.443 0.322 0.425 1.09 0.487 0.359 0.59 0.306 0.12 0.393 0.368 0.308 0.167 0.14 1.036 0.318
1.071 0.586 0.542 0.653 1.133 0.702 1.104 1.082 1.062 1.129 0.274 0.698 0.598 1.125 0.373 0.273 0.239 0.28 0.642 0.594 0.544 0.311 0.371 0.326 0.326 0.37 0.27 0.259 0.597 0.27 0.422 0.389 0.435 0.417 0.321 0.321 0.43 0.372 0.372 0.368 0.298 0.401 0.232 0.368 0.263 1.009 0.635 0.584 0.583 0.405 0.322 1.024 0.488 1.098 0.359 0.634 0.307 0.634 0.554 0.266 0.366 0.282 0.116 0.366 0.574 0.417 0.366 0.115 0.113 0.369 0.404 0.359 0.272 0.546
0.637 0.528 0.518 0.553 0.417 1.116 0.404 0.701 1.104 0.65 0.417 0.649 1.116 1.082 0.697 0.611 0.327 0.289 0.645 0.565 0.594 0.644 0.288 0.271 0.572 0.271 0.323 0.325 0.307 0.359 0.347 0.408 0.259 0.388 0.293 0.639 0.638 0.464 0.372 0.282 0.323 0.368 0.368 0.636 1.035 1.078 0.581 0.49 0.161 0.576 0.367 0.38 0.323 0.273 0.367 0.494 0.634 0.554 0.495 0.266 0.314 0.614 0.094 0.119 0.346 0.478 0.355 0.369 0.343 0.371 0.613 0.434 0.321 0.413
0.521 0.705 0.654 0.616 1.137 0.652 0.652 0.417 0.329 0.65 0.599 1.127 1.125 1.083 1.04 0.647 1.213 0.546 0.646 0.586 0.586 0.627 0.693 0.657 0.287 0.287 0.433 0.37 0.37 0.37 0.635 0.359 0.327 0.411 0.245 0.245 0.62 0.638 0.597 0.633 0.943 0.368 0.463 1.036 1.103 0.618 0.536 0.491 0.333 0.584 0.348 0.684 0.298 0.261 0.367 0.12 0.634 0.267 0.426 1.022 0.322 1.195 1.063 0.488 0.381 0.322 0.455 0.312 0.372 0.444 0.328 0.594 0.633 0.366
0.323 0.423 0.423 0.504 0.653 0.649 0.558 0.375 0.61 0.61 0.592 0.449 1.109 1.227 1.226 0.647 1.089 0.412 0.327 0.372 0.327 0.247 0.326 0.271 0.246 0.287 0.371 0.364 0.37 0.325 0.359 0.325 0.479 0.422 0.342 0.324 0.4 0.401 0.587 0.511 0.638 0.324 1.012 0.491 0.686 0.685 0.376 0.582 0.367 0.323 1.05 0.248 0.227 0.227 0.683 0.322 0.235 0.634 0.634 0.473 1.055 0.375 0.927 0.585 0.971 0.266 0.366 1.006 0.483 0.494 0.372 0.633 0.524 0.467
0.37 0.423 0.422 0.376 0.376 0.376 0.33 0.602 0.701 0.601 0.65 1.23 1.06 1.092 0.357 1.057 1.125 1.113 0.646 0.454 0.272 0.313 0.326 0.371 0.247 0.371 0.371 0.692 0.635 0.642 0.316 0.27 0.27 0.31 0.398 0.369 0.389 0.326 0.401 0.638 0.353 1.062 1.087 0.456 0.637 0.577 0.284 0.576 0.368 0.267 0.367 1.101 0.49 0.584 0.635 0.587 0.236 0.137 0.418 0.367 0.415 0.683 0.683 0.582 0.973 0.322 0.379 0.347 0.266 1.062 0.454 0.423 0.633 0.457
0.335 0.454 0.466 0.384 0.425 0.343 0.653 0.652 0.635 0.601 0.651 0.65 1.119 1.06 1.227 1.226 1.044 0.609 0.646 1.237 1.07 0.595 0.313 0.272 0.375 0.271 0.314 0.643 0.624 0.591 0.641 0.325 0.311 0.37 0.399 0.324 0.341 0.401 0.341 0.539 0.638 0.372 0.518 0.393 1.073 0.537 0.516 0.292 0.392 0.636 0.617 0.556 0.491 0.635 0.584 0.443 0.596 0.296 0.137 0.227 0.634 0.322 0.37 0.634 0.322 0.857 0.356 0.366 0.607 0.366 0.458 0.482 0.48 0.617
0.459 0.221 0.289 0.423 0.369 0.425 0.425 0.429 0.342 0.407 0.379 1.071 1.13 1.129 0.274 0.598 0.648 0.273 0.644 0.631 0.629 0.518 1.151 1.208 0.644 0.288 0.643 0.643 0.592 0.347 0.562 0.641 0.37 0.352 0.403 0.325 0.424 0.401 0.429 0.311 0.579 0.275 1.022 0.293 0.477 0.637 0.492 0.637 0.585 0.636 0.617 0.597 0.492 0.617 1.058 0.635 0.684 0.635 0.344 0.667 0.244 0.683 0.371 0.534 0.267 0.503 0.233 0.634 0.366 1.097 0.575 1.096 0.302 0.458
0.596 0.389 0.489 0.538 1.118 0.269 0.218 0.33 0.292 0.379 0.438 0.285 1.112 1.13 0.588 0.59 0.631 0.648 0.356 1.223 0.349 0.695 0.645 0.58 1.119 1.245 0.644 0.414 0.643 0.642 0.583 0.542 0.623 0.641 0.403 0.325 0.33 0.386 0.351 0.635 0.48 1.097 1.072 1.204 0.638 0.558 0.586 0.477 1.044 0.637 0.557 0.557 1.018 0.508 1.075 0.576 0.596 0.504 0.635 1.057 0.335 0.404 0.296 0.435 0.367 1.096 0.37 0.395 1.046 0.366 0.554 0.425 1.194 0.309
0.315 0.202 0.486 0.538 0.559 0.272 0.297 0.234 0.194 0.359 0.32 0.316 0.325 0.374 0.274 0.374 0.315 0.698 0.273 0.303 0.632 0.36 0.646 0.645 0.645 1.199 1.174 1.343 1.164 0.476 0.642 0.642 0.691 0.59 0.368 0.325 0.413 0.325 0.379 0.461 0.467 0.906 1.031 1.096 1.088 0.687 0.637 1.105 0.273 0.428 0.508 0.51 0.373 1.059 0.284 0.576 0.635 0.533 0.995 1.071 1.065 1.099 0.635 0.545 0.546 0.356 0.489 0.366 0.322 0.343 0.634 0.391 0.499 0.366
