static/jobfarm/user_models/minyf/common/HOME-GBHM/输出文件/Output/Grids/Eact20020226.asc
ncols 221
nrows 204
xllcorner -627000.0
yllcorner 3955000.0
cellsize 900.0
NODATA_value -9999.0
[rows 33 to 65 of 204, columns 74 to 147 of 221]
0.446 0.375 0.283 0.281 0.295 0.276 0.576 0.25 0.558 0.338 0.56 0.222 0.371 0.274 0.317 0.223 0.19 0.2 0.21 0.2 0.197 0.452 0.378 0.189 0.194 0.188 0.189 0.189 0.196 0.188 0.209 0.382 0.396 0.571 0.571 0.516 0.548 0.232 0.496 0.538 0.231 0.229 0.23 0.156 0.156 0.198 -9999.0 -9999.0 -9999.0 -9999.0 -9999.0 -9999.0 -9999.0 -9999.0 -9999.0 -9999.0 -9999.0 -9999.0 -9999.0 -9999.0 -9999.0 -9999.0 -9999.0 -9999.0 -9999.0 -9999.0 -9999.0 -9999.0 -9999.0 -9999.0 -9999.0 -9999.0 -9999.0 -9999.0
0.447 0.284 0.454 0.28 0.295 1.098 0.214 0.218 0.274 0.276 0.22 0.34 1.018 0.317 0.317 0.211 0.2 0.189 0.294 0.197 0.315 0.378 0.189 0.189 0.189 0.189 0.377 0.204 0.188 0.188 0.188 0.196 0.457 1.006 0.254 0.392 0.503 0.24 0.229 0.568 0.231 0.232 0.307 0.231 0.199 -9999.0 -9999.0 -9999.0 -9999.0 -9999.0 -9999.0 -9999.0 -9999.0 -9999.0 -9999.0 -9999.0 -9999.0 -9999.0 -9999.0 -9999.0 -9999.0 -9999.0 -9999.0 -9999.0 -9999.0 -9999.0 -9999.0 -9999.0 -9999.0 -9999.0 -9999.0 -9999.0 -9999.0 -9999.0
0.296 0.294 0.281 0.282 0.22 0.295 0.572 0.218 0.276 0.278 0.224 0.541 0.349 0.455 0.317 1.092 0.21 0.192 0.194 0.197 0.315 0.503 0.189 0.189 0.196 0.189 0.189 0.199 0.188 0.19 0.187 0.188 0.458 0.389 0.571 0.57 0.392 0.291 0.953 0.285 0.308 0.277 0.232 0.23 0.199 -9999.0 -9999.0 -9999.0 -9999.0 -9999.0 -9999.0 -9999.0 -9999.0 -9999.0 -9999.0 -9999.0 -9999.0 -9999.0 -9999.0 -9999.0 -9999.0 -9999.0 -9999.0 -9999.0 -9999.0 -9999.0 -9999.0 -9999.0 -9999.0 -9999.0 -9999.0 -9999.0 -9999.0 -9999.0
0.449 0.351 0.546 0.583 0.337 0.339 0.218 1.093 0.218 0.218 0.341 0.341 1.094 0.404 0.474 0.579 0.275 0.2 0.223 0.2 0.274 0.197 0.35 0.21 0.209 0.29 0.232 0.271 0.188 0.188 0.19 0.457 0.46 0.458 0.384 0.57 1.072 0.385 0.512 0.524 0.233 0.229 0.172 0.286 0.2 0.199 -9999.0 -9999.0 -9999.0 -9999.0 -9999.0 -9999.0 -9999.0 -9999.0 -9999.0 -9999.0 -9999.0 -9999.0 -9999.0 -9999.0 -9999.0 -9999.0 -9999.0 -9999.0 -9999.0 -9999.0 -9999.0 -9999.0 -9999.0 -9999.0 -9999.0 -9999.0 -9999.0 -9999.0
0.319 0.278 0.583 0.549 0.338 0.338 0.339 1.096 0.339 0.218 0.212 0.317 0.459 0.453 1.092 0.274 0.316 0.316 0.233 0.233 0.347 0.233 0.274 0.273 0.278 0.284 0.199 0.376 0.188 0.198 0.187 0.457 0.459 0.46 0.466 0.287 0.57 0.384 0.547 0.385 0.233 0.384 0.287 0.287 0.2 0.2 -9999.0 -9999.0 -9999.0 -9999.0 -9999.0 -9999.0 -9999.0 -9999.0 -9999.0 -9999.0 -9999.0 -9999.0 -9999.0 -9999.0 -9999.0 -9999.0 -9999.0 -9999.0 -9999.0 -9999.0 -9999.0 -9999.0 -9999.0 -9999.0 -9999.0 -9999.0 -9999.0 -9999.0
0.583 0.583 0.34 0.583 0.451 0.452 0.339 0.46 0.34 0.34 0.455 0.516 0.454 1.093 0.454 0.579 0.579 0.348 0.274 0.578 0.577 0.371 0.576 0.576 0.576 0.273 0.189 0.374 0.188 0.16 0.188 0.195 0.211 0.196 0.467 0.385 0.534 1.067 0.255 0.385 0.384 0.233 0.232 0.232 0.23 0.231 0.155 0.198 0.281 0.198 0.198 0.279 -9999.0 -9999.0 -9999.0 -9999.0 -9999.0 -9999.0 -9999.0 -9999.0 -9999.0 -9999.0 -9999.0 -9999.0 -9999.0 -9999.0 -9999.0 -9999.0 -9999.0 -9999.0 -9999.0 -9999.0 -9999.0 -9999.0
0.459 0.583 0.341 0.341 0.34 0.453 0.453 0.453 0.343 0.351 0.473 0.33 0.455 0.455 0.332 0.379 0.579 0.379 0.578 0.379 0.577 0.577 0.576 0.576 0.576 0.314 0.314 0.368 0.196 0.297 0.272 0.275 0.198 0.196 0.465 0.367 0.232 0.57 0.273 0.386 0.385 0.156 0.372 0.214 0.157 0.229 0.228 0.155 0.198 0.198 0.198 0.28 0.28 -9999.0 -9999.0 -9999.0 -9999.0 -9999.0 -9999.0 -9999.0 -9999.0 -9999.0 -9999.0 -9999.0 -9999.0 -9999.0 -9999.0 -9999.0 -9999.0 -9999.0 -9999.0 -9999.0 -9999.0 -9999.0
0.46 0.218 0.349 0.579 0.219 0.341 0.454 0.454 0.455 0.344 0.474 0.462 0.292 0.455 0.38 0.368 0.316 0.189 0.2 0.222 0.2 0.183 0.274 0.189 0.199 0.575 0.951 0.314 0.53 0.458 1.08 0.313 0.196 0.196 0.465 0.467 0.282 0.57 0.257 0.254 0.278 0.308 0.157 0.233 0.157 0.157 0.156 0.155 0.198 0.198 0.155 0.227 0.197 -9999.0 -9999.0 -9999.0 -9999.0 -9999.0 -9999.0 -9999.0 -9999.0 -9999.0 -9999.0 -9999.0 -9999.0 -9999.0 -9999.0 -9999.0 -9999.0 -9999.0 -9999.0 -9999.0 -9999.0 -9999.0
0.319 0.564 0.561 0.233 0.219 0.341 0.455 0.455 0.466 0.342 0.286 0.316 0.455 0.258 0.203 0.204 0.275 0.2 0.189 0.213 0.274 0.199 1.086 0.375 0.375 0.199 0.575 1.082 1.081 1.081 0.46 0.46 0.465 0.328 0.374 0.467 0.457 0.57 0.529 0.308 0.538 0.233 0.233 0.157 0.536 0.532 0.156 0.37 0.212 0.155 0.155 0.305 0.28 0.197 -9999.0 -9999.0 -9999.0 -9999.0 -9999.0 -9999.0 -9999.0 -9999.0 -9999.0 -9999.0 -9999.0 -9999.0 -9999.0 -9999.0 -9999.0 -9999.0 -9999.0 -9999.0 -9999.0 -9999.0
0.219 1.097 0.373 0.538 0.579 0.566 0.318 0.464 0.455 1.094 0.476 0.476 0.177 0.21 0.202 0.202 0.2 0.201 0.2 0.19 0.274 0.326 0.274 0.375 0.19 0.19 0.211 0.273 0.458 0.459 0.459 0.459 0.46 0.46 0.387 0.528 0.551 0.57 0.373 0.309 0.253 0.231 0.252 0.341 0.371 0.253 0.157 0.205 0.157 0.157 0.156 0.563 0.199 -9999.0 -9999.0 -9999.0 -9999.0 -9999.0 -9999.0 -9999.0 -9999.0 -9999.0 -9999.0 -9999.0 -9999.0 -9999.0 -9999.0 -9999.0 -9999.0 -9999.0 -9999.0 -9999.0 -9999.0 -9999.0
1.096 0.224 0.562 0.562 0.55 0.572 0.582 0.374 0.804 0.581 0.477 0.275 0.458 0.202 0.202 0.191 0.183 0.204 0.204 0.288 0.213 0.292 0.274 0.325 0.296 0.191 0.197 0.369 0.276 0.46 0.46 0.46 0.46 1.077 0.394 0.517 0.549 0.292 0.204 0.158 0.512 0.308 0.308 0.25 0.258 0.254 0.232 0.316 0.235 0.157 0.564 0.202 0.198 -9999.0 -9999.0 -9999.0 -9999.0 -9999.0 -9999.0 -9999.0 -9999.0 -9999.0 -9999.0 -9999.0 -9999.0 -9999.0 -9999.0 -9999.0 -9999.0 -9999.0 -9999.0 -9999.0 -9999.0 -9999.0
0.345 0.369 0.548 0.564 0.56 0.56 0.581 1.095 0.317 0.349 0.478 0.457 0.461 0.202 0.19 0.2 0.19 0.204 0.204 0.204 0.202 0.274 0.346 0.212 0.209 0.204 0.276 0.221 0.314 0.272 0.46 0.46 0.461 0.461 0.279 0.571 0.334 0.167 0.2 0.569 0.167 0.543 0.308 0.545 0.567 0.431 0.563 0.535 0.565 0.424 0.217 0.2 0.199 -9999.0 -9999.0 -9999.0 -9999.0 -9999.0 -9999.0 -9999.0 -9999.0 -9999.0 -9999.0 -9999.0 -9999.0 -9999.0 -9999.0 -9999.0 -9999.0 -9999.0 -9999.0 -9999.0 -9999.0 -9999.0
0.346 0.574 0.176 0.347 0.562 0.151 0.558 0.316 0.349 0.467 0.479 0.481 0.203 0.287 0.19 0.19 0.202 0.204 0.204 0.202 0.19 0.199 0.204 0.315 0.205 0.295 0.182 0.19 0.189 0.313 0.462 0.461 0.461 0.461 1.073 0.55 0.183 0.195 0.199 0.207 0.513 0.233 0.254 0.254 0.311 0.567 0.535 0.233 0.233 0.251 0.201 0.201 0.199 0.199 -9999.0 -9999.0 -9999.0 -9999.0 -9999.0 -9999.0 -9999.0 -9999.0 -9999.0 -9999.0 -9999.0 -9999.0 -9999.0 -9999.0 -9999.0 -9999.0 -9999.0 -9999.0 -9999.0 -9999.0
0.174 0.559 0.176 0.579 0.372 0.581 0.559 0.56 0.559 0.317 0.48 0.48 0.482 0.48 0.481 0.19 0.205 0.204 0.204 0.377 0.183 0.202 0.212 0.189 0.182 0.181 0.189 0.19 0.189 0.211 0.275 0.462 0.462 0.231 0.572 0.229 0.177 0.195 0.208 0.186 0.278 0.29 0.251 0.289 0.289 0.239 0.387 0.387 0.233 0.233 0.157 0.232 0.231 0.156 0.187 -9999.0 -9999.0 0.188 0.19 -9999.0 -9999.0 -9999.0 -9999.0 -9999.0 -9999.0 -9999.0 -9999.0 -9999.0 -9999.0 -9999.0 -9999.0 -9999.0 -9999.0 -9999.0
0.168 1.096 0.164 0.229 0.15 0.581 0.206 0.558 0.166 0.349 0.276 0.276 0.289 0.482 0.482 0.484 0.205 0.206 0.377 0.183 0.204 0.191 0.206 0.212 0.204 0.203 0.204 0.199 0.192 0.19 0.221 0.275 0.387 0.387 0.572 0.233 0.214 0.201 0.188 0.279 0.272 0.315 0.289 0.29 0.388 0.387 0.241 0.24 0.243 0.387 0.387 0.904 0.157 0.156 0.188 -9999.0 -9999.0 0.184 0.306 -9999.0 -9999.0 -9999.0 -9999.0 -9999.0 -9999.0 -9999.0 -9999.0 -9999.0 -9999.0 -9999.0 -9999.0 -9999.0 -9999.0 -9999.0
0.205 0.347 0.205 0.482 0.151 0.151 0.204 0.342 0.204 0.38 0.298 0.276 0.288 0.287 0.483 0.483 0.205 0.205 0.205 0.205 0.204 0.208 0.212 0.204 0.202 0.202 0.203 0.277 0.231 0.272 0.313 0.311 0.235 1.073 0.234 0.165 0.159 0.188 0.373 0.281 0.482 0.505 0.529 0.389 0.305 0.346 0.277 0.277 0.228 0.195 0.205 0.37 0.157 0.274 0.184 0.195 0.192 0.312 0.183 -9999.0 -9999.0 -9999.0 -9999.0 -9999.0 -9999.0 -9999.0 -9999.0 -9999.0 -9999.0 -9999.0 -9999.0 -9999.0 -9999.0 -9999.0
0.207 0.205 0.206 0.294 0.205 0.205 0.205 0.483 0.205 0.291 0.192 0.277 0.204 0.191 0.2 0.183 0.19 0.332 0.273 0.331 0.311 0.205 0.204 0.205 0.204 0.204 0.472 0.566 0.297 0.286 0.272 0.516 0.249 1.076 0.158 0.169 0.168 0.164 0.241 0.309 0.479 0.391 0.39 0.525 0.443 0.256 0.275 0.271 0.275 0.19 0.189 0.19 0.19 0.188 0.288 0.266 0.184 0.308 0.184 -9999.0 -9999.0 -9999.0 -9999.0 -9999.0 -9999.0 -9999.0 -9999.0 -9999.0 -9999.0 -9999.0 -9999.0 -9999.0 -9999.0 -9999.0
0.205 0.292 0.205 0.292 0.207 0.207 0.205 0.205 0.204 0.204 0.204 0.289 0.289 0.204 0.204 0.203 0.205 0.2 0.21 0.199 0.213 0.313 0.205 0.205 0.301 0.303 0.311 0.289 0.314 0.304 0.313 0.53 1.08 0.572 0.458 0.169 0.169 0.333 0.279 0.235 0.363 0.381 0.278 0.278 0.285 0.329 0.275 0.28 0.275 0.274 0.275 0.19 0.189 0.185 0.282 0.267 0.56 0.308 0.182 0.183 0.283 0.184 -9999.0 -9999.0 -9999.0 -9999.0 -9999.0 -9999.0 -9999.0 -9999.0 -9999.0 -9999.0 -9999.0 -9999.0
0.206 0.193 0.205 0.206 0.205 0.29 0.207 0.207 0.289 0.204 0.204 0.191 0.204 0.19 0.19 0.19 0.196 0.205 0.205 0.196 0.19 0.183 0.274 0.325 0.309 0.345 0.297 0.302 0.314 0.314 0.313 0.311 0.28 0.573 0.236 0.166 0.302 0.262 0.514 0.513 0.309 0.308 0.372 0.308 0.261 0.271 0.276 0.276 0.272 0.19 0.19 0.189 0.19 0.19 0.265 0.315 0.54 0.267 0.183 0.183 0.262 0.261 -9999.0 -9999.0 -9999.0 -9999.0 -9999.0 -9999.0 -9999.0 -9999.0 -9999.0 -9999.0 -9999.0 -9999.0
0.193 0.206 0.206 0.201 0.205 0.192 0.205 0.205 0.201 0.205 0.289 0.191 0.204 0.191 0.191 0.191 0.524 0.197 0.206 0.195 0.198 0.199 0.376 0.183 0.199 0.182 0.314 0.276 0.296 0.295 0.313 0.391 1.075 0.573 0.544 0.31 0.28 0.493 0.382 0.391 0.328 0.272 0.281 0.331 0.239 0.28 0.28 0.28 0.211 0.19 0.19 0.293 0.193 0.189 0.183 0.183 0.564 0.315 0.262 0.183 0.369 0.262 -9999.0 -9999.0 -9999.0 -9999.0 -9999.0 -9999.0 -9999.0 -9999.0 -9999.0 -9999.0 -9999.0 -9999.0
0.193 0.29 0.465 0.255 0.487 0.566 0.489 0.465 0.177 0.205 0.205 0.192 0.204 0.204 0.204 0.276 0.2 0.191 0.183 0.199 0.279 0.278 0.304 0.194 0.196 0.278 0.199 0.182 0.486 0.236 0.236 0.41 0.263 0.236 0.158 0.31 0.333 0.525 0.328 0.278 0.327 0.321 0.281 0.557 0.467 0.28 0.54 0.283 0.19 0.273 0.283 0.194 0.198 0.191 0.198 0.193 0.175 0.264 0.261 0.262 0.304 -9999.0 -9999.0 -9999.0 -9999.0 -9999.0 -9999.0 -9999.0 -9999.0 -9999.0 -9999.0 -9999.0 -9999.0 -9999.0
0.318 0.301 0.582 0.294 0.467 0.276 0.317 0.577 0.265 0.32 0.466 0.177 0.205 0.207 0.206 0.183 0.191 0.183 0.191 0.183 0.183 0.191 0.277 0.276 0.276 0.191 0.191 0.278 0.199 0.16 0.394 0.281 0.235 0.246 0.263 0.248 0.278 0.278 0.278 0.274 0.273 0.273 0.273 0.273 0.272 0.272 0.495 0.489 0.192 0.199 0.198 0.191 0.203 0.209 0.371 0.371 0.258 0.565 0.315 0.313 0.564 -9999.0 -9999.0 -9999.0 -9999.0 -9999.0 -9999.0 -9999.0 -9999.0 -9999.0 -9999.0 -9999.0 -9999.0 -9999.0
0.582 1.097 0.582 0.582 0.582 0.318 0.381 0.195 0.38 0.52 0.265 0.234 0.489 0.293 0.49 0.206 0.206 0.205 0.205 0.191 0.19 0.183 0.192 0.277 0.276 0.275 0.277 0.191 0.199 0.398 1.077 0.281 0.236 0.236 0.28 0.236 0.193 0.193 0.193 0.193 0.274 0.457 0.276 0.273 0.275 0.276 0.487 0.324 0.31 0.199 0.192 0.199 0.199 0.206 0.21 0.362 0.37 0.565 0.565 0.565 0.565 0.564 -9999.0 -9999.0 -9999.0 -9999.0 -9999.0 -9999.0 -9999.0 -9999.0 -9999.0 -9999.0 -9999.0 -9999.0
1.097 0.482 0.582 0.283 1.096 0.216 0.216 0.187 0.23 0.201 0.214 0.2 0.184 0.278 0.29 0.205 0.206 0.205 0.205 0.206 0.19 0.19 0.176 0.199 0.237 0.236 0.278 0.191 0.267 0.395 1.076 0.237 0.439 0.526 0.311 0.241 0.231 0.185 0.193 0.193 0.191 0.191 0.191 0.273 0.273 0.457 0.24 0.24 0.311 0.336 0.196 0.31 0.31 0.259 0.186 0.299 0.542 0.566 0.565 0.186 0.287 0.37 0.267 0.268 0.271 -9999.0 -9999.0 -9999.0 -9999.0 -9999.0 -9999.0 -9999.0 -9999.0 -9999.0
0.318 0.582 0.582 1.096 0.47 0.302 0.216 0.216 0.215 0.213 0.207 0.193 0.193 0.184 0.192 0.281 0.207 0.192 0.206 0.206 0.206 0.191 0.213 0.197 0.183 0.185 0.279 0.277 0.273 0.983 0.242 0.523 0.311 0.573 0.256 0.293 0.279 0.287 0.193 0.192 0.191 0.273 0.458 0.273 0.273 0.458 0.277 0.289 0.311 0.311 0.197 0.276 0.31 0.369 0.267 0.31 0.566 0.267 0.292 0.186 0.186 0.266 0.565 0.273 0.19 0.189 -9999.0 -9999.0 -9999.0 -9999.0 -9999.0 -9999.0 -9999.0 -9999.0
0.375 0.282 1.097 0.47 0.47 0.201 0.216 0.215 0.216 0.212 0.207 0.295 0.208 0.208 0.208 0.207 0.205 0.192 0.278 0.205 0.205 0.192 0.191 0.212 0.192 0.159 0.185 0.238 0.233 0.281 0.534 0.557 0.574 0.311 0.254 0.279 0.289 0.281 0.278 0.193 0.276 0.192 0.274 0.302 0.441 0.441 0.263 0.263 0.311 0.569 0.545 0.311 0.568 0.281 0.287 0.567 0.567 0.293 0.274 0.274 0.19 0.186 0.186 0.314 0.191 0.273 -9999.0 -9999.0 -9999.0 -9999.0 -9999.0 -9999.0 -9999.0 -9999.0
0.318 1.097 0.493 0.493 0.184 0.216 0.216 0.496 0.497 0.215 0.209 0.215 0.194 0.294 0.293 0.206 0.206 0.205 0.193 0.2 0.29 0.191 0.207 0.192 0.211 0.279 0.161 0.312 0.312 0.237 0.536 0.31 0.311 0.281 0.283 0.285 0.279 0.29 0.194 0.192 0.192 0.186 0.302 0.312 0.57 0.269 0.57 0.364 0.207 1.072 0.373 0.568 0.568 0.568 0.565 0.544 0.196 0.196 0.267 0.275 0.192 0.193 0.292 0.292 0.273 0.273 -9999.0 -9999.0 -9999.0 -9999.0 -9999.0 -9999.0 -9999.0 -9999.0
0.382 0.481 0.38 0.38 0.509 0.495 0.207 0.207 0.207 0.208 0.217 0.213 0.212 0.275 0.216 0.353 0.309 0.207 0.207 0.23 0.209 0.209 0.293 0.192 0.192 0.199 0.273 1.085 0.212 0.235 0.314 0.212 0.351 0.262 0.334 0.241 0.276 0.498 0.298 0.295 0.282 0.313 0.302 0.571 0.312 0.374 0.362 0.208 0.296 0.442 0.197 0.187 0.569 0.568 0.268 0.558 0.273 0.454 0.27 0.191 0.191 0.274 0.287 0.296 0.274 0.293 -9999.0 -9999.0 0.191 -9999.0 -9999.0 -9999.0 -9999.0 -9999.0
0.318 0.184 0.276 0.255 0.19 0.194 0.167 0.167 0.195 0.209 0.217 0.21 0.216 0.215 0.179 0.275 0.378 0.208 0.307 0.199 0.219 0.209 0.295 0.191 0.192 0.192 0.279 0.238 0.286 0.212 0.234 0.281 0.256 0.273 0.298 0.283 0.282 0.331 0.303 0.27 0.279 0.313 0.302 0.312 0.364 0.198 0.21 0.208 0.299 1.074 0.188 0.266 0.331 0.569 0.534 0.566 0.498 0.298 0.275 0.274 0.223 0.192 0.192 0.31 0.31 0.271 0.191 0.19 0.19 0.192 0.191 -9999.0 -9999.0 -9999.0
0.483 0.475 0.38 0.38 0.195 0.194 0.194 0.194 0.194 0.195 0.37 0.184 0.179 0.184 0.179 1.091 0.264 0.559 0.317 0.47 0.536 0.186 0.292 0.205 0.207 0.281 0.26 0.262 0.407 0.235 0.281 0.247 0.182 0.175 0.324 0.316 0.306 0.313 0.262 0.262 0.279 0.313 0.547 0.261 0.271 0.197 0.207 0.209 0.297 1.074 0.208 0.209 0.326 0.569 0.535 0.569 0.445 0.319 0.267 0.266 0.267 0.274 0.273 0.191 0.341 0.31 0.272 0.272 0.191 0.192 0.192 0.192 -9999.0 0.192
0.201 0.476 0.483 0.379 0.196 0.195 0.196 0.195 0.283 0.285 0.215 0.212 0.216 0.258 0.377 0.182 0.397 0.576 0.575 0.572 0.238 0.233 0.292 0.291 0.282 0.26 1.056 0.255 0.405 0.281 0.236 0.539 0.273 0.301 0.178 0.23 0.313 0.376 0.359 0.53 0.364 0.313 0.522 0.527 0.208 0.198 0.209 0.208 0.188 1.075 0.208 0.317 0.196 1.194 0.542 0.464 0.27 0.445 0.217 0.335 0.273 0.272 0.272 0.191 0.272 0.259 0.196 0.192 0.192 0.351 0.233 0.279 0.352 0.451
0.483 0.214 0.276 0.481 0.476 0.196 0.196 0.196 0.196 0.196 0.308 0.302 0.275 0.211 0.184 0.294 0.198 0.314 0.261 0.261 0.575 0.264 0.28 0.28 0.282 0.396 0.511 0.213 0.282 1.085 0.281 0.263 0.178 0.199 0.23 0.23 0.221 0.2 0.212 0.312 0.194 0.198 0.198 0.313 0.198 0.198 0.21 0.208 0.447 0.181 0.299 0.209 0.32 1.195 0.46 0.467 1.072 0.447 0.26 0.273 0.274 0.274 0.272 0.272 0.288 0.311 0.192 0.274 0.192 0.198 0.453 0.195 1.039 0.352
0.327 0.381 0.201 0.18 0.282 0.476 0.476 0.476 0.196 0.196 0.227 0.203 0.191 0.184 0.275 0.2 0.345 0.213 0.283 0.398 0.233 0.316 0.3 0.298 0.298 0.24 1.048 0.397 0.282 0.282 0.281 0.263 0.263 0.262 0.221 0.224 0.199 0.364 0.197 0.262 0.272 0.453 0.365 0.272 0.198 0.198 0.209 0.297 0.559 0.209 0.218 0.21 0.321 0.57 0.327 0.451 0.455 1.073 0.311 0.275 0.274 0.275 0.273 0.335 0.373 0.193 0.192 0.295 0.455 0.201 0.194 0.192 0.145 0.196
