static/jobfarm/user_models/minyf/common/HOME-GBHM/输出文件/Output/Grids/GWst20020225.asc
ncols 221
nrows 204
xllcorner -627000.0
yllcorner 3955000.0
cellsize 900.0
NODATA_value -9999.0
[rows 33 to 65 of 204, columns 74 to 147 of 221]
0.083 0.083 0.083 0.083 0.0 0.082 0.0 0.083 0.0 0.083 0.083 0.083 0.067 0.083 0.083 0.083 0.079 0.083 0.083 0.066 0.073 0.075 0.0 0.068 0.068 0.08 0.074 0.074 0.064 0.077 0.083 0.083 0.083 0.083 0.083 0.041 0.083 0.083 0.019 0.083 0.083 0.083 0.083 0.083 0.083 0.071 -9999.0 -9999.0 -9999.0 -9999.0 -9999.0 -9999.0 -9999.0 -9999.0 -9999.0 -9999.0 -9999.0 -9999.0 -9999.0 -9999.0 -9999.0 -9999.0 -9999.0 -9999.0 -9999.0 -9999.0 -9999.0 -9999.0 -9999.0 -9999.0 -9999.0 -9999.0 -9999.0 -9999.0
0.083 0.083 0.083 0.083 0.0 0.0 0.083 0.083 0.083 0.083 0.083 0.083 0.083 0.083 0.083 0.083 0.083 0.076 0.063 0.071 0.0 0.08 0.078 0.066 0.079 0.071 0.083 0.083 0.077 0.08 0.078 0.083 0.083 0.083 0.065 0.083 0.04 0.083 0.083 0.083 0.083 0.082 0.083 0.083 0.083 -9999.0 -9999.0 -9999.0 -9999.0 -9999.0 -9999.0 -9999.0 -9999.0 -9999.0 -9999.0 -9999.0 -9999.0 -9999.0 -9999.0 -9999.0 -9999.0 -9999.0 -9999.0 -9999.0 -9999.0 -9999.0 -9999.0 -9999.0 -9999.0 -9999.0 -9999.0 -9999.0 -9999.0 -9999.0
0.083 0.083 0.083 0.083 0.083 0.005 0.0 0.071 0.083 0.083 0.083 0.083 0.083 0.071 0.0 0.0 0.083 0.074 0.075 0.072 0.0 0.06 0.078 0.08 0.083 0.073 0.074 0.083 0.075 0.062 0.069 0.08 0.083 0.083 0.083 0.083 0.083 0.083 0.083 0.083 0.083 0.083 0.079 0.083 0.078 -9999.0 -9999.0 -9999.0 -9999.0 -9999.0 -9999.0 -9999.0 -9999.0 -9999.0 -9999.0 -9999.0 -9999.0 -9999.0 -9999.0 -9999.0 -9999.0 -9999.0 -9999.0 -9999.0 -9999.0 -9999.0 -9999.0 -9999.0 -9999.0 -9999.0 -9999.0 -9999.0 -9999.0 -9999.0
0.083 0.083 0.083 0.083 0.083 0.083 0.083 0.0 0.083 0.083 0.083 0.083 0.083 0.083 0.032 0.0 0.082 0.0 0.083 0.069 0.0 0.072 0.047 0.083 0.083 0.083 0.083 0.065 0.074 0.077 0.061 0.079 0.083 0.083 0.083 0.083 0.083 0.083 0.083 0.083 0.083 0.083 0.083 0.078 0.072 0.071 -9999.0 -9999.0 -9999.0 -9999.0 -9999.0 -9999.0 -9999.0 -9999.0 -9999.0 -9999.0 -9999.0 -9999.0 -9999.0 -9999.0 -9999.0 -9999.0 -9999.0 -9999.0 -9999.0 -9999.0 -9999.0 -9999.0 -9999.0 -9999.0 -9999.0 -9999.0 -9999.0 -9999.0
0.083 0.083 0.083 0.083 0.083 0.083 0.083 0.082 0.083 0.083 0.081 0.083 0.073 0.083 0.0 0.083 0.083 0.083 0.082 0.083 0.083 0.083 0.083 0.083 0.083 0.083 0.083 0.083 0.079 0.0 0.083 0.079 0.081 0.083 0.081 0.035 0.083 0.083 0.083 0.083 0.083 0.083 0.073 0.077 0.077 0.076 -9999.0 -9999.0 -9999.0 -9999.0 -9999.0 -9999.0 -9999.0 -9999.0 -9999.0 -9999.0 -9999.0 -9999.0 -9999.0 -9999.0 -9999.0 -9999.0 -9999.0 -9999.0 -9999.0 -9999.0 -9999.0 -9999.0 -9999.0 -9999.0 -9999.0 -9999.0 -9999.0 -9999.0
0.083 0.083 0.083 0.083 0.083 0.083 0.083 0.083 0.083 0.083 0.0 0.083 0.083 0.083 0.081 0.032 0.083 0.083 0.083 0.083 0.083 0.077 0.083 0.083 0.083 0.083 0.074 0.083 0.075 0.0 0.067 0.075 0.0 0.062 0.075 0.083 0.053 0.083 0.083 0.083 0.083 0.083 0.083 0.07 0.07 0.072 0.083 0.083 0.083 0.083 0.078 0.081 -9999.0 -9999.0 -9999.0 -9999.0 -9999.0 -9999.0 -9999.0 -9999.0 -9999.0 -9999.0 -9999.0 -9999.0 -9999.0 -9999.0 -9999.0 -9999.0 -9999.0 -9999.0 -9999.0 -9999.0 -9999.0 -9999.0
0.083 0.083 0.083 0.083 0.083 0.083 0.083 0.083 0.083 0.083 0.083 0.083 0.083 0.083 0.037 0.083 0.063 0.083 0.083 0.083 0.083 0.083 0.083 0.083 0.083 0.083 0.083 0.083 0.078 0.059 0.083 0.083 0.0 0.061 0.079 0.083 0.083 0.083 0.083 0.073 0.083 0.083 0.083 0.074 0.083 0.083 0.083 0.083 0.083 0.083 0.082 0.083 0.082 -9999.0 -9999.0 -9999.0 -9999.0 -9999.0 -9999.0 -9999.0 -9999.0 -9999.0 -9999.0 -9999.0 -9999.0 -9999.0 -9999.0 -9999.0 -9999.0 -9999.0 -9999.0 -9999.0 -9999.0 -9999.0
0.083 0.083 0.083 0.083 0.083 0.083 0.083 0.083 0.083 0.083 0.077 0.081 0.056 0.069 0.083 0.046 0.083 0.083 0.083 0.083 0.083 0.083 0.083 0.072 0.083 0.083 0.067 0.083 0.062 0.083 0.083 0.083 0.077 0.083 0.074 0.081 0.083 0.083 0.083 0.083 0.083 0.083 0.083 0.083 0.083 0.083 0.083 0.083 0.083 0.083 0.083 0.067 0.083 -9999.0 -9999.0 -9999.0 -9999.0 -9999.0 -9999.0 -9999.0 -9999.0 -9999.0 -9999.0 -9999.0 -9999.0 -9999.0 -9999.0 -9999.0 -9999.0 -9999.0 -9999.0 -9999.0 -9999.0 -9999.0
0.083 0.083 0.083 0.083 0.083 0.083 0.083 0.083 0.083 0.082 0.077 0.077 0.065 0.083 0.074 0.054 0.083 0.083 0.083 0.083 0.083 0.083 0.083 0.083 0.083 0.083 0.083 0.039 0.027 0.051 0.062 0.083 0.083 0.083 0.083 0.08 0.032 0.083 0.057 0.083 0.083 0.083 0.083 0.083 0.083 0.083 0.083 0.074 0.083 0.083 0.083 0.083 0.083 0.083 -9999.0 -9999.0 -9999.0 -9999.0 -9999.0 -9999.0 -9999.0 -9999.0 -9999.0 -9999.0 -9999.0 -9999.0 -9999.0 -9999.0 -9999.0 -9999.0 -9999.0 -9999.0 -9999.0 -9999.0
0.083 0.083 0.083 0.083 0.083 0.083 0.083 0.079 0.083 0.083 0.078 0.071 0.083 0.047 0.083 0.083 0.083 0.076 0.077 0.076 0.083 0.083 0.083 0.083 0.073 0.072 0.083 0.083 0.083 0.083 0.073 0.083 0.083 0.074 0.083 0.083 0.03 0.083 0.083 0.083 0.032 0.083 0.038 0.083 0.083 0.083 0.078 0.083 0.066 0.079 0.083 0.06 0.079 -9999.0 -9999.0 -9999.0 -9999.0 -9999.0 -9999.0 -9999.0 -9999.0 -9999.0 -9999.0 -9999.0 -9999.0 -9999.0 -9999.0 -9999.0 -9999.0 -9999.0 -9999.0 -9999.0 -9999.0 -9999.0
0.083 0.083 0.083 0.083 0.083 0.083 0.083 0.083 0.083 0.0 0.083 0.062 0.056 0.083 0.083 0.068 0.083 0.083 0.081 0.08 0.083 0.056 0.083 0.083 0.083 0.083 0.08 0.083 0.083 0.083 0.071 0.083 0.076 0.083 0.068 0.083 0.083 0.083 0.058 0.083 0.0 0.0 0.083 0.073 0.013 0.028 0.075 0.0 0.067 0.079 0.083 0.068 0.083 -9999.0 -9999.0 -9999.0 -9999.0 -9999.0 -9999.0 -9999.0 -9999.0 -9999.0 -9999.0 -9999.0 -9999.0 -9999.0 -9999.0 -9999.0 -9999.0 -9999.0 -9999.0 -9999.0 -9999.0 -9999.0
0.083 0.083 0.083 0.083 0.083 0.083 0.083 0.083 0.083 0.0 0.083 0.066 0.058 0.083 0.083 0.076 0.083 0.083 0.076 0.083 0.078 0.083 0.083 0.068 0.076 0.077 0.083 0.083 0.083 0.069 0.071 0.072 0.073 0.083 0.083 0.083 0.083 0.015 0.0 0.0 0.082 0.0 0.0 0.0 0.0 0.0 0.0 0.0 0.0 0.0 0.083 0.063 0.072 -9999.0 -9999.0 -9999.0 -9999.0 -9999.0 -9999.0 -9999.0 -9999.0 -9999.0 -9999.0 -9999.0 -9999.0 -9999.0 -9999.0 -9999.0 -9999.0 -9999.0 -9999.0 -9999.0 -9999.0 -9999.0
0.083 0.083 0.083 0.083 0.083 0.083 0.083 0.083 0.083 0.054 0.083 0.083 0.064 0.083 0.083 0.083 0.083 0.076 0.076 0.076 0.078 0.083 0.073 0.073 0.072 0.083 0.083 0.083 0.083 0.083 0.07 0.075 0.072 0.069 0.083 0.083 0.083 0.028 0.074 0.028 0.0 0.083 0.022 0.022 0.0 0.0 0.083 0.083 0.083 0.083 0.065 0.064 0.076 0.075 -9999.0 -9999.0 -9999.0 -9999.0 -9999.0 -9999.0 -9999.0 -9999.0 -9999.0 -9999.0 -9999.0 -9999.0 -9999.0 -9999.0 -9999.0 -9999.0 -9999.0 -9999.0 -9999.0 -9999.0
0.083 0.083 0.083 0.083 0.083 0.083 0.083 0.083 0.083 0.0 0.083 0.083 0.083 0.068 0.083 0.083 0.081 0.078 0.075 0.083 0.083 0.082 0.073 0.083 0.083 0.083 0.078 0.083 0.06 0.083 0.083 0.083 0.072 0.077 0.083 0.069 0.083 0.035 0.071 0.083 0.0 0.0 0.0 0.08 0.0 0.083 0.083 0.083 0.056 0.061 0.08 0.08 0.082 0.083 0.083 -9999.0 -9999.0 0.083 0.083 -9999.0 -9999.0 -9999.0 -9999.0 -9999.0 -9999.0 -9999.0 -9999.0 -9999.0 -9999.0 -9999.0 -9999.0 -9999.0 -9999.0 -9999.0
0.083 0.083 0.083 0.083 0.083 0.083 0.083 0.0 0.083 0.0 0.075 0.075 0.082 0.083 0.083 0.083 0.078 0.081 0.083 0.083 0.074 0.083 0.076 0.073 0.072 0.072 0.083 0.083 0.075 0.054 0.083 0.074 0.083 0.083 0.083 0.028 0.083 0.079 0.071 0.0 0.035 0.0 0.0 0.019 0.083 0.078 0.013 0.014 0.007 0.083 0.083 0.052 0.083 0.083 0.081 -9999.0 -9999.0 0.08 0.079 -9999.0 -9999.0 -9999.0 -9999.0 -9999.0 -9999.0 -9999.0 -9999.0 -9999.0 -9999.0 -9999.0 -9999.0 -9999.0 -9999.0 -9999.0
0.075 0.083 0.082 0.083 0.083 0.083 0.08 0.0 0.083 0.0 0.05 0.083 0.083 0.078 0.08 0.073 0.083 0.083 0.083 0.083 0.083 0.081 0.083 0.071 0.072 0.073 0.064 0.083 0.083 0.083 0.083 0.083 0.077 0.083 0.083 0.083 0.017 0.066 0.0 0.0 0.0 0.0 0.0 0.061 0.0 0.0 0.0 0.0 0.0 0.0 0.0 0.0 0.083 0.079 0.076 0.078 0.074 0.074 0.083 -9999.0 -9999.0 -9999.0 -9999.0 -9999.0 -9999.0 -9999.0 -9999.0 -9999.0 -9999.0 -9999.0 -9999.0 -9999.0 -9999.0 -9999.0
0.083 0.082 0.083 0.083 0.083 0.082 0.082 0.083 0.082 0.082 0.083 0.083 0.083 0.083 0.083 0.083 0.083 0.083 0.016 0.083 0.067 0.081 0.079 0.072 0.083 0.081 0.057 0.055 0.083 0.083 0.083 0.083 0.007 0.083 0.021 0.08 0.078 0.068 0.037 0.0 0.0 0.061 0.072 0.0 0.0 0.0 0.06 0.039 0.066 0.068 0.078 0.078 0.083 0.06 0.072 0.04 0.075 0.0 0.083 -9999.0 -9999.0 -9999.0 -9999.0 -9999.0 -9999.0 -9999.0 -9999.0 -9999.0 -9999.0 -9999.0 -9999.0 -9999.0 -9999.0 -9999.0
0.083 0.083 0.072 0.078 0.083 0.083 0.078 0.081 0.078 0.071 0.083 0.083 0.083 0.083 0.083 0.079 0.079 0.083 0.083 0.083 0.083 0.072 0.083 0.073 0.073 0.074 0.076 0.052 0.083 0.083 0.048 0.008 0.061 0.083 0.083 0.075 0.081 0.018 0.083 0.054 0.0 0.0 0.0 0.0 0.0 0.0 0.06 0.062 0.058 0.062 0.081 0.078 0.074 0.073 0.036 0.024 0.0 0.0 0.082 0.076 0.083 0.083 -9999.0 -9999.0 -9999.0 -9999.0 -9999.0 -9999.0 -9999.0 -9999.0 -9999.0 -9999.0 -9999.0 -9999.0
0.075 0.075 0.083 0.079 0.083 0.083 0.083 0.083 0.066 0.07 0.08 0.078 0.079 0.073 0.083 0.08 0.079 0.077 0.078 0.08 0.079 0.083 0.083 0.083 0.077 0.083 0.076 0.073 0.083 0.046 0.083 0.083 0.083 0.083 0.083 0.061 0.031 0.083 0.083 0.083 0.0 0.0 0.0 0.0 0.0 0.081 0.054 0.054 0.032 0.055 0.071 0.05 0.082 0.081 0.024 0.083 0.083 0.053 0.083 0.077 0.083 0.079 -9999.0 -9999.0 -9999.0 -9999.0 -9999.0 -9999.0 -9999.0 -9999.0 -9999.0 -9999.0 -9999.0 -9999.0
0.076 0.083 0.075 0.057 0.083 0.083 0.083 0.083 0.083 0.083 0.083 0.083 0.083 0.083 0.083 0.083 0.083 0.069 0.083 0.041 0.073 0.083 0.083 0.083 0.083 0.083 0.083 0.083 0.083 0.083 0.083 0.076 0.083 0.062 0.083 0.083 0.083 0.064 0.024 0.051 0.0 0.08 0.0 0.0 0.0 0.0 0.0 0.0 0.0 0.055 0.067 0.083 0.083 0.083 0.0 0.083 0.083 0.083 0.083 0.076 0.083 0.081 -9999.0 -9999.0 -9999.0 -9999.0 -9999.0 -9999.0 -9999.0 -9999.0 -9999.0 -9999.0 -9999.0 -9999.0
0.083 0.083 0.083 0.0 0.083 0.02 0.07 0.074 0.083 0.069 0.083 0.083 0.083 0.083 0.083 0.083 0.083 0.083 0.083 0.083 0.083 0.083 0.083 0.079 0.069 0.083 0.083 0.083 0.083 0.083 0.083 0.083 0.083 0.049 0.083 0.083 0.022 0.037 0.018 0.04 0.0 0.0 0.0 0.0 0.0 0.0 0.0 0.0 0.055 0.069 0.083 0.083 0.083 0.083 0.078 0.083 0.0 0.083 0.078 0.082 0.0 -9999.0 -9999.0 -9999.0 -9999.0 -9999.0 -9999.0 -9999.0 -9999.0 -9999.0 -9999.0 -9999.0 -9999.0 -9999.0
0.083 0.083 0.083 0.026 0.072 0.0 0.0 0.0 0.083 0.058 0.071 0.083 0.07 0.082 0.078 0.083 0.072 0.083 0.081 0.083 0.083 0.074 0.083 0.083 0.078 0.083 0.072 0.067 0.083 0.083 0.083 0.083 0.044 0.083 0.083 0.059 0.053 0.038 0.034 0.056 0.08 0.083 0.082 0.081 0.083 0.08 0.0 0.0 0.054 0.077 0.014 0.066 0.078 0.078 0.074 0.083 0.0 0.0 0.011 0.079 0.0 -9999.0 -9999.0 -9999.0 -9999.0 -9999.0 -9999.0 -9999.0 -9999.0 -9999.0 -9999.0 -9999.0 -9999.0 -9999.0
0.083 0.083 0.083 0.065 0.064 0.0 0.0 0.083 0.0 0.05 0.083 0.083 0.072 0.071 0.079 0.08 0.071 0.075 0.074 0.072 0.071 0.083 0.083 0.083 0.083 0.083 0.008 0.071 0.083 0.083 0.083 0.083 0.083 0.083 0.083 0.058 0.056 0.045 0.042 0.044 0.083 0.083 0.082 0.083 0.07 0.066 0.0 0.08 0.08 0.079 0.083 0.077 0.075 0.081 0.074 0.083 0.083 0.083 0.083 0.0 0.0 0.0 -9999.0 -9999.0 -9999.0 -9999.0 -9999.0 -9999.0 -9999.0 -9999.0 -9999.0 -9999.0 -9999.0 -9999.0
0.083 0.083 0.083 0.083 0.061 0.039 0.075 0.0 0.021 0.083 0.083 0.083 0.083 0.083 0.068 0.066 0.083 0.083 0.074 0.07 0.073 0.07 0.083 0.083 0.083 0.079 0.083 0.073 0.083 0.056 0.083 0.077 0.016 0.044 0.083 0.083 0.083 0.083 0.045 0.043 0.083 0.063 0.083 0.072 0.083 0.071 0.069 0.043 0.083 0.083 0.083 0.083 0.083 0.083 0.083 0.083 0.083 0.083 0.083 0.083 0.083 0.0 0.022 0.081 0.083 -9999.0 -9999.0 -9999.0 -9999.0 -9999.0 -9999.0 -9999.0 -9999.0 -9999.0
0.083 0.083 0.083 0.083 0.079 0.083 0.022 0.064 0.045 0.051 0.057 0.069 0.074 0.0 0.069 0.083 0.083 0.076 0.083 0.083 0.075 0.076 0.074 0.083 0.083 0.083 0.083 0.083 0.083 0.083 0.083 0.041 0.04 0.043 0.076 0.083 0.083 0.035 0.042 0.083 0.078 0.071 0.078 0.044 0.082 0.077 0.083 0.083 0.083 0.083 0.083 0.083 0.083 0.083 0.083 0.083 0.083 0.083 0.078 0.066 0.079 0.077 0.083 0.083 0.083 0.083 -9999.0 -9999.0 -9999.0 -9999.0 -9999.0 -9999.0 -9999.0 -9999.0
0.083 0.083 0.083 0.083 0.083 0.0 0.039 0.059 0.048 0.065 0.076 0.073 0.079 0.076 0.078 0.083 0.082 0.073 0.068 0.083 0.083 0.083 0.079 0.077 0.083 0.072 0.083 0.083 0.083 0.083 0.041 0.083 0.083 0.039 0.075 0.064 0.065 0.083 0.029 0.083 0.083 0.083 0.083 0.083 0.083 0.083 0.083 0.083 0.083 0.083 0.083 0.083 0.083 0.066 0.083 0.083 0.083 0.083 0.083 0.082 0.075 0.077 0.083 0.075 0.083 0.083 -9999.0 -9999.0 -9999.0 -9999.0 -9999.0 -9999.0 -9999.0 -9999.0
0.083 0.083 0.083 0.083 0.0 0.04 0.075 0.076 0.072 0.045 0.079 0.083 0.073 0.071 0.069 0.077 0.07 0.082 0.071 0.0 0.078 0.066 0.083 0.083 0.041 0.083 0.068 0.083 0.083 0.083 0.039 0.083 0.083 0.083 0.077 0.069 0.058 0.07 0.083 0.078 0.083 0.074 0.083 0.083 0.083 0.083 0.083 0.083 0.08 0.083 0.083 0.083 0.083 0.083 0.083 0.083 0.083 0.083 0.076 0.072 0.083 0.083 0.081 0.081 0.083 0.083 -9999.0 -9999.0 -9999.0 -9999.0 -9999.0 -9999.0 -9999.0 -9999.0
0.083 0.083 0.083 0.083 0.072 0.083 0.076 0.075 0.083 0.076 0.07 0.07 0.07 0.0 0.045 0.0 0.055 0.071 0.071 0.0 0.0 0.054 0.072 0.065 0.066 0.083 0.083 0.083 0.0 0.052 0.083 0.083 0.083 0.052 0.031 0.0 0.068 0.036 0.083 0.011 0.083 0.083 0.083 0.083 0.083 0.083 0.083 0.083 0.02 0.05 0.083 0.083 0.083 0.083 0.051 0.083 0.074 0.075 0.077 0.08 0.083 0.083 0.083 0.083 0.081 0.083 -9999.0 -9999.0 0.083 -9999.0 -9999.0 -9999.0 -9999.0 -9999.0
0.083 0.083 0.083 0.083 0.025 0.031 0.0 0.0 0.062 0.081 0.07 0.078 0.048 0.0 0.0 0.0 0.0 0.071 0.065 0.053 0.052 0.0 0.064 0.062 0.065 0.064 0.083 0.083 0.083 0.04 0.083 0.083 0.083 0.083 0.062 0.058 0.049 0.038 0.076 0.048 0.079 0.083 0.083 0.083 0.083 0.083 0.07 0.083 0.083 0.082 0.067 0.067 0.066 0.083 0.083 0.083 0.083 0.079 0.083 0.083 0.083 0.083 0.083 0.083 0.083 0.07 0.069 0.062 0.064 0.083 0.083 -9999.0 -9999.0 -9999.0
0.083 0.08 0.083 0.083 0.075 0.074 0.069 0.068 0.067 0.083 0.019 0.0 0.0 0.0 0.0 0.0 0.0 0.019 0.072 0.016 0.016 0.0 0.058 0.06 0.077 0.083 0.083 0.083 0.075 0.083 0.083 0.083 0.083 0.083 0.083 0.052 0.036 0.055 0.0 0.083 0.083 0.083 0.083 0.083 0.083 0.083 0.083 0.071 0.062 0.0 0.061 0.071 0.066 0.083 0.062 0.083 0.083 0.08 0.064 0.063 0.066 0.083 0.083 0.083 0.062 0.0 0.075 0.064 0.064 0.083 0.083 0.083 -9999.0 0.083
0.083 0.078 0.069 0.059 0.083 0.076 0.083 0.055 0.067 0.077 0.017 0.016 0.0 0.0 0.021 0.0 0.066 0.0 0.0 0.0 0.0 0.0 0.058 0.066 0.083 0.077 0.083 0.083 0.083 0.083 0.083 0.083 0.083 0.079 0.083 0.032 0.012 0.076 0.083 0.083 0.083 0.083 0.083 0.083 0.079 0.083 0.067 0.06 0.066 0.068 0.057 0.068 0.083 0.083 0.063 0.083 0.043 0.077 0.083 0.0 0.069 0.077 0.075 0.075 0.073 0.083 0.0 0.082 0.069 0.08 0.083 0.083 0.083 0.083
0.063 0.083 0.083 0.064 0.082 0.07 0.077 0.083 0.083 0.077 0.0 0.0 0.0 0.013 0.0 0.015 0.0 0.0 0.0 0.0 0.083 0.0 0.015 0.02 0.083 0.083 0.078 0.083 0.083 0.0 0.013 0.083 0.083 0.083 0.075 0.031 0.064 0.075 0.041 0.083 0.083 0.083 0.083 0.083 0.083 0.083 0.066 0.061 0.059 0.026 0.083 0.079 0.083 0.083 0.075 0.083 0.083 0.08 0.083 0.082 0.083 0.083 0.075 0.071 0.055 0.0 0.08 0.077 0.067 0.083 0.083 0.083 0.083 0.076
0.083 0.083 0.019 0.0 0.068 0.083 0.079 0.083 0.083 0.078 0.056 0.027 0.0 0.0 0.0 0.0 0.0 0.0 0.0 0.069 0.0 0.0 0.083 0.071 0.071 0.083 0.083 0.083 0.03 0.082 0.083 0.083 0.083 0.083 0.078 0.074 0.062 0.059 0.051 0.083 0.083 0.03 0.083 0.083 0.083 0.083 0.06 0.083 0.083 0.057 0.076 0.08 0.079 0.083 0.074 0.083 0.05 0.0 0.0 0.083 0.082 0.083 0.083 0.0 0.02 0.064 0.079 0.083 0.083 0.083 0.083 0.065 0.061 0.083
