static/jobfarm/user_models/minyf/common/HOME-GBHM/输出文件/Output/Grids/GWst20020224.asc
ncols 221
nrows 204
xllcorner -627000.0
yllcorner 3955000.0
cellsize 900.0
NODATA_value -9999.0
[rows 33 to 65 of 204, columns 75 to 149 of 221]
0.083 0.083 0.083 0.083 0.082 0.0 0.083 0.0 0.083 0.083 0.083 0.054 0.083 0.083 0.083 0.082 0.083 0.083 0.068 0.063 0.075 0.0 0.066 0.07 0.081 0.074 0.075 0.083 0.078 0.083 0.083 0.083 0.083 0.083 0.041 0.083 0.083 0.019 0.083 0.083 0.083 0.083 0.083 0.083 0.072 -9999.0 -9999.0 -9999.0 -9999.0 -9999.0 -9999.0 -9999.0 -9999.0 -9999.0 -9999.0 -9999.0 -9999.0 -9999.0 -9999.0 -9999.0 -9999.0 -9999.0 -9999.0 -9999.0 -9999.0 -9999.0 -9999.0 -9999.0 -9999.0 -9999.0 -9999.0 -9999.0 -9999.0 -9999.0 -9999.0
0.083 0.083 0.083 0.083 0.0 0.083 0.083 0.083 0.083 0.083 0.083 0.083 0.0 0.083 0.083 0.083 0.073 0.083 0.058 0.0 0.0 0.075 0.063 0.077 0.072 0.083 0.083 0.078 0.08 0.078 0.083 0.083 0.083 0.065 0.083 0.04 0.083 0.083 0.083 0.083 0.082 0.083 0.083 0.077 -9999.0 -9999.0 -9999.0 -9999.0 -9999.0 -9999.0 -9999.0 -9999.0 -9999.0 -9999.0 -9999.0 -9999.0 -9999.0 -9999.0 -9999.0 -9999.0 -9999.0 -9999.0 -9999.0 -9999.0 -9999.0 -9999.0 -9999.0 -9999.0 -9999.0 -9999.0 -9999.0 -9999.0 -9999.0 -9999.0 -9999.0
0.083 0.083 0.083 0.083 0.005 0.0 0.083 0.083 0.083 0.083 0.083 0.0 0.08 0.083 0.083 0.083 0.074 0.078 0.06 0.0 0.052 0.075 0.079 0.083 0.074 0.074 0.083 0.075 0.063 0.07 0.081 0.083 0.083 0.083 0.083 0.083 0.083 0.083 0.083 0.083 0.083 0.079 0.083 0.078 -9999.0 -9999.0 -9999.0 -9999.0 -9999.0 -9999.0 -9999.0 -9999.0 -9999.0 -9999.0 -9999.0 -9999.0 -9999.0 -9999.0 -9999.0 -9999.0 -9999.0 -9999.0 -9999.0 -9999.0 -9999.0 -9999.0 -9999.0 -9999.0 -9999.0 -9999.0 -9999.0 -9999.0 -9999.0 -9999.0 -9999.0
0.083 0.083 0.083 0.083 0.083 0.083 0.0 0.083 0.083 0.083 0.083 0.083 0.083 0.083 0.083 0.083 0.083 0.083 0.083 0.0 0.072 0.051 0.083 0.083 0.083 0.083 0.083 0.075 0.077 0.061 0.08 0.083 0.083 0.083 0.083 0.083 0.083 0.083 0.083 0.083 0.083 0.083 0.078 0.072 0.071 -9999.0 -9999.0 -9999.0 -9999.0 -9999.0 -9999.0 -9999.0 -9999.0 -9999.0 -9999.0 -9999.0 -9999.0 -9999.0 -9999.0 -9999.0 -9999.0 -9999.0 -9999.0 -9999.0 -9999.0 -9999.0 -9999.0 -9999.0 -9999.0 -9999.0 -9999.0 -9999.0 -9999.0 -9999.0 -9999.0
0.083 0.083 0.083 0.083 0.083 0.083 0.082 0.083 0.083 0.083 0.083 0.082 0.08 0.083 0.083 0.083 0.058 0.076 0.083 0.083 0.027 0.083 0.083 0.083 0.083 0.083 0.083 0.079 0.0 0.083 0.08 0.082 0.083 0.081 0.035 0.083 0.083 0.083 0.083 0.083 0.083 0.073 0.077 0.077 0.076 -9999.0 -9999.0 -9999.0 -9999.0 -9999.0 -9999.0 -9999.0 -9999.0 -9999.0 -9999.0 -9999.0 -9999.0 -9999.0 -9999.0 -9999.0 -9999.0 -9999.0 -9999.0 -9999.0 -9999.0 -9999.0 -9999.0 -9999.0 -9999.0 -9999.0 -9999.0 -9999.0 -9999.0 -9999.0 -9999.0
0.083 0.083 0.083 0.083 0.083 0.083 0.083 0.083 0.082 0.083 0.083 0.083 0.083 0.083 0.035 0.083 0.083 0.083 0.083 0.083 0.03 0.083 0.083 0.083 0.083 0.074 0.083 0.076 0.0 0.068 0.076 0.0 0.063 0.075 0.083 0.053 0.083 0.083 0.083 0.083 0.083 0.083 0.083 0.083 0.072 0.083 0.083 0.083 0.083 0.079 0.082 -9999.0 -9999.0 -9999.0 -9999.0 -9999.0 -9999.0 -9999.0 -9999.0 -9999.0 -9999.0 -9999.0 -9999.0 -9999.0 -9999.0 -9999.0 -9999.0 -9999.0 -9999.0 -9999.0 -9999.0 -9999.0 -9999.0 -9999.0 -9999.0
0.083 0.083 0.083 0.083 0.083 0.083 0.083 0.083 0.067 0.083 0.083 0.083 0.083 0.039 0.083 0.067 0.083 0.083 0.083 0.083 0.083 0.083 0.083 0.083 0.083 0.083 0.083 0.079 0.062 0.083 0.083 0.0 0.062 0.079 0.083 0.083 0.083 0.083 0.074 0.083 0.083 0.083 0.074 0.083 0.083 0.083 0.083 0.083 0.083 0.083 0.083 0.083 -9999.0 -9999.0 -9999.0 -9999.0 -9999.0 -9999.0 -9999.0 -9999.0 -9999.0 -9999.0 -9999.0 -9999.0 -9999.0 -9999.0 -9999.0 -9999.0 -9999.0 -9999.0 -9999.0 -9999.0 -9999.0 -9999.0 -9999.0
0.083 0.083 0.083 0.083 0.083 0.083 0.083 0.083 0.068 0.082 0.078 0.074 0.072 0.083 0.053 0.083 0.083 0.083 0.083 0.083 0.083 0.083 0.073 0.083 0.083 0.083 0.083 0.083 0.083 0.083 0.083 0.078 0.083 0.074 0.081 0.083 0.083 0.083 0.083 0.083 0.083 0.083 0.083 0.083 0.083 0.083 0.083 0.083 0.083 0.083 0.068 0.083 -9999.0 -9999.0 -9999.0 -9999.0 -9999.0 -9999.0 -9999.0 -9999.0 -9999.0 -9999.0 -9999.0 -9999.0 -9999.0 -9999.0 -9999.0 -9999.0 -9999.0 -9999.0 -9999.0 -9999.0 -9999.0 -9999.0 -9999.0
0.083 0.083 0.083 0.083 0.083 0.083 0.083 0.083 0.083 0.083 0.077 0.066 0.083 0.079 0.058 0.083 0.083 0.083 0.083 0.083 0.083 0.083 0.083 0.083 0.083 0.083 0.083 0.0 0.07 0.067 0.083 0.083 0.083 0.083 0.08 0.032 0.083 0.057 0.083 0.083 0.083 0.083 0.083 0.083 0.083 0.083 0.083 0.07 0.083 0.083 0.0 0.083 0.083 -9999.0 -9999.0 -9999.0 -9999.0 -9999.0 -9999.0 -9999.0 -9999.0 -9999.0 -9999.0 -9999.0 -9999.0 -9999.0 -9999.0 -9999.0 -9999.0 -9999.0 -9999.0 -9999.0 -9999.0 -9999.0 -9999.0
0.083 0.083 0.083 0.083 0.083 0.083 0.055 0.083 0.083 0.079 0.073 0.083 0.049 0.083 0.083 0.083 0.076 0.077 0.076 0.083 0.083 0.083 0.083 0.073 0.072 0.083 0.083 0.083 0.083 0.076 0.083 0.083 0.079 0.083 0.083 0.083 0.083 0.083 0.083 0.032 0.083 0.038 0.06 0.083 0.039 0.081 0.083 0.077 0.075 0.082 0.0 0.076 -9999.0 -9999.0 -9999.0 -9999.0 -9999.0 -9999.0 -9999.0 -9999.0 -9999.0 -9999.0 -9999.0 -9999.0 -9999.0 -9999.0 -9999.0 -9999.0 -9999.0 -9999.0 -9999.0 -9999.0 -9999.0 -9999.0 -9999.0
0.083 0.083 0.083 0.083 0.083 0.083 0.083 0.083 0.083 0.083 0.062 0.057 0.083 0.083 0.072 0.083 0.083 0.081 0.08 0.083 0.056 0.083 0.083 0.083 0.083 0.08 0.083 0.083 0.083 0.074 0.083 0.076 0.083 0.068 0.083 0.083 0.019 0.058 0.083 0.083 0.083 0.083 0.03 0.013 0.077 0.079 0.069 0.083 0.077 0.083 0.083 0.083 -9999.0 -9999.0 -9999.0 -9999.0 -9999.0 -9999.0 -9999.0 -9999.0 -9999.0 -9999.0 -9999.0 -9999.0 -9999.0 -9999.0 -9999.0 -9999.0 -9999.0 -9999.0 -9999.0 -9999.0 -9999.0 -9999.0 -9999.0
0.083 0.083 0.083 0.083 0.083 0.083 0.083 0.083 0.083 0.083 0.068 0.058 0.083 0.083 0.078 0.083 0.083 0.076 0.083 0.079 0.083 0.083 0.081 0.076 0.077 0.083 0.083 0.083 0.079 0.083 0.083 0.074 0.083 0.083 0.083 0.083 0.015 0.071 0.083 0.083 0.083 0.0 0.0 0.0 0.043 0.0 0.019 0.0 0.0 0.056 0.073 0.083 -9999.0 -9999.0 -9999.0 -9999.0 -9999.0 -9999.0 -9999.0 -9999.0 -9999.0 -9999.0 -9999.0 -9999.0 -9999.0 -9999.0 -9999.0 -9999.0 -9999.0 -9999.0 -9999.0 -9999.0 -9999.0 -9999.0 -9999.0
0.083 0.083 0.083 0.083 0.083 0.083 0.083 0.083 0.059 0.083 0.083 0.065 0.083 0.083 0.083 0.083 0.076 0.076 0.078 0.078 0.083 0.071 0.073 0.083 0.083 0.083 0.083 0.083 0.083 0.083 0.083 0.083 0.069 0.083 0.083 0.083 0.079 0.064 0.083 0.083 0.083 0.022 0.022 0.038 0.0 0.059 0.083 0.083 0.083 0.063 0.073 0.078 0.078 -9999.0 -9999.0 -9999.0 -9999.0 -9999.0 -9999.0 -9999.0 -9999.0 -9999.0 -9999.0 -9999.0 -9999.0 -9999.0 -9999.0 -9999.0 -9999.0 -9999.0 -9999.0 -9999.0 -9999.0 -9999.0 -9999.0
0.083 0.083 0.083 0.083 0.083 0.083 0.083 0.083 0.083 0.083 0.083 0.083 0.07 0.083 0.083 0.081 0.078 0.07 0.083 0.083 0.083 0.073 0.083 0.083 0.083 0.078 0.083 0.083 0.083 0.083 0.083 0.072 0.077 0.083 0.023 0.083 0.069 0.083 0.083 0.083 0.068 0.079 0.079 0.08 0.082 0.083 0.083 0.064 0.069 0.083 0.083 0.077 0.083 0.083 -9999.0 -9999.0 0.083 0.083 -9999.0 -9999.0 -9999.0 -9999.0 -9999.0 -9999.0 -9999.0 -9999.0 -9999.0 -9999.0 -9999.0 -9999.0 -9999.0 -9999.0 -9999.0 -9999.0 -9999.0
0.083 0.083 0.083 0.083 0.083 0.083 0.083 0.083 0.083 0.075 0.075 0.081 0.083 0.083 0.083 0.078 0.082 0.083 0.083 0.076 0.083 0.076 0.073 0.072 0.083 0.083 0.083 0.077 0.083 0.083 0.083 0.083 0.083 0.083 0.028 0.083 0.083 0.081 0.083 0.068 0.083 0.0 0.0 0.083 0.083 0.0 0.0 0.0 0.083 0.083 0.071 0.083 0.083 0.081 -9999.0 -9999.0 0.08 0.077 -9999.0 -9999.0 -9999.0 -9999.0 -9999.0 -9999.0 -9999.0 -9999.0 -9999.0 -9999.0 -9999.0 -9999.0 -9999.0 -9999.0 -9999.0 -9999.0 -9999.0
0.083 0.081 0.083 0.083 0.083 0.081 0.083 0.083 0.083 0.05 0.083 0.083 0.078 0.08 0.074 0.083 0.083 0.083 0.083 0.083 0.081 0.083 0.071 0.076 0.076 0.074 0.083 0.083 0.083 0.083 0.082 0.077 0.083 0.043 0.083 0.017 0.074 0.083 0.083 0.083 0.083 0.074 0.073 0.0 0.0 0.0 0.0 0.0 0.0 0.022 0.029 0.076 0.083 0.077 0.077 0.082 0.073 0.083 -9999.0 -9999.0 -9999.0 -9999.0 -9999.0 -9999.0 -9999.0 -9999.0 -9999.0 -9999.0 -9999.0 -9999.0 -9999.0 -9999.0 -9999.0 -9999.0 -9999.0
0.081 0.083 0.083 0.083 0.083 0.083 0.083 0.083 0.078 0.083 0.083 0.083 0.083 0.083 0.083 0.083 0.083 0.016 0.083 0.068 0.081 0.079 0.072 0.083 0.081 0.083 0.083 0.083 0.083 0.083 0.083 0.073 0.083 0.021 0.08 0.078 0.08 0.07 0.083 0.083 0.074 0.081 0.083 0.083 0.083 0.06 0.033 0.072 0.072 0.081 0.074 0.075 0.081 0.071 0.083 0.059 0.083 0.083 -9999.0 -9999.0 -9999.0 -9999.0 -9999.0 -9999.0 -9999.0 -9999.0 -9999.0 -9999.0 -9999.0 -9999.0 -9999.0 -9999.0 -9999.0 -9999.0 -9999.0
0.083 0.074 0.078 0.083 0.083 0.08 0.082 0.08 0.073 0.083 0.083 0.083 0.083 0.083 0.079 0.079 0.083 0.083 0.083 0.083 0.07 0.083 0.073 0.073 0.074 0.076 0.083 0.083 0.083 0.083 0.073 0.083 0.083 0.083 0.083 0.081 0.055 0.083 0.083 0.083 0.083 0.083 0.083 0.083 0.083 0.06 0.062 0.065 0.068 0.083 0.074 0.069 0.056 0.063 0.052 0.083 0.083 0.083 0.077 0.083 0.083 -9999.0 -9999.0 -9999.0 -9999.0 -9999.0 -9999.0 -9999.0 -9999.0 -9999.0 -9999.0 -9999.0 -9999.0 -9999.0 -9999.0
0.075 0.083 0.078 0.083 0.083 0.083 0.083 0.069 0.072 0.081 0.079 0.08 0.073 0.083 0.08 0.079 0.077 0.078 0.08 0.079 0.083 0.083 0.083 0.077 0.083 0.076 0.073 0.083 0.083 0.083 0.083 0.083 0.083 0.083 0.081 0.041 0.083 0.083 0.083 0.083 0.083 0.039 0.083 0.083 0.083 0.054 0.054 0.013 0.055 0.074 0.083 0.071 0.069 0.052 0.083 0.083 0.08 0.083 0.078 0.083 0.08 -9999.0 -9999.0 -9999.0 -9999.0 -9999.0 -9999.0 -9999.0 -9999.0 -9999.0 -9999.0 -9999.0 -9999.0 -9999.0 -9999.0
0.083 0.083 0.083 0.083 0.083 0.083 0.083 0.064 0.083 0.083 0.083 0.083 0.083 0.083 0.083 0.083 0.069 0.083 0.041 0.073 0.083 0.083 0.083 0.083 0.083 0.083 0.083 0.083 0.083 0.083 0.076 0.083 0.062 0.083 0.083 0.083 0.083 0.083 0.083 0.083 0.081 0.083 0.083 0.083 0.083 0.0 0.0 0.002 0.055 0.083 0.083 0.083 0.083 0.083 0.083 0.083 0.083 0.083 0.076 0.083 0.082 -9999.0 -9999.0 -9999.0 -9999.0 -9999.0 -9999.0 -9999.0 -9999.0 -9999.0 -9999.0 -9999.0 -9999.0 -9999.0 -9999.0
0.0 0.083 0.083 0.083 0.083 0.078 0.08 0.083 0.077 0.083 0.083 0.083 0.083 0.083 0.083 0.083 0.081 0.083 0.083 0.083 0.083 0.083 0.079 0.069 0.083 0.083 0.083 0.083 0.083 0.083 0.083 0.0 0.083 0.083 0.083 0.083 0.083 0.039 0.022 0.083 0.083 0.083 0.083 0.0 0.0 0.0 0.0 0.055 0.076 0.083 0.083 0.083 0.083 0.078 0.083 0.083 0.083 0.077 0.082 0.083 -9999.0 -9999.0 -9999.0 -9999.0 -9999.0 -9999.0 -9999.0 -9999.0 -9999.0 -9999.0 -9999.0 -9999.0 -9999.0 -9999.0 -9999.0
0.0 0.0 0.083 0.078 0.083 0.083 0.083 0.083 0.075 0.073 0.083 0.073 0.082 0.078 0.083 0.072 0.083 0.081 0.083 0.083 0.074 0.083 0.083 0.073 0.083 0.072 0.067 0.083 0.083 0.083 0.083 0.033 0.0 0.083 0.081 0.076 0.081 0.083 0.074 0.083 0.081 0.083 0.083 0.081 0.08 0.0 0.0 0.024 0.07 0.071 0.013 0.078 0.078 0.074 0.083 0.083 0.083 0.083 0.083 0.083 -9999.0 -9999.0 -9999.0 -9999.0 -9999.0 -9999.0 -9999.0 -9999.0 -9999.0 -9999.0 -9999.0 -9999.0 -9999.0 -9999.0 -9999.0
0.0 0.083 0.083 0.083 0.083 0.083 0.083 0.083 0.083 0.083 0.083 0.074 0.074 0.079 0.08 0.071 0.075 0.074 0.072 0.071 0.083 0.083 0.083 0.083 0.083 0.009 0.071 0.083 0.083 0.083 0.083 0.083 0.083 0.083 0.079 0.083 0.082 0.082 0.083 0.083 0.083 0.082 0.083 0.083 0.067 0.0 0.08 0.08 0.075 0.083 0.07 0.075 0.081 0.074 0.083 0.083 0.083 0.083 0.083 0.083 0.083 -9999.0 -9999.0 -9999.0 -9999.0 -9999.0 -9999.0 -9999.0 -9999.0 -9999.0 -9999.0 -9999.0 -9999.0 -9999.0 -9999.0
0.044 0.0 0.083 0.083 0.083 0.051 0.083 0.083 0.083 0.083 0.083 0.083 0.083 0.068 0.067 0.083 0.083 0.074 0.07 0.073 0.07 0.083 0.083 0.083 0.079 0.083 0.074 0.083 0.054 0.083 0.077 0.083 0.052 0.083 0.083 0.083 0.083 0.081 0.083 0.083 0.069 0.077 0.074 0.083 0.083 0.061 0.022 0.083 0.083 0.083 0.083 0.083 0.083 0.083 0.083 0.083 0.083 0.083 0.083 0.083 0.083 0.083 0.083 0.083 -9999.0 -9999.0 -9999.0 -9999.0 -9999.0 -9999.0 -9999.0 -9999.0 -9999.0 -9999.0 -9999.0
0.0 0.0 0.0 0.08 0.083 0.083 0.054 0.069 0.075 0.07 0.073 0.083 0.0 0.07 0.083 0.083 0.082 0.083 0.083 0.075 0.076 0.076 0.083 0.083 0.083 0.083 0.083 0.083 0.083 0.083 0.048 0.061 0.048 0.083 0.083 0.083 0.083 0.08 0.073 0.079 0.074 0.078 0.083 0.082 0.078 0.028 0.043 0.046 0.083 0.083 0.083 0.083 0.083 0.083 0.083 0.083 0.083 0.078 0.083 0.08 0.078 0.083 0.083 0.083 0.083 -9999.0 -9999.0 -9999.0 -9999.0 -9999.0 -9999.0 -9999.0 -9999.0 -9999.0 -9999.0
0.081 0.0 0.082 0.083 0.083 0.083 0.047 0.071 0.068 0.079 0.076 0.079 0.081 0.079 0.083 0.082 0.072 0.082 0.083 0.083 0.083 0.08 0.078 0.083 0.076 0.083 0.083 0.083 0.083 0.048 0.083 0.083 0.06 0.083 0.07 0.07 0.083 0.083 0.08 0.083 0.083 0.083 0.083 0.083 0.083 0.055 0.083 0.083 0.083 0.083 0.083 0.083 0.083 0.083 0.083 0.083 0.083 0.083 0.082 0.075 0.078 0.083 0.075 0.083 0.083 -9999.0 -9999.0 -9999.0 -9999.0 -9999.0 -9999.0 -9999.0 -9999.0 -9999.0 -9999.0
0.0 0.0 0.06 0.083 0.083 0.051 0.083 0.08 0.068 0.078 0.083 0.071 0.069 0.067 0.075 0.078 0.083 0.077 0.0 0.078 0.067 0.083 0.083 0.035 0.083 0.061 0.083 0.083 0.083 0.06 0.083 0.083 0.083 0.079 0.081 0.063 0.083 0.083 0.075 0.083 0.071 0.083 0.083 0.083 0.083 0.083 0.083 0.062 0.0 0.083 0.083 0.083 0.083 0.083 0.083 0.083 0.083 0.076 0.072 0.083 0.083 0.081 0.075 0.083 0.083 -9999.0 -9999.0 -9999.0 -9999.0 -9999.0 -9999.0 -9999.0 -9999.0 -9999.0 -9999.0
0.014 0.0 0.0 0.083 0.083 0.076 0.076 0.083 0.083 0.07 0.07 0.07 0.0 0.013 0.0 0.043 0.07 0.07 0.0 0.0 0.057 0.075 0.062 0.064 0.083 0.083 0.083 0.0 0.05 0.083 0.083 0.083 0.083 0.048 0.083 0.074 0.055 0.083 0.007 0.083 0.083 0.083 0.083 0.083 0.083 0.083 0.083 0.021 0.052 0.083 0.028 0.083 0.083 0.066 0.083 0.065 0.076 0.077 0.083 0.083 0.083 0.081 0.083 0.081 0.083 -9999.0 -9999.0 0.083 -9999.0 -9999.0 -9999.0 -9999.0 -9999.0 -9999.0 -9999.0
0.0 0.0 0.0 0.083 0.083 0.083 0.083 0.077 0.082 0.07 0.078 0.012 0.0 0.0 0.0 0.0 0.07 0.037 0.009 0.0 0.0 0.067 0.079 0.062 0.068 0.083 0.083 0.083 0.083 0.083 0.083 0.083 0.083 0.076 0.074 0.083 0.049 0.076 0.083 0.083 0.083 0.083 0.083 0.083 0.083 0.082 0.083 0.083 0.0 0.07 0.083 0.083 0.083 0.083 0.083 0.083 0.079 0.083 0.083 0.083 0.083 0.083 0.083 0.083 0.071 0.07 0.063 0.065 0.083 0.083 -9999.0 -9999.0 -9999.0 -9999.0 -9999.0
0.074 0.0 0.0 0.074 0.077 0.078 0.077 0.083 0.083 0.083 0.0 0.0 0.0 0.0 0.0 0.0 0.0 0.0 0.0 0.0 0.061 0.053 0.078 0.077 0.083 0.083 0.083 0.075 0.083 0.083 0.083 0.083 0.083 0.083 0.081 0.054 0.083 0.083 0.083 0.083 0.083 0.083 0.083 0.083 0.083 0.061 0.074 0.061 0.0 0.064 0.069 0.083 0.083 0.083 0.083 0.083 0.078 0.065 0.063 0.067 0.083 0.083 0.083 0.06 0.0 0.076 0.064 0.065 0.083 0.083 0.083 -9999.0 0.083 0.083 -9999.0
0.072 0.059 0.083 0.082 0.077 0.071 0.068 0.077 0.079 0.024 0.03 0.0 0.0 0.0 0.083 0.076 0.003 0.002 0.002 0.037 0.083 0.054 0.06 0.083 0.078 0.083 0.083 0.083 0.083 0.083 0.083 0.083 0.079 0.083 0.063 0.049 0.083 0.0 0.037 0.083 0.083 0.083 0.083 0.076 0.083 0.07 0.061 0.068 0.081 0.058 0.071 0.076 0.083 0.083 0.083 0.083 0.083 0.083 0.0 0.07 0.077 0.076 0.076 0.075 0.083 0.0 0.083 0.07 0.081 0.083 0.083 0.083 0.083 0.083 -9999.0
0.0 0.0 0.066 0.081 0.071 0.083 0.083 0.083 0.083 0.007 0.0 0.0 0.0 0.0 0.002 0.041 0.0 0.022 0.083 0.02 0.068 0.007 0.01 0.083 0.083 0.078 0.083 0.083 0.0 0.06 0.083 0.083 0.083 0.075 0.062 0.083 0.075 0.078 0.0 0.041 0.083 0.083 0.083 0.083 0.083 0.068 0.062 0.071 0.054 0.083 0.082 0.081 0.083 0.083 0.083 0.0 0.083 0.083 0.083 0.083 0.082 0.076 0.072 0.055 0.0 0.081 0.079 0.068 0.083 0.083 0.083 0.083 0.077 0.063 0.083
0.0 0.083 0.083 0.074 0.083 0.083 0.083 0.083 0.08 0.049 0.047 0.0 0.0 0.0 0.008 0.011 0.005 0.047 0.07 0.0 0.02 0.0 0.071 0.071 0.083 0.083 0.083 0.083 0.083 0.083 0.083 0.083 0.083 0.078 0.074 0.083 0.083 0.07 0.0 0.0 0.08 0.083 0.083 0.083 0.083 0.061 0.083 0.083 0.058 0.083 0.082 0.083 0.083 0.083 0.083 0.052 0.0 0.0 0.083 0.082 0.082 0.08 0.0 0.083 0.065 0.08 0.083 0.083 0.083 0.083 0.067 0.062 0.083 0.083 0.068
