static/jobfarm/user_models/minyf/common/HOME-GBHM/输出文件/Output/Grids/GWst20020226.asc
ncols 221
nrows 204
xllcorner -627000.0
yllcorner 3955000.0
cellsize 900.0
NODATA_value -9999.0
[rows 66 to 98 of 204, columns 0 to 72 of 221]
-9999.0 -9999.0 -9999.0 -9999.0 -9999.0 -9999.0 -9999.0 -9999.0 -9999.0 -9999.0 -9999.0 -9999.0 0.056 0.083 0.049 0.083 0.083 0.083 0.016 0.083 0.083 0.065 0.052 0.058 0.083 0.08 0.082 0.074 0.081 0.077 0.074 0.083 0.068 0.064 0.068 0.055 0.036 0.083 0.083 0.05 0.042 0.081 0.083 0.082 0.083 0.07 0.072 0.082 0.068 0.077 0.079 0.074 0.075 0.083 0.083 0.081 0.077 0.051 0.078 0.061 0.029 0.017 0.029 -0.604 0.08 0.021 -12.602 -2.082 0.069 0.036 0.029 0.019 -1.24
-9999.0 -9999.0 -9999.0 -9999.0 -9999.0 -9999.0 -9999.0 -9999.0 -9999.0 -9999.0 -9999.0 -9999.0 0.058 0.061 0.083 0.083 0.083 0.083 0.05 0.083 0.083 0.083 0.083 0.055 0.073 0.083 0.083 0.083 0.078 0.074 0.074 0.083 0.083 0.075 0.07 0.083 0.083 0.067 0.083 0.083 0.083 0.042 0.061 0.06 0.066 0.071 0.07 0.072 0.079 0.075 0.083 0.078 0.083 0.08 0.081 0.077 0.081 0.075 0.068 0.058 0.061 0.062 0.017 0.029 0.071 0.018 -0.278 -10.236 -0.211 0.07 0.027 0.043 0.029
-9999.0 -9999.0 -9999.0 -9999.0 -9999.0 -9999.0 -9999.0 -9999.0 -9999.0 -9999.0 -9999.0 -9999.0 0.062 0.063 0.043 0.083 0.083 0.05 0.059 0.058 0.083 0.083 0.074 0.039 0.083 0.077 0.083 0.083 0.083 0.083 0.075 0.076 0.08 0.075 0.065 0.057 0.037 0.039 0.083 0.083 0.083 0.083 0.049 0.058 0.025 0.047 0.056 0.058 0.083 0.075 0.078 0.05 0.075 0.082 0.082 0.036 0.057 0.083 0.083 0.05 0.0 0.045 0.073 0.061 0.072 0.005 0.083 0.083 0.049 -0.205 -0.208 0.068 0.01
-9999.0 -9999.0 -9999.0 -9999.0 -9999.0 -9999.0 -9999.0 -9999.0 -9999.0 -9999.0 -9999.0 -9999.0 0.059 0.06 0.06 0.049 0.083 0.048 0.048 0.054 0.083 0.061 0.083 0.083 0.083 0.083 0.082 0.081 0.083 0.063 0.076 0.083 0.08 0.076 0.072 0.076 0.057 0.064 0.064 0.029 0.005 0.083 0.056 0.041 0.051 0.053 0.068 0.064 0.054 0.068 0.078 0.079 0.083 0.079 0.083 0.072 0.077 -0.023 0.083 0.051 0.015 -0.039 0.035 0.08 0.063 0.033 0.083 0.083 0.083 0.05 -0.913 -0.906 0.03
-9999.0 -9999.0 -9999.0 -9999.0 -9999.0 -9999.0 -9999.0 -9999.0 -9999.0 -9999.0 -9999.0 -9999.0 -9999.0 0.06 0.059 0.06 0.083 0.061 0.059 0.051 0.055 0.064 0.083 0.083 0.083 0.071 0.083 0.052 0.073 0.081 0.083 0.08 0.083 0.081 0.074 0.066 0.056 0.066 0.066 0.051 0.067 0.083 0.083 0.083 0.057 0.057 0.062 0.057 0.056 0.068 0.077 0.08 0.07 0.083 0.071 0.083 0.076 0.05 0.083 -1.545 -1.137 -0.882 -1.721 0.038 0.015 0.017 0.083 0.083 0.059 0.041 -1.074 -1.629 -1.964
-9999.0 -9999.0 -9999.0 -9999.0 -9999.0 -9999.0 -9999.0 -9999.0 -9999.0 -9999.0 -9999.0 -9999.0 -9999.0 -9999.0 -9999.0 0.061 0.083 0.065 0.081 0.049 0.052 0.055 0.083 0.083 0.083 0.083 0.082 0.083 0.071 0.081 0.081 0.081 0.076 0.076 0.078 0.083 0.066 0.049 0.027 -0.015 0.026 0.037 0.083 0.083 0.05 0.059 0.057 0.051 0.035 0.035 0.049 0.052 0.053 0.069 0.062 0.077 0.079 0.083 0.072 0.007 0.005 -0.033 -0.587 0.083 0.083 0.083 0.083 0.083 0.083 0.083 -0.035 -0.211 0.007
-9999.0 -9999.0 -9999.0 -9999.0 -9999.0 -9999.0 -9999.0 -9999.0 -9999.0 -9999.0 -9999.0 -9999.0 -9999.0 -9999.0 -9999.0 0.06 0.083 0.068 0.077 0.083 0.083 0.079 0.062 0.083 0.06 0.075 0.083 0.083 0.057 0.083 0.074 0.072 0.063 0.081 0.083 0.082 0.079 0.052 0.046 0.083 0.057 0.063 0.083 0.083 0.083 0.037 0.034 0.036 0.059 0.06 0.083 0.047 0.045 0.073 0.051 0.066 0.044 -0.786 -0.014 0.018 0.074 0.044 0.012 0.022 0.042 0.083 0.028 0.083 0.083 0.083 0.083 0.083 0.035
-9999.0 -9999.0 -9999.0 -9999.0 -9999.0 -9999.0 -9999.0 -9999.0 -9999.0 -9999.0 -9999.0 -9999.0 -9999.0 -9999.0 -9999.0 -9999.0 0.083 0.068 0.067 0.083 0.083 0.083 0.083 0.083 0.069 0.082 0.06 0.083 0.083 0.083 0.081 0.083 0.073 0.083 0.063 0.079 0.076 0.052 0.05 0.048 0.083 0.083 0.069 0.066 0.083 0.06 0.083 0.035 0.067 0.059 0.041 0.083 0.042 0.068 0.049 0.05 0.08 0.04 0.077 0.056 0.028 0.028 -0.7 0.083 0.083 0.057 0.083 0.026 0.083 0.083 0.083 0.083 0.032
-9999.0 -9999.0 -9999.0 -9999.0 -9999.0 -9999.0 -9999.0 -9999.0 -9999.0 -9999.0 -9999.0 -9999.0 -9999.0 -9999.0 -9999.0 0.083 0.083 0.045 -9999.0 0.083 0.083 0.072 0.083 0.083 0.083 0.031 0.083 0.083 0.083 0.083 0.083 0.042 0.073 0.083 0.08 0.083 0.074 0.061 0.051 0.061 0.049 0.055 0.04 0.036 0.055 0.083 0.067 0.064 0.052 0.045 0.048 0.051 0.062 0.083 0.083 0.072 0.068 0.069 0.07 0.079 0.037 0.047 0.047 0.046 0.043 0.049 0.023 0.083 0.083 0.083 0.083 0.083 0.023
-9999.0 -9999.0 -9999.0 -9999.0 -9999.0 -9999.0 -9999.0 -9999.0 -9999.0 -9999.0 -9999.0 -9999.0 -9999.0 -9999.0 -9999.0 -9999.0 -9999.0 -9999.0 -9999.0 0.083 0.083 0.083 0.083 0.066 0.083 0.056 0.083 0.083 0.083 0.083 0.083 0.04 0.083 0.083 0.076 0.083 0.077 0.074 0.058 0.064 0.083 0.083 0.083 0.083 0.083 0.083 0.083 0.05 0.049 0.049 0.05 0.068 0.059 0.034 0.083 0.083 0.083 0.083 0.083 0.066 0.036 0.043 0.047 0.046 0.065 0.057 0.037 0.044 0.083 0.083 0.083 0.083 0.083
-9999.0 -9999.0 -9999.0 -9999.0 -9999.0 -9999.0 -9999.0 -9999.0 -9999.0 -9999.0 -9999.0 -9999.0 -9999.0 -9999.0 -9999.0 -9999.0 -9999.0 -9999.0 0.083 0.083 0.066 0.065 0.062 0.083 0.083 0.083 0.047 0.083 0.083 0.083 0.083 0.041 0.083 0.083 0.083 0.08 0.079 0.078 0.075 0.058 0.062 0.067 0.071 0.007 0.083 0.083 0.083 0.083 0.047 -0.017 0.044 0.068 0.055 0.068 0.063 0.04 0.065 0.068 0.065 0.083 0.069 0.081 0.012 0.045 0.056 0.057 0.038 0.045 0.083 0.083 0.083 0.083 0.005
-9999.0 -9999.0 -9999.0 -9999.0 -9999.0 -9999.0 -9999.0 -9999.0 -9999.0 -9999.0 -9999.0 -9999.0 -9999.0 -9999.0 -9999.0 -9999.0 -9999.0 -9999.0 -9999.0 0.068 0.067 0.078 0.077 0.083 0.083 0.083 0.083 0.08 0.083 0.041 0.042 0.083 0.083 0.083 0.081 0.082 0.079 0.073 0.074 0.059 0.055 0.059 0.077 0.04 0.083 0.029 0.049 0.083 0.048 0.035 0.083 0.065 0.049 0.058 0.073 0.061 0.029 0.068 0.051 0.083 0.047 0.047 0.069 0.066 0.058 0.024 0.043 0.005 0.083 0.083 0.083 0.083 0.0
-9999.0 -9999.0 -9999.0 -9999.0 -9999.0 -9999.0 -9999.0 -9999.0 -9999.0 -9999.0 -9999.0 -9999.0 -9999.0 -9999.0 -9999.0 -9999.0 -9999.0 -9999.0 0.064 0.054 0.083 0.083 0.043 0.039 0.083 0.083 0.083 0.083 0.033 0.083 0.083 0.083 0.083 0.072 0.083 0.053 0.055 0.069 0.076 0.075 0.074 0.037 0.076 0.069 0.083 0.083 0.028 0.083 0.083 0.083 0.083 0.044 0.083 0.083 0.063 0.055 0.057 0.061 0.05 0.083 0.083 0.05 0.049 0.013 0.053 0.013 0.023 0.0 0.0 0.083 0.083 0.0 0.0
-9999.0 -9999.0 -9999.0 -9999.0 -9999.0 -9999.0 -9999.0 -9999.0 -9999.0 -9999.0 -9999.0 -9999.0 -9999.0 -9999.0 -9999.0 -9999.0 -9999.0 -9999.0 0.064 0.083 0.083 0.083 0.083 0.079 0.083 0.052 0.083 0.083 0.052 0.082 0.083 0.075 0.083 0.083 0.083 0.083 0.083 0.075 0.077 0.075 0.069 0.056 0.079 0.079 0.083 0.083 0.033 0.083 0.066 0.083 0.083 0.083 0.083 0.083 0.062 0.064 0.071 0.062 0.046 0.051 0.083 0.05 0.07 0.018 0.049 0.048 0.013 0.0 0.0 0.083 0.028 0.083 0.0
-9999.0 -9999.0 -9999.0 -9999.0 -9999.0 -9999.0 -9999.0 -9999.0 -9999.0 -9999.0 -9999.0 -9999.0 -9999.0 -9999.0 -9999.0 -9999.0 -9999.0 0.083 0.069 0.051 0.066 0.043 0.083 0.083 0.083 0.083 0.083 0.083 0.037 0.034 0.083 0.083 0.083 0.083 0.083 0.083 0.083 0.044 0.047 0.076 0.06 0.083 0.08 0.072 0.083 0.077 0.081 0.083 0.046 0.083 0.083 0.083 0.083 0.083 0.066 0.069 0.083 0.066 0.049 0.049 0.021 0.029 0.049 0.065 0.053 0.083 0.047 0.0 0.0 0.006 0.083 0.083 0.035
-9999.0 -9999.0 -9999.0 -9999.0 -9999.0 -9999.0 -9999.0 -9999.0 -9999.0 -9999.0 -9999.0 -9999.0 -9999.0 -9999.0 -9999.0 -9999.0 -9999.0 -9999.0 0.078 -9999.0 0.08 0.08 0.049 0.083 0.083 0.083 0.083 0.078 0.083 0.083 0.083 0.083 0.083 0.083 0.083 0.083 0.083 0.028 0.03 0.077 0.083 0.067 0.078 0.063 0.07 0.083 0.083 0.083 0.045 0.023 0.083 0.083 0.083 0.033 0.05 0.051 0.083 0.052 0.053 0.053 0.05 0.083 0.045 0.048 0.083 0.045 0.05 0.0 0.001 0.006 0.083 0.083 0.083
-9999.0 -9999.0 -9999.0 -9999.0 -9999.0 -9999.0 -9999.0 -9999.0 -9999.0 -9999.0 -9999.0 -9999.0 -9999.0 -9999.0 -9999.0 -9999.0 -9999.0 -9999.0 -9999.0 -9999.0 -9999.0 0.081 0.044 0.045 0.083 0.039 0.083 0.083 0.034 0.031 0.083 0.083 0.083 0.083 0.083 0.083 0.083 0.063 0.075 0.051 0.083 0.071 0.077 0.054 0.05 0.083 0.083 0.083 0.083 0.083 0.083 0.083 0.064 0.083 0.083 0.083 0.083 0.067 0.056 0.051 0.049 0.047 0.083 0.083 0.042 0.03 0.046 0.044 0.006 0.025 0.035 0.083 0.083
-9999.0 -9999.0 -9999.0 -9999.0 -9999.0 -9999.0 -9999.0 -9999.0 -9999.0 -9999.0 -9999.0 -9999.0 -9999.0 -9999.0 -9999.0 -9999.0 -9999.0 -9999.0 -9999.0 -9999.0 -9999.0 -9999.0 -9999.0 0.045 0.083 0.046 0.083 0.083 0.083 0.036 0.083 0.083 0.083 0.083 0.083 0.083 0.03 0.083 0.023 0.083 0.049 0.054 0.051 0.068 0.073 0.075 0.049 0.083 0.055 0.06 0.046 0.083 0.083 0.035 0.02 0.083 0.083 0.053 0.05 0.052 0.005 0.049 0.083 0.083 0.041 0.04 0.006 0.001 0.0 0.003 0.0 0.083 0.083
-9999.0 -9999.0 -9999.0 -9999.0 -9999.0 -9999.0 -9999.0 -9999.0 -9999.0 -9999.0 -9999.0 -9999.0 -9999.0 -9999.0 -9999.0 -9999.0 -9999.0 -9999.0 -9999.0 -9999.0 -9999.0 -9999.0 -9999.0 -9999.0 0.065 0.059 0.06 0.069 0.069 0.048 0.083 0.083 0.021 0.041 0.083 0.067 0.083 0.083 0.083 0.083 0.083 0.083 0.083 0.083 0.035 0.036 0.078 0.076 0.068 0.069 0.065 0.083 0.051 0.062 0.051 0.021 0.083 0.083 0.083 0.083 0.083 0.083 0.083 0.083 0.083 0.083 0.022 0.022 0.02 0.082 0.0 0.083 0.0
-9999.0 -9999.0 -9999.0 -9999.0 -9999.0 -9999.0 -9999.0 -9999.0 -9999.0 -9999.0 -9999.0 -9999.0 -9999.0 -9999.0 -9999.0 -9999.0 -9999.0 -9999.0 -9999.0 -9999.0 -9999.0 -9999.0 -9999.0 -9999.0 0.067 0.074 0.061 0.064 0.083 0.083 0.031 0.083 0.083 0.015 0.083 0.034 0.029 0.083 0.083 0.083 0.083 0.083 0.038 0.083 0.083 0.039 0.039 0.034 0.068 0.056 0.083 0.053 0.063 0.065 0.052 0.083 0.083 0.018 0.053 0.083 0.083 0.083 0.083 0.083 0.083 0.036 0.018 0.021 0.022 0.067 0.0 0.0 0.083
-9999.0 -9999.0 -9999.0 -9999.0 -9999.0 -9999.0 -9999.0 -9999.0 -9999.0 -9999.0 -9999.0 -9999.0 -9999.0 -9999.0 -9999.0 -9999.0 -9999.0 -9999.0 -9999.0 -9999.0 -9999.0 -9999.0 -9999.0 -9999.0 -9999.0 0.078 0.061 0.083 0.083 0.054 0.069 0.069 0.083 0.023 0.083 0.057 0.029 0.029 0.083 0.083 0.019 0.083 0.083 0.083 0.064 0.023 0.019 0.054 0.069 0.07 0.069 0.07 0.056 0.063 0.083 0.083 0.051 0.054 0.049 0.083 0.015 0.083 0.029 0.022 0.083 0.083 0.02 0.069 0.066 0.067 0.0 0.0 0.083
-9999.0 -9999.0 -9999.0 -9999.0 -9999.0 -9999.0 -9999.0 -9999.0 -9999.0 -9999.0 -9999.0 -9999.0 -9999.0 -9999.0 -9999.0 -9999.0 -9999.0 -9999.0 -9999.0 -9999.0 -9999.0 -9999.0 -9999.0 -9999.0 -9999.0 0.074 0.061 0.083 0.059 0.062 0.068 0.07 0.038 0.05 0.012 0.057 0.083 0.057 0.083 0.045 0.083 0.083 0.01 0.083 0.083 0.065 0.083 0.048 0.075 0.073 0.075 0.08 0.063 0.083 0.055 0.051 0.049 0.055 0.083 0.049 0.018 0.017 0.014 0.083 0.083 0.083 0.083 0.083 0.083 0.083 0.083 0.083 0.083
-9999.0 -9999.0 -9999.0 -9999.0 -9999.0 -9999.0 -9999.0 -9999.0 -9999.0 -9999.0 -9999.0 -9999.0 -9999.0 -9999.0 -9999.0 -9999.0 -9999.0 -9999.0 -9999.0 -9999.0 -9999.0 -9999.0 -9999.0 -9999.0 -9999.0 -9999.0 0.069 0.068 -9999.0 -9999.0 0.068 0.034 0.064 0.054 0.052 0.04 0.083 0.083 0.083 0.083 0.083 0.083 0.017 0.023 0.083 0.083 0.083 0.083 0.049 0.073 0.07 0.065 0.039 0.052 0.067 0.066 0.049 0.083 0.065 0.053 0.029 0.029 0.017 0.083 0.017 0.083 0.083 0.083 0.082 0.0 0.0 0.0 -0.046
-9999.0 -9999.0 -9999.0 -9999.0 -9999.0 -9999.0 -9999.0 -9999.0 -9999.0 -9999.0 -9999.0 -9999.0 -9999.0 -9999.0 -9999.0 -9999.0 -9999.0 -9999.0 -9999.0 -9999.0 -9999.0 -9999.0 -9999.0 -9999.0 -9999.0 -9999.0 -9999.0 -9999.0 -9999.0 -9999.0 0.081 0.072 0.073 0.082 0.05 0.053 0.083 0.083 0.083 0.083 0.083 0.083 0.083 0.083 0.009 0.006 0.083 0.083 0.062 0.053 0.052 0.055 0.067 0.067 0.062 0.05 0.053 0.083 0.053 0.053 0.035 0.029 0.083 0.019 0.017 0.083 0.022 0.057 0.054 0.059 0.017 0.023 0.083
-9999.0 -9999.0 -9999.0 -9999.0 -9999.0 -9999.0 -9999.0 -9999.0 -9999.0 -9999.0 -9999.0 -9999.0 -9999.0 -9999.0 -9999.0 -9999.0 -9999.0 -9999.0 -9999.0 -9999.0 -9999.0 -9999.0 -9999.0 -9999.0 -9999.0 -9999.0 -9999.0 -9999.0 -9999.0 0.083 0.072 0.069 0.076 0.059 0.034 0.066 0.081 0.083 0.083 0.083 0.071 0.071 0.083 0.017 0.083 0.024 0.083 0.083 0.032 0.065 0.052 0.071 0.057 0.061 0.061 0.057 0.083 0.049 0.049 0.049 0.051 0.002 0.083 0.047 0.046 0.012 0.059 0.043 0.04 0.062 0.064 0.083 0.083
-9999.0 -9999.0 -9999.0 -9999.0 -9999.0 -9999.0 -9999.0 -9999.0 -9999.0 -9999.0 -9999.0 -9999.0 -9999.0 -9999.0 -9999.0 -9999.0 -9999.0 -9999.0 -9999.0 -9999.0 -9999.0 -9999.0 -9999.0 -9999.0 -9999.0 -9999.0 -9999.0 -9999.0 0.077 0.083 0.07 0.071 0.065 0.038 0.083 0.024 0.083 0.08 0.083 0.083 0.083 0.083 0.083 0.083 0.023 0.083 0.083 0.083 0.077 0.033 0.047 0.063 0.062 0.062 0.063 0.069 0.083 0.06 0.059 0.05 0.058 0.083 0.049 0.047 0.046 0.065 0.055 0.041 0.044 0.055 0.083 0.083 0.083
-9999.0 -9999.0 -9999.0 -9999.0 -9999.0 -9999.0 -9999.0 -9999.0 -9999.0 -9999.0 -9999.0 -9999.0 -9999.0 -9999.0 -9999.0 -9999.0 -9999.0 -9999.0 -9999.0 -9999.0 -9999.0 -9999.0 -9999.0 -9999.0 -9999.0 -9999.0 -9999.0 -9999.0 0.08 0.083 0.083 0.083 0.083 0.05 0.083 0.054 0.083 0.083 0.083 0.08 0.082 0.049 0.083 0.083 0.083 0.083 0.083 0.083 0.083 0.083 0.054 0.026 0.056 0.058 0.062 0.061 0.083 0.066 0.061 0.047 0.083 0.083 0.059 0.051 0.073 0.067 0.054 0.041 0.083 0.083 0.083 0.015 0.083
-9999.0 -9999.0 -9999.0 -9999.0 -9999.0 -9999.0 -9999.0 -9999.0 -9999.0 -9999.0 -9999.0 -9999.0 -9999.0 -9999.0 -9999.0 -9999.0 -9999.0 -9999.0 -9999.0 -9999.0 -9999.0 -9999.0 -9999.0 -9999.0 -9999.0 -9999.0 -9999.0 0.081 0.073 0.083 0.083 0.083 0.083 0.083 0.083 0.056 0.068 0.066 0.083 0.072 0.083 0.083 0.083 0.023 0.067 0.083 0.083 0.083 0.034 0.083 0.083 0.025 0.05 0.055 0.058 0.064 0.083 0.065 0.064 0.061 0.083 0.049 0.049 0.056 0.071 0.068 0.054 0.083 0.054 0.064 0.044 0.057 0.083
-9999.0 -9999.0 -9999.0 -9999.0 -9999.0 -9999.0 -9999.0 -9999.0 -9999.0 -9999.0 -9999.0 -9999.0 -9999.0 -9999.0 -9999.0 -9999.0 -9999.0 -9999.0 -9999.0 -9999.0 -9999.0 -9999.0 -9999.0 -9999.0 -9999.0 -9999.0 -9999.0 -9999.0 0.083 0.081 0.059 0.083 0.083 0.083 0.083 0.021 0.083 0.083 0.083 0.057 0.083 0.082 0.023 0.083 0.037 0.083 0.017 0.083 0.048 0.049 0.083 0.029 0.045 0.048 0.061 0.066 0.067 0.071 0.062 0.049 0.083 0.074 0.074 0.068 0.069 0.073 0.028 0.029 0.053 0.037 0.036 0.06 0.083
-9999.0 -9999.0 -9999.0 -9999.0 -9999.0 -9999.0 -9999.0 -9999.0 -9999.0 -9999.0 -9999.0 -9999.0 -9999.0 -9999.0 -9999.0 -9999.0 -9999.0 -9999.0 -9999.0 -9999.0 -9999.0 -9999.0 -9999.0 -9999.0 -9999.0 -9999.0 -9999.0 -9999.0 0.081 0.081 0.05 0.045 0.042 0.064 0.07 0.083 0.083 0.083 0.083 0.083 0.083 0.073 0.083 0.083 0.037 0.083 0.083 0.083 0.07 0.05 0.083 0.083 0.051 0.05 0.077 0.079 0.072 0.08 0.065 0.056 0.083 0.054 0.07 0.071 0.057 0.083 0.083 0.062 0.07 0.053 0.06 -0.038 0.063
-9999.0 -9999.0 -9999.0 -9999.0 -9999.0 -9999.0 -9999.0 -9999.0 -9999.0 -9999.0 -9999.0 -9999.0 -9999.0 -9999.0 -9999.0 -9999.0 -9999.0 -9999.0 -9999.0 -9999.0 -9999.0 -9999.0 -9999.0 -9999.0 -9999.0 -9999.0 -9999.0 -9999.0 0.081 0.055 0.083 0.083 0.083 0.063 0.05 0.083 0.083 0.083 0.083 0.032 0.032 0.083 0.007 0.027 0.083 0.083 0.083 0.083 0.083 0.083 0.083 0.083 0.083 0.08 0.083 0.083 0.07 0.073 0.065 0.083 0.029 0.065 0.078 0.048 0.07 0.083 0.083 0.075 0.065 0.051 0.026 0.045 0.083
-9999.0 -9999.0 -9999.0 -9999.0 -9999.0 -9999.0 -9999.0 -9999.0 -9999.0 -9999.0 -9999.0 -9999.0 -9999.0 -9999.0 -9999.0 -9999.0 -9999.0 -9999.0 -9999.0 -9999.0 -9999.0 -9999.0 -9999.0 -9999.0 -9999.0 -9999.0 -9999.0 0.082 0.083 0.083 0.061 0.064 0.078 0.083 0.069 0.083 0.083 0.083 0.083 0.083 0.011 0.018 0.007 0.083 0.083 0.083 0.083 0.083 0.083 0.083 0.083 0.083 0.078 -0.101 0.083 0.082 0.083 0.083 0.065 0.036 0.067 0.047 0.078 0.07 0.061 0.083 0.074 0.052 0.065 0.06 0.015 0.049 0.011
-9999.0 -9999.0 -9999.0 -9999.0 -9999.0 -9999.0 -9999.0 -9999.0 -9999.0 -9999.0 -9999.0 -9999.0 -9999.0 -9999.0 -9999.0 -9999.0 -9999.0 -9999.0 -9999.0 -9999.0 -9999.0 -9999.0 -9999.0 -9999.0 -9999.0 -9999.0 -9999.0 0.083 0.083 0.078 0.062 0.063 0.076 0.083 0.083 0.048 0.083 0.083 0.035 0.083 0.083 0.083 0.083 0.083 0.083 0.083 0.007 0.083 0.083 0.005 0.003 0.003 0.073 0.083 0.083 0.083 0.082 0.078 0.069 0.054 0.065 0.08 0.076 0.05 0.083 0.083 0.069 0.068 0.025 0.058 0.008 0.048 0.083
