static/jobfarm/user_models/minyf/common/HOME-GBHM/输出文件/Output/Grids/GWst20020226.asc
ncols 221
nrows 204
xllcorner -627000.0
yllcorner 3955000.0
cellsize 900.0
NODATA_value -9999.0
[rows 66 to 98 of 204, columns 73 to 145 of 221]
0.078 0.075 0.056 0.054 0.083 0.083 0.083 0.057 0.06 0.083 0.083 0.083 0.083 0.063 0.083 0.058 0.063 0.024 0.017 0.001 0.083 0.083 0.001 0.029 0.044 0.052 0.057 0.083 0.077 -0.007 0.005 0.083 0.083 0.083 0.016 0.083 0.083 0.055 0.072 0.067 0.083 0.083 0.037 0.052 0.083 0.004 0.047 0.06 0.067 0.048 0.072 0.074 0.078 0.056 0.083 0.034 0.055 0.057 0.083 0.083 0.083 0.026 0.024 0.083 0.794 0.065 0.063 0.083 0.047 0.077 0.059 0.073 0.072
0.078 0.076 0.075 0.066 0.066 0.067 0.083 0.06 0.059 0.083 0.083 0.083 0.073 0.083 0.083 0.052 0.056 0.009 0.081 0.017 0.054 0.083 0.029 0.013 0.014 0.049 0.053 0.056 0.058 -0.008 0.003 0.083 0.083 0.083 0.083 0.011 0.059 0.069 0.083 0.083 0.083 0.083 0.045 0.05 0.049 0.006 0.074 0.057 0.058 0.062 0.076 0.079 0.083 0.074 0.036 0.072 0.083 0.074 0.083 0.083 0.083 0.026 0.019 0.083 0.829 0.046 0.044 0.069 0.058 0.046 0.083 0.07 0.044
0.083 0.077 0.075 0.083 0.063 0.062 0.061 0.083 0.083 0.083 0.083 0.083 0.083 0.051 0.05 0.051 0.047 0.009 0.001 0.002 0.052 0.049 0.083 0.016 0.049 0.034 0.049 0.049 0.007 0.005 0.005 0.083 0.083 0.008 0.083 0.0 0.063 0.061 0.06 0.083 0.068 0.054 0.083 0.083 0.043 0.008 0.004 0.072 0.074 0.078 0.072 0.04 0.047 0.036 0.076 0.051 0.083 0.079 0.051 0.025 0.083 0.083 0.062 0.829 0.083 0.073 0.071 0.083 0.083 0.04 0.044 0.075 0.066
-0.05 0.001 0.02 0.042 0.078 0.083 0.083 0.083 0.083 0.083 0.077 0.083 0.053 0.055 0.083 0.083 0.083 0.009 0.001 0.08 -0.002 0.049 0.083 0.083 0.083 0.083 0.053 0.053 0.005 0.006 0.083 0.003 0.083 0.083 0.083 0.0 0.079 0.062 0.064 0.083 0.068 0.056 0.069 0.083 0.04 0.055 0.076 0.074 0.077 0.074 0.071 0.04 0.054 0.083 0.036 0.037 0.083 0.081 0.082 0.038 0.019 0.083 0.083 0.829 0.083 0.074 0.083 0.025 0.051 0.07 0.043 0.051 0.075
-1.826 0.083 0.051 0.004 0.003 0.083 0.042 0.041 0.039 0.033 -1.046 0.083 0.083 0.036 0.054 0.048 0.049 0.083 0.083 0.083 0.001 -0.008 0.056 0.083 0.083 0.041 0.04 0.056 0.003 0.009 0.083 0.083 0.083 0.083 0.083 0.064 0.057 0.082 0.07 0.068 0.063 0.047 0.052 0.083 0.083 0.061 0.08 0.075 0.064 0.083 0.083 0.083 0.083 0.083 0.083 0.083 0.065 0.083 0.083 0.083 0.053 0.083 0.053 0.829 0.052 0.083 0.075 0.077 0.075 0.079 0.076 0.03 0.061
0.0 0.0 0.019 0.009 0.03 0.083 0.083 0.083 -0.49 0.039 -1.53 0.042 0.041 0.083 0.044 0.053 0.048 0.016 0.029 0.083 0.083 0.058 0.04 0.067 0.083 0.083 0.048 0.047 0.0 0.083 0.001 0.083 0.083 0.083 0.083 0.066 0.067 0.064 0.055 0.079 0.06 0.048 0.08 0.083 0.078 0.06 0.075 0.075 0.069 0.083 0.083 0.083 0.045 0.033 0.028 0.083 0.065 0.068 0.074 0.004 0.083 0.083 0.083 0.829 0.083 0.053 0.079 0.079 0.075 0.045 0.076 0.081 0.04
0.037 0.02 0.013 0.005 0.077 0.078 0.042 0.076 -0.143 0.027 -1.328 0.045 0.043 0.077 0.083 0.083 0.083 0.009 0.083 0.078 0.083 0.083 0.083 0.083 0.083 0.083 0.083 0.083 0.083 0.083 0.0 0.083 0.083 -0.027 0.019 0.083 0.083 0.083 0.083 0.083 0.083 0.071 0.078 0.083 0.08 0.079 0.072 0.072 0.069 0.083 0.078 0.055 0.045 0.042 0.026 0.067 0.083 0.065 0.049 0.046 0.083 0.083 0.083 0.829 0.083 0.081 0.064 0.065 0.063 0.083 0.083 0.079 0.078
0.037 0.035 0.083 0.021 0.068 0.058 0.038 0.08 -0.046 -0.866 -0.193 0.043 0.044 0.08 0.081 0.075 0.083 0.039 0.083 -1.119 -0.313 0.076 0.038 0.083 0.083 0.066 0.083 0.083 0.083 0.083 0.083 0.083 0.083 0.083 0.032 0.045 0.083 0.083 0.053 0.083 0.083 0.038 0.082 0.082 0.082 0.081 0.074 0.077 0.083 0.078 0.066 0.077 0.051 0.031 0.083 0.083 0.083 0.083 0.01 0.083 0.083 0.083 0.083 0.829 0.083 0.065 0.083 0.049 0.064 0.083 0.081 0.072 0.071
0.083 0.083 0.083 0.065 0.067 0.083 0.083 0.058 0.029 0.083 0.03 0.044 0.079 0.077 0.083 0.08 0.083 0.019 0.007 0.016 -0.516 -0.263 0.027 0.083 0.083 0.079 0.083 0.083 0.083 0.083 0.022 0.06 0.083 0.031 0.019 0.083 0.083 0.083 0.083 0.083 0.083 0.04 0.024 0.051 0.036 0.052 0.08 0.0 0.083 0.073 0.05 0.049 0.072 0.025 0.029 0.047 0.048 0.083 0.083 0.083 0.083 0.044 0.083 0.083 0.829 0.046 0.039 0.083 0.083 0.083 0.06 0.07 0.068
0.034 0.033 0.079 0.046 0.07 0.083 0.061 0.058 0.029 0.083 0.083 0.042 0.069 0.083 0.083 0.069 0.083 0.01 0.008 0.018 0.034 -0.17 0.035 0.083 0.083 0.083 0.083 0.023 0.083 0.005 0.025 0.024 0.083 0.04 0.018 0.013 0.083 0.018 0.083 0.083 0.043 0.071 0.055 0.054 0.055 0.071 0.076 0.079 0.083 0.063 0.049 0.083 0.049 0.053 0.03 0.042 0.042 0.007 0.076 0.047 0.061 0.044 0.083 0.083 0.083 0.793 0.065 0.083 0.06 0.083 0.083 0.067 0.065
0.032 0.01 0.071 0.069 0.083 0.083 0.074 0.074 0.083 0.047 0.083 0.058 0.069 0.07 0.083 0.068 0.033 0.008 0.011 0.016 0.031 -0.83 0.033 0.083 0.083 0.083 0.083 0.083 0.083 0.083 0.083 0.007 0.021 0.041 0.021 0.068 0.083 0.083 0.048 0.083 0.083 0.083 0.083 0.083 0.031 0.052 0.079 0.083 0.083 0.042 0.06 0.019 0.083 0.052 0.059 0.073 0.033 0.031 0.058 0.083 0.083 0.04 0.044 0.083 0.083 0.829 0.083 0.025 0.083 0.065 0.064 0.083 0.083
0.0 0.01 0.0 0.07 0.065 0.083 0.076 0.083 0.083 0.083 0.083 0.059 0.068 0.083 0.083 0.063 0.03 0.008 0.02 -1.003 0.031 -0.9 0.034 0.028 0.076 0.0 0.083 0.083 0.083 0.083 0.083 0.083 0.083 0.083 0.083 0.083 0.083 0.083 0.083 0.083 0.027 0.065 0.055 0.055 0.083 0.083 0.083 0.079 0.078 0.052 0.056 0.057 0.083 0.052 0.035 0.047 0.023 0.025 0.018 0.083 0.083 0.083 0.083 0.083 0.083 0.78 0.032 0.028 0.083 0.064 0.065 0.078 0.076
0.0 0.0 0.0 0.067 0.069 0.041 0.083 0.083 0.083 0.083 0.083 0.045 0.044 0.045 0.083 0.06 0.075 -0.297 -0.272 -2.142 0.039 -1.044 0.028 0.026 0.081 -0.071 0.083 0.083 0.083 0.025 0.025 -0.026 0.017 0.083 0.02 0.083 0.083 0.083 0.083 0.083 0.034 0.022 0.083 0.081 0.083 0.083 0.083 0.031 0.058 0.046 0.054 0.035 0.083 0.083 0.083 0.083 0.083 0.083 0.083 0.083 0.083 0.083 0.083 0.083 0.829 0.784 0.051 0.083 0.083 0.083 0.083 0.062 0.075
0.002 0.083 0.0 0.067 0.047 0.078 0.083 0.083 0.083 0.066 0.083 0.043 0.014 0.083 0.083 0.064 0.039 -0.306 -0.219 0.034 -2.699 0.038 0.029 0.081 0.079 0.083 0.083 0.083 0.017 0.067 0.039 0.022 0.039 0.033 0.034 0.083 0.083 0.083 0.083 0.083 0.083 0.05 0.05 0.082 0.083 0.083 0.083 0.077 0.059 0.048 0.04 0.052 0.083 0.083 0.083 0.083 0.083 0.083 0.083 0.083 0.083 0.083 0.829 0.829 0.083 0.083 0.083 0.083 0.083 0.042 0.066 0.077 0.081
0.083 0.0 0.001 0.065 0.049 0.036 0.042 0.083 0.083 0.083 0.083 0.044 0.016 0.083 0.083 0.056 0.037 -0.247 -0.205 0.033 -0.95 -0.358 0.027 0.083 0.0 0.083 0.083 0.083 0.045 0.042 0.036 0.037 0.038 0.028 0.032 0.083 0.083 0.083 0.083 0.083 0.083 0.05 0.083 0.082 0.083 0.083 0.083 0.046 0.045 0.059 0.03 0.043 0.049 0.083 0.083 0.083 0.083 0.083 0.083 0.083 0.083 0.829 0.083 0.083 0.066 0.083 0.046 0.027 0.063 0.041 0.064 0.082 0.083
0.035 0.035 0.003 0.0 0.049 0.039 0.039 0.083 0.083 0.083 0.083 0.048 0.015 0.083 0.009 0.008 0.067 -0.225 0.032 0.038 -0.996 -0.182 0.083 -0.187 0.083 0.083 0.083 0.083 0.083 0.083 0.039 0.041 -0.019 0.038 0.028 0.083 0.043 0.032 0.066 0.069 0.066 0.083 0.083 0.079 0.083 0.063 0.066 0.047 0.046 0.045 0.083 0.027 0.029 0.083 0.083 0.083 0.083 0.083 0.083 0.829 0.829 0.083 0.083 0.083 0.083 0.049 0.083 0.083 0.042 0.081 0.066 0.083 0.083
0.083 0.035 0.047 0.052 0.054 0.04 0.065 0.083 0.083 0.083 0.083 0.049 0.002 0.083 0.028 0.009 0.007 -0.209 0.032 0.035 -0.275 0.083 0.083 0.083 0.0 0.042 0.042 0.049 0.044 0.047 0.083 0.083 0.083 0.083 0.043 0.083 0.083 0.083 0.062 0.083 0.083 0.083 0.083 0.07 0.083 0.063 0.083 0.083 0.048 0.047 0.03 0.083 0.083 0.083 0.083 0.083 0.083 0.083 0.829 0.829 0.083 0.083 0.083 0.083 0.083 0.07 0.055 0.043 0.083 0.083 0.083 0.081 0.074
0.0 0.008 0.057 0.036 0.059 0.042 0.083 0.083 0.083 0.083 0.083 0.045 0.008 0.083 0.049 0.016 0.015 0.028 0.032 0.034 0.027 0.083 0.083 0.083 0.003 0.083 0.042 0.044 0.034 -0.019 -0.016 0.04 -0.013 0.045 0.083 0.083 0.083 0.083 0.083 0.083 0.083 0.083 0.032 0.071 0.052 0.065 0.083 0.083 0.048 0.03 0.026 0.027 0.024 0.083 0.083 0.083 0.083 0.829 0.829 0.083 0.083 0.083 0.083 0.083 0.083 0.083 0.083 0.043 0.083 0.063 0.083 0.076 0.077
0.0 0.056 0.083 0.014 0.012 0.018 0.083 0.022 0.083 0.083 0.083 0.071 0.083 0.083 0.083 0.018 0.016 0.083 0.083 0.038 0.035 0.083 0.037 0.049 0.083 0.083 0.044 0.018 0.048 0.083 0.063 0.083 0.083 0.083 0.083 0.017 0.083 0.083 0.076 0.037 -0.035 0.076 0.016 0.083 0.083 0.039 0.041 0.067 0.083 0.083 0.083 0.083 0.083 0.083 0.083 0.083 0.083 0.083 0.083 0.738 0.046 0.048 0.043 0.049 0.075 0.083 0.083 0.056 0.071 0.065 0.083 0.066 0.046
-0.088 0.058 0.083 0.013 0.083 0.015 0.083 0.083 0.083 0.066 0.076 0.083 0.015 0.017 0.083 0.027 0.07 0.014 0.083 0.083 0.012 0.083 0.083 0.031 -0.007 0.083 0.083 0.018 0.047 0.083 0.083 0.083 0.044 0.083 0.083 0.044 0.083 0.044 0.083 0.034 -0.069 0.026 0.027 0.079 0.083 0.083 0.063 0.083 0.083 0.032 0.083 0.083 0.083 0.083 0.083 0.024 0.083 0.083 0.083 0.737 0.016 0.054 0.042 0.077 0.081 0.081 0.056 0.077 0.078 0.078 0.083 0.083 0.083
0.083 0.083 0.083 0.015 0.083 0.083 0.083 0.083 0.079 0.081 0.079 0.016 0.02 0.018 0.068 0.083 0.083 0.07 0.038 0.05 0.083 0.074 0.073 0.032 0.032 0.044 0.083 0.083 0.049 0.083 0.083 0.083 0.083 0.083 0.083 0.057 0.07 0.083 0.041 0.057 0.057 0.062 0.08 0.081 0.079 0.081 0.083 0.083 0.049 0.083 0.083 0.083 0.083 0.083 0.083 0.083 0.083 0.083 0.083 -4.928 -0.84 0.029 0.079 0.082 0.08 0.058 0.081 0.062 0.049 0.053 0.058 0.083 0.083
0.083 0.083 0.083 0.083 0.083 0.083 0.083 0.081 0.08 0.078 0.081 0.018 0.02 0.035 0.079 0.083 0.083 0.024 0.007 0.01 0.083 0.083 0.083 0.083 0.067 0.027 0.049 0.083 0.083 0.083 0.083 0.083 0.083 0.044 0.044 0.079 0.074 0.083 0.083 -0.071 0.077 0.077 0.076 0.078 0.047 0.042 0.064 0.083 0.083 0.083 0.083 0.083 0.083 0.083 0.041 0.083 0.083 0.083 -0.533 0.378 0.026 0.018 0.079 0.078 0.083 0.083 0.061 0.062 0.083 0.083 0.055 0.083 0.083
0.037 0.083 0.083 0.035 0.038 0.083 0.041 0.083 0.081 0.079 0.081 0.08 0.011 0.021 0.083 0.083 0.034 0.026 0.045 0.083 0.083 0.083 0.083 0.083 0.083 0.06 0.024 0.049 0.052 0.083 0.083 0.083 0.083 0.083 0.078 0.082 0.079 0.051 0.083 0.077 0.079 0.075 0.083 0.083 0.083 0.083 0.083 0.083 0.083 0.083 0.083 0.083 0.041 0.038 0.037 0.038 0.069 0.083 -0.292 0.829 -1.154 0.069 0.046 0.072 0.077 0.083 0.083 0.058 0.076 0.083 0.024 0.083 0.083
0.034 0.083 0.052 0.083 0.083 0.083 0.083 0.046 0.045 0.045 0.045 0.044 0.015 0.083 0.083 0.032 0.03 0.045 0.031 0.083 0.083 0.083 0.083 0.033 0.028 0.083 0.027 0.022 0.029 0.083 0.083 0.037 0.044 0.083 0.083 0.083 0.083 0.071 0.058 0.057 0.05 0.076 0.074 0.059 0.057 0.057 0.063 0.083 0.083 0.08 0.083 0.083 0.083 0.033 0.036 0.042 0.042 0.046 -0.298 0.829 0.049 0.058 0.066 0.077 0.075 0.058 0.083 0.083 0.057 0.06 0.083 0.083 0.083
0.083 0.083 0.083 0.083 0.083 0.003 -0.159 0.069 -0.16 0.035 -0.719 0.075 0.083 0.083 0.083 0.083 0.083 0.083 0.083 0.083 0.083 0.083 0.083 0.049 0.027 0.024 0.047 0.073 0.05 0.04 0.04 0.083 0.083 0.083 0.08 0.075 0.08 0.076 0.075 0.082 0.082 0.049 0.083 0.066 0.066 0.076 0.083 0.083 0.076 0.074 0.043 0.082 0.046 0.039 0.037 0.03 0.083 0.022 0.054 0.083 0.795 0.039 0.041 0.083 0.083 0.077 0.062 0.083 0.083 0.083 0.083 0.083 0.083
0.083 0.083 0.083 0.083 0.083 -0.159 0.083 0.083 0.083 0.083 0.083 0.083 0.083 0.083 0.083 0.083 0.004 0.083 0.083 0.083 0.083 0.083 0.083 0.083 0.083 0.083 0.083 0.023 0.039 0.058 0.083 0.072 0.083 0.083 0.079 0.076 0.076 0.038 0.036 0.055 0.045 0.083 0.054 0.08 0.075 0.053 0.056 0.083 0.052 0.083 0.056 0.031 0.034 0.026 0.03 0.026 0.027 0.028 0.019 0.829 -0.03 0.057 0.041 0.083 0.08 0.075 0.083 0.067 0.083 0.083 0.083 0.083 0.083
0.083 0.083 0.083 0.083 0.083 0.083 0.083 0.083 0.083 0.049 0.083 0.083 0.083 0.0 0.083 0.083 0.083 0.083 0.083 0.083 0.083 0.083 0.083 0.027 -0.027 0.028 0.023 0.023 0.03 0.059 0.058 0.059 0.08 0.07 0.081 0.074 0.075 0.065 0.047 0.083 0.083 0.053 0.083 0.083 0.083 0.083 0.083 0.032 0.051 -1.309 -1.558 0.253 0.024 0.023 0.051 0.053 0.037 -0.027 0.015 0.829 0.083 -0.032 0.074 0.083 0.083 0.065 0.067 0.083 0.04 0.048 0.083 0.052 0.083
0.083 0.083 0.083 0.083 0.083 0.083 0.083 0.083 0.083 0.083 0.083 0.083 0.083 0.083 0.083 0.083 0.083 0.083 0.083 0.083 0.083 0.083 0.083 0.004 0.028 0.06 0.047 0.047 0.078 0.076 0.078 0.073 0.076 0.083 0.075 0.083 0.044 0.026 0.083 0.052 0.054 0.083 0.083 0.049 0.083 0.059 -0.392 -0.125 -0.8 0.807 0.069 0.026 -2.86 0.829 0.829 0.829 0.033 0.034 0.026 0.829 0.011 -0.044 0.059 0.082 0.081 0.066 0.083 0.083 0.083 0.064 0.053 0.083 0.033
0.083 0.083 0.083 0.083 0.083 0.083 0.083 0.083 0.083 0.083 0.027 0.083 0.083 0.083 0.083 0.024 0.083 0.083 0.083 0.083 0.083 0.083 0.083 0.083 0.083 0.083 0.048 0.074 0.034 0.036 0.037 0.037 0.035 0.077 0.08 0.078 0.057 0.083 0.036 0.064 0.066 0.053 0.049 0.083 0.804 0.793 0.784 0.083 0.031 0.049 0.051 0.021 0.032 0.049 0.083 0.829 0.829 0.829 0.083 0.829 0.001 -0.035 0.074 0.081 0.077 0.065 0.064 0.05 0.083 0.048 0.035 0.083 0.083
0.083 0.083 0.083 0.083 0.083 0.083 0.083 0.083 0.083 0.083 0.025 0.083 0.076 0.083 0.083 0.083 0.083 0.083 0.083 0.083 0.083 0.083 0.041 0.077 0.076 0.077 0.035 0.049 0.052 0.083 0.083 0.032 0.033 0.038 0.038 0.081 0.074 0.083 0.077 0.079 0.077 0.054 0.053 0.807 0.083 0.083 0.083 0.071 0.083 0.083 0.075 0.034 0.061 0.06 0.083 0.05 -0.022 -0.029 0.829 0.083 0.731 0.0 -0.03 0.078 0.063 0.062 0.064 0.035 0.035 0.083 0.036 0.083 0.083
0.083 0.083 0.083 0.083 0.083 0.083 0.083 0.083 0.083 0.083 0.083 0.083 0.083 0.0 0.083 0.083 0.083 0.07 0.068 0.083 0.083 0.047 0.049 0.083 0.083 0.083 0.083 0.083 0.083 0.083 0.06 0.083 0.083 0.074 0.027 0.048 0.051 0.083 0.055 0.068 0.081 0.065 0.052 0.824 0.024 0.083 0.075 0.045 0.05 0.075 0.072 0.083 0.038 0.058 0.053 0.049 0.04 0.033 0.032 0.005 0.829 0.012 -0.039 0.061 0.083 0.054 0.048 0.05 0.043 0.083 0.075 0.083 0.083
-0.02 0.083 0.083 0.083 0.083 0.083 0.083 0.083 0.083 0.083 -0.069 0.083 0.083 0.083 0.083 0.083 0.083 0.0 0.014 0.0 0.015 0.034 0.036 0.083 0.083 0.083 0.083 0.067 0.083 0.083 0.049 0.057 0.067 0.083 0.083 0.062 0.065 0.083 0.048 0.047 0.083 0.083 0.829 0.078 0.05 0.07 0.07 0.054 0.053 0.021 0.052 0.055 -0.033 0.046 0.002 0.013 0.03 0.061 0.002 0.083 0.829 0.014 0.04 0.068 0.083 0.061 0.063 0.063 0.059 0.066 0.083 0.083 0.083
0.002 0.083 0.083 0.083 0.083 0.083 0.083 0.083 0.083 0.083 0.083 0.083 0.083 0.083 0.083 0.0 0.083 0.083 0.083 0.0 0.012 0.015 0.038 0.083 0.083 0.083 0.083 0.083 0.083 0.026 0.017 0.022 0.039 0.028 0.027 0.082 0.074 0.083 0.083 0.083 0.083 0.829 0.08 0.074 0.08 0.083 0.08 0.058 0.058 0.056 0.049 0.058 0.083 0.01 0.014 0.012 0.017 0.001 0.017 0.016 0.083 0.687 0.044 0.068 0.083 0.083 0.083 0.083 0.076 0.079 0.083 0.083 0.083
