static/jobfarm/user_models/minyf/common/HOME-GBHM/输出文件/Output/Grids/GWst20020226.asc
ncols 221
nrows 204
xllcorner -627000.0
yllcorner 3955000.0
cellsize 900.0
NODATA_value -9999.0
[rows 132 to 164 of 204, columns 73 to 145 of 221]
0.083 0.083 0.083 0.083 0.083 0.083 0.083 0.027 0.027 0.012 0.083 0.083 0.011 0.083 0.083 0.049 0.046 0.049 0.083 0.012 0.052 0.046 0.131 0.083 0.138 0.138 0.138 1.383 1.383 1.383 1.383 1.383 1.364 1.383 1.383 1.383 1.274 1.383 1.383 0.138 0.138 0.097 0.135 0.138 0.135 1.383 1.383 1.383 1.383 1.383 0.083 0.083 1.383 1.369 1.383 1.368 0.02 0.02 0.083 0.083 0.083 0.083 0.829 0.829 0.829 0.059 0.083 0.138 0.058 0.083 0.083 0.083 0.083
0.043 0.013 0.083 0.083 0.083 0.029 0.083 0.083 0.017 0.083 0.083 0.083 0.083 0.083 0.012 0.047 0.04 0.083 -0.03 0.083 -0.027 0.044 0.045 0.091 0.138 0.138 0.138 0.052 1.383 1.383 1.383 1.324 1.383 1.383 1.383 1.383 1.383 1.383 1.383 1.383 0.138 0.13 0.1 0.138 1.377 1.383 1.383 1.383 1.383 1.383 0.084 0.138 0.138 0.138 1.322 1.368 0.069 0.083 0.028 0.083 0.083 0.083 0.829 0.829 0.829 0.045 0.829 1.383 0.083 0.083 0.029 0.083 0.083
0.043 0.083 0.083 0.083 0.083 0.022 0.026 0.027 0.01 0.033 0.083 0.011 0.083 0.083 0.013 0.049 0.048 0.083 0.039 0.039 -0.013 -0.033 -0.045 0.083 0.079 0.138 0.138 0.047 0.138 0.138 1.383 1.383 1.383 1.383 1.383 1.383 1.383 1.383 1.383 1.383 1.383 1.383 1.383 1.348 1.383 1.348 1.299 1.383 1.383 1.379 0.138 0.138 1.383 1.383 1.355 0.123 0.083 0.024 0.083 0.083 0.083 0.083 0.083 0.829 0.829 0.016 0.488 1.383 0.1 0.073 0.083 0.083 0.083
0.045 0.083 0.083 0.083 0.083 0.013 0.042 0.04 0.06 0.008 -0.008 0.027 0.009 0.083 0.013 0.047 0.083 0.083 0.048 0.004 0.037 -0.019 0.007 0.083 0.083 0.021 0.083 0.046 0.138 0.138 0.138 1.383 1.383 1.383 1.383 1.383 1.383 1.383 1.383 1.383 1.383 1.383 1.383 1.383 1.383 1.349 1.297 1.348 1.383 1.383 1.383 1.383 1.383 1.383 1.357 0.829 0.025 0.083 0.026 0.083 0.083 0.083 0.083 0.829 0.829 -0.167 -13.506 1.332 0.069 -0.608 0.083 0.083 0.083
0.083 0.072 0.072 0.083 0.083 0.083 0.083 0.042 0.049 0.041 0.01 0.022 0.036 0.033 0.044 0.05 0.083 0.083 0.07 0.012 0.029 0.028 0.045 0.083 0.083 0.083 0.083 0.083 0.083 0.138 0.138 0.138 1.383 1.383 1.383 1.383 1.383 1.383 1.383 1.277 1.383 1.383 1.381 1.352 1.383 1.383 1.381 1.383 -0.078 1.383 1.383 1.383 1.383 1.381 1.359 1.348 1.381 0.829 0.03 0.083 0.083 0.083 0.083 0.103 0.829 0.829 0.79 1.325 0.103 0.051 0.088 1.383 0.138
-9999.0 -9999.0 0.07 0.073 0.083 0.028 0.083 0.083 0.051 0.071 0.051 0.043 0.015 0.033 0.065 0.044 0.048 0.011 0.083 0.083 0.083 0.047 0.047 0.061 0.061 0.083 0.083 0.083 0.083 0.083 0.138 0.138 0.138 1.383 1.383 1.383 1.383 1.383 1.383 1.383 1.383 1.383 1.383 1.383 1.383 1.383 1.383 1.383 1.383 1.383 1.383 1.383 1.383 1.35 1.349 1.352 1.383 0.797 0.03 0.083 0.829 1.383 1.354 0.075 0.075 0.829 0.829 1.225 1.318 1.313 1.317 1.383 0.829
-9999.0 -9999.0 0.034 0.083 0.056 0.03 0.037 0.083 0.083 0.083 0.037 0.026 0.082 0.081 0.039 0.083 0.083 0.083 0.083 0.083 -0.018 0.083 0.083 0.083 0.035 0.083 0.039 0.083 0.083 0.083 0.083 0.083 0.083 0.138 0.138 1.383 1.383 1.383 1.383 1.38 1.383 1.383 1.383 1.383 1.383 1.383 1.331 1.383 1.383 1.383 1.383 1.383 1.383 1.383 1.383 1.383 1.383 1.383 1.305 1.383 1.383 1.383 1.383 0.138 1.383 1.288 1.383 1.288 1.383 1.287 1.383 1.383 0.829
-9999.0 -9999.0 -9999.0 0.083 0.042 0.023 0.022 0.083 0.04 -3.379 0.037 0.081 0.033 0.035 0.042 0.083 0.083 0.083 0.083 0.083 0.083 0.083 0.083 0.083 0.083 0.036 0.042 0.083 0.083 0.083 0.083 0.006 0.083 0.083 0.138 0.138 1.383 1.383 1.383 1.349 1.383 1.31 0.829 0.829 0.829 0.829 1.383 1.383 1.383 1.383 1.383 1.383 1.383 1.383 1.383 1.383 1.383 1.383 1.305 1.383 1.383 1.383 1.383 1.383 1.383 1.383 1.383 1.383 1.383 1.326 1.383 0.829 0.829
-9999.0 -9999.0 -9999.0 0.041 0.041 0.031 -0.206 -0.155 0.026 -3.319 0.052 0.08 0.071 0.083 0.083 0.083 0.083 0.083 0.083 0.083 0.083 0.083 0.033 0.083 0.083 0.083 0.067 0.031 0.083 0.083 0.083 0.083 0.083 0.083 0.138 0.138 0.075 1.383 1.383 1.383 1.383 1.383 1.383 0.829 0.829 0.829 0.829 1.383 1.383 1.383 1.383 1.383 1.383 1.383 1.383 1.332 1.383 1.359 1.331 1.383 1.383 1.369 1.383 1.383 1.383 1.383 1.383 1.383 1.383 1.383 1.383 0.829 0.829
-9999.0 -9999.0 -9999.0 0.044 0.024 0.081 0.025 0.024 0.075 -0.956 0.08 0.065 0.063 0.058 0.083 0.083 0.083 0.083 0.083 0.083 0.083 0.083 0.083 0.083 0.083 0.027 0.083 0.083 0.083 0.083 0.083 0.083 0.083 0.083 0.083 0.136 0.137 1.383 1.383 1.383 1.361 1.383 1.383 1.383 1.383 0.829 0.829 1.383 1.342 1.383 1.383 1.383 1.383 1.383 1.383 1.332 1.383 1.377 1.332 1.383 1.383 1.369 1.371 1.383 1.326 1.335 1.381 1.383 1.383 1.383 0.829 0.829 0.829
-9999.0 -9999.0 -9999.0 -9999.0 -9999.0 -9999.0 0.078 -9999.0 0.079 0.077 0.078 0.056 0.083 0.083 0.083 0.083 0.083 0.083 0.083 0.083 0.083 0.083 0.049 0.052 0.083 0.083 0.083 0.083 0.083 0.021 0.083 0.083 0.083 0.083 0.083 0.104 0.104 0.138 1.361 1.383 1.383 1.383 1.383 1.383 1.383 0.829 0.829 0.829 -15.691 1.383 1.383 1.383 1.383 1.383 1.383 1.383 1.374 1.383 1.383 1.383 1.383 0.829 0.829 1.383 1.383 1.324 1.327 1.383 1.383 1.312 -45.421 -7.249 1.383
-9999.0 -9999.0 -9999.0 -9999.0 -9999.0 -9999.0 -9999.0 -9999.0 0.078 0.076 0.078 0.047 0.044 0.083 0.083 0.083 0.083 0.083 0.042 0.083 0.083 0.083 0.083 0.083 0.083 0.083 0.083 0.083 0.083 0.083 0.083 0.083 0.083 0.083 0.083 0.083 0.138 0.138 1.383 1.383 1.383 1.383 1.383 1.383 1.383 1.383 0.829 0.829 -96.734 0.802 1.383 1.383 1.383 1.364 1.383 1.355 1.383 1.383 1.319 1.383 1.383 0.829 0.829 0.829 1.383 1.309 1.383 1.383 1.383 -33.346 -26.905 -55.458 1.381
-9999.0 -9999.0 -9999.0 -9999.0 -9999.0 -9999.0 -9999.0 -9999.0 -9999.0 -9999.0 0.053 0.074 0.073 0.075 0.075 0.083 0.06 0.083 0.04 0.028 0.083 0.049 0.059 0.083 0.083 0.054 0.083 0.083 0.083 0.083 0.018 0.024 0.029 0.039 0.083 0.083 0.083 0.138 1.38 1.383 1.383 1.383 1.383 1.383 1.383 1.383 1.383 0.829 0.802 -43.954 1.358 1.359 1.38 1.383 1.383 1.341 1.383 1.383 1.383 1.383 1.383 0.829 0.829 0.829 0.829 0.829 1.383 1.383 1.383 0.829 -65.828 0.754 1.381
-9999.0 -9999.0 -9999.0 -9999.0 -9999.0 -9999.0 -9999.0 -9999.0 -9999.0 -9999.0 -9999.0 0.073 0.071 0.083 0.083 0.083 0.068 0.083 0.083 0.055 0.029 0.049 0.035 0.083 0.083 0.083 0.083 0.083 0.083 0.049 0.033 0.016 0.027 0.03 0.083 0.083 0.083 0.138 1.383 1.383 1.383 1.383 1.383 1.383 1.383 1.383 1.383 -11.938 0.806 -40.889 -5.588 1.383 1.353 1.383 1.383 1.383 1.383 1.383 1.383 1.383 1.383 0.829 0.829 0.829 0.829 0.829 1.383 1.383 0.335 1.383 1.375 1.383 0.451
-9999.0 -9999.0 -9999.0 -9999.0 -9999.0 -9999.0 -9999.0 -9999.0 -9999.0 -9999.0 -9999.0 -9999.0 0.07 0.071 0.083 0.068 0.083 0.083 0.083 0.083 0.077 0.05 0.083 0.083 0.083 0.083 0.083 0.083 0.083 0.083 0.037 0.025 0.083 0.083 0.083 0.059 0.078 0.138 0.138 1.383 1.383 1.383 1.383 1.383 1.383 1.383 1.383 1.361 1.383 -45.563 0.829 0.829 0.829 1.383 1.383 1.343 1.383 1.383 1.379 1.349 1.383 0.829 0.829 0.829 1.383 1.383 1.383 1.383 1.382 0.676 1.383 1.228 1.22
-9999.0 -9999.0 -9999.0 -9999.0 -9999.0 -9999.0 -9999.0 -9999.0 -9999.0 -9999.0 -9999.0 -9999.0 -9999.0 0.072 0.075 0.07 0.075 0.054 0.075 0.068 0.073 0.05 0.049 0.083 0.083 0.083 0.083 0.083 0.083 0.047 0.017 0.083 0.083 0.025 0.083 0.083 0.083 0.138 0.138 0.138 1.383 1.381 1.383 1.383 1.383 1.383 1.383 1.383 1.36 -13.276 0.829 0.829 0.829 1.383 1.383 1.383 1.346 1.383 1.383 1.383 1.369 1.383 0.829 0.829 1.383 1.383 1.383 1.383 1.331 0.829 1.383 1.383 1.383
-9999.0 -9999.0 -9999.0 -9999.0 -9999.0 -9999.0 -9999.0 -9999.0 -9999.0 -9999.0 -9999.0 -9999.0 -9999.0 -9999.0 -9999.0 -9999.0 -9999.0 0.082 0.074 0.073 0.08 0.032 0.049 0.083 0.083 0.083 0.083 0.083 0.083 0.034 0.017 0.018 0.039 0.028 0.027 0.083 0.083 0.083 0.083 0.083 1.383 1.383 1.383 1.383 1.383 1.383 1.383 1.383 1.383 1.383 0.829 0.829 0.829 0.829 0.785 1.336 1.383 1.383 1.383 1.383 1.383 0.829 0.829 0.829 0.829 0.829 0.829 0.829 0.829 0.829 -20.834 1.383 1.383
-9999.0 -9999.0 -9999.0 -9999.0 -9999.0 -9999.0 -9999.0 -9999.0 -9999.0 -9999.0 -9999.0 -9999.0 -9999.0 -9999.0 -9999.0 -9999.0 -9999.0 -9999.0 -9999.0 -9999.0 -9999.0 0.03 0.052 0.083 0.083 0.083 0.083 0.083 0.083 0.032 0.032 0.014 0.016 0.025 0.028 0.083 0.083 0.083 0.083 0.083 0.083 1.383 1.383 1.383 1.383 1.383 1.383 1.367 1.383 1.383 1.383 0.829 0.829 -48.669 0.783 0.787 -45.636 1.383 1.383 1.383 1.383 0.829 0.829 0.829 0.829 0.829 0.829 0.829 0.829 1.383 0.829 0.829 1.383
-9999.0 -9999.0 -9999.0 -9999.0 -9999.0 -9999.0 -9999.0 -9999.0 -9999.0 -9999.0 -9999.0 -9999.0 -9999.0 -9999.0 -9999.0 -9999.0 -9999.0 -9999.0 -9999.0 -9999.0 -9999.0 -9999.0 0.083 0.049 0.049 0.05 0.049 0.054 0.041 0.083 0.083 0.083 0.083 0.083 0.083 0.083 0.083 0.083 0.083 0.083 0.083 0.083 1.383 1.383 1.383 1.383 0.138 0.138 1.355 1.353 1.345 1.345 1.333 1.383 -74.989 -50.45 -117.314 1.383 1.383 0.829 1.383 0.829 0.829 0.829 0.829 0.829 0.829 0.829 0.786 1.348 0.829 0.829 1.383
-9999.0 -9999.0 -9999.0 -9999.0 -9999.0 -9999.0 -9999.0 -9999.0 -9999.0 -9999.0 -9999.0 -9999.0 -9999.0 -9999.0 -9999.0 -9999.0 -9999.0 -9999.0 -9999.0 -9999.0 -9999.0 -9999.0 -9999.0 0.022 0.076 0.077 0.051 0.066 0.06 0.083 0.083 0.083 0.083 0.083 0.083 0.083 0.083 0.083 0.083 0.083 0.083 0.083 0.138 0.138 0.122 0.138 0.136 0.138 0.102 0.101 0.108 1.341 1.383 1.335 -21.262 -80.268 -66.683 -15.012 -1.662 1.383 1.383 1.383 0.829 0.829 0.829 0.829 0.829 0.829 0.829 1.375 -13.04 0.829 1.383
-9999.0 -9999.0 -9999.0 -9999.0 -9999.0 -9999.0 -9999.0 -9999.0 -9999.0 -9999.0 -9999.0 -9999.0 -9999.0 -9999.0 -9999.0 -9999.0 -9999.0 -9999.0 -9999.0 -9999.0 -9999.0 -9999.0 -9999.0 -9999.0 0.079 0.052 0.083 0.083 0.069 0.083 0.083 0.083 0.046 0.083 0.083 0.083 0.083 0.083 0.083 0.083 0.083 0.083 0.083 0.138 0.138 0.138 0.138 0.134 0.1 0.096 0.095 0.138 1.374 1.335 1.339 -140.284 1.338 -133.445 -63.137 -42.45 0.829 0.809 1.383 1.383 1.383 1.383 1.383 1.334 1.378 1.378 -13.038 -17.202 0.829
-9999.0 -9999.0 -9999.0 -9999.0 -9999.0 -9999.0 -9999.0 -9999.0 -9999.0 -9999.0 -9999.0 -9999.0 -9999.0 -9999.0 -9999.0 -9999.0 -9999.0 -9999.0 -9999.0 -9999.0 -9999.0 -9999.0 -9999.0 -9999.0 0.079 0.074 0.054 0.083 0.083 0.083 0.083 0.083 0.083 0.083 0.083 0.083 0.083 0.083 0.083 0.083 0.083 0.083 0.083 0.083 0.138 0.138 0.138 0.034 0.077 0.045 0.138 0.083 0.083 1.383 1.334 -22.66 1.383 -9.525 -327.908 -14.666 -59.078 0.829 -51.335 -54.737 1.379 1.383 1.383 1.383 -3.342 1.234 -3.345 -8.068 0.829
-9999.0 -9999.0 -9999.0 -9999.0 -9999.0 -9999.0 -9999.0 -9999.0 -9999.0 -9999.0 -9999.0 -9999.0 -9999.0 -9999.0 -9999.0 -9999.0 -9999.0 -9999.0 -9999.0 -9999.0 -9999.0 -9999.0 -9999.0 -9999.0 -9999.0 0.051 0.054 0.067 0.072 0.083 0.083 0.083 0.083 0.083 0.083 0.083 0.083 0.083 0.083 0.083 0.083 0.083 0.083 0.083 0.083 0.083 0.083 0.077 0.046 0.038 0.083 0.083 0.01 0.088 1.332 -22.679 -22.665 -27.147 -25.797 -113.307 -203.01 -48.517 -20.1 -109.107 -23.898 -63.135 1.383 -3.34 1.234 1.234 1.234 0.829 0.829
-9999.0 -9999.0 -9999.0 -9999.0 -9999.0 -9999.0 -9999.0 -9999.0 -9999.0 -9999.0 -9999.0 -9999.0 -9999.0 -9999.0 -9999.0 -9999.0 -9999.0 -9999.0 -9999.0 -9999.0 -9999.0 -9999.0 -9999.0 -9999.0 -9999.0 -9999.0 -9999.0 -9999.0 0.071 0.083 0.083 0.083 0.083 0.083 0.083 0.083 0.083 0.083 0.083 0.083 0.083 0.083 0.083 0.083 0.083 0.083 0.083 0.033 0.038 0.045 0.042 0.037 -0.021 0.138 0.085 0.04 1.336 1.337 -27.151 -59.109 -98.762 -39.759 -47.024 0.829 -156.924 -9999.0 -83.954 -0.775 1.234 1.383 0.829 0.829 -14.404
-9999.0 -9999.0 -9999.0 -9999.0 -9999.0 -9999.0 -9999.0 -9999.0 -9999.0 -9999.0 -9999.0 -9999.0 -9999.0 -9999.0 -9999.0 -9999.0 -9999.0 -9999.0 -9999.0 -9999.0 -9999.0 -9999.0 -9999.0 -9999.0 -9999.0 -9999.0 -9999.0 -9999.0 -9999.0 -9999.0 0.053 0.054 0.052 0.054 0.046 0.083 0.071 0.083 0.083 0.083 0.083 0.021 0.024 0.03 0.083 0.083 0.025 0.033 0.0 0.039 0.051 0.054 0.044 0.038 0.033 0.138 0.138 1.383 1.257 1.253 1.254 -2.53 1.383 1.383 -9999.0 -9999.0 -9999.0 1.383 1.383 1.383 1.383 -202.996 -55.596
-9999.0 -9999.0 -9999.0 -9999.0 -9999.0 -9999.0 -9999.0 -9999.0 -9999.0 -9999.0 -9999.0 -9999.0 -9999.0 -9999.0 -9999.0 -9999.0 -9999.0 -9999.0 -9999.0 -9999.0 -9999.0 -9999.0 -9999.0 -9999.0 -9999.0 -9999.0 -9999.0 -9999.0 -9999.0 -9999.0 -9999.0 0.044 0.049 0.049 0.083 0.083 0.083 0.083 0.083 0.083 0.083 0.025 0.022 0.031 0.029 0.029 0.083 0.031 0.083 0.066 0.073 0.06 0.059 0.058 0.02 0.0 0.042 0.138 1.383 1.253 1.254 1.342 1.383 -9999.0 -9999.0 -9999.0 -9999.0 -9999.0 1.383 1.383 -2.301 -11.149 -11.08
-9999.0 -9999.0 -9999.0 -9999.0 -9999.0 -9999.0 -9999.0 -9999.0 -9999.0 -9999.0 -9999.0 -9999.0 -9999.0 -9999.0 -9999.0 -9999.0 -9999.0 -9999.0 -9999.0 -9999.0 -9999.0 -9999.0 -9999.0 -9999.0 -9999.0 -9999.0 -9999.0 -9999.0 -9999.0 -9999.0 -9999.0 -9999.0 0.049 0.045 0.083 0.083 0.083 0.083 0.083 0.083 0.083 0.083 0.083 0.083 0.026 0.026 0.024 0.033 0.056 0.065 0.052 0.022 0.054 0.051 0.049 0.061 0.048 0.136 0.108 1.333 1.34 1.383 -9999.0 -9999.0 -9999.0 -9999.0 -9999.0 -9999.0 -9999.0 -9999.0 -7.349 -5.87 1.383
-9999.0 -9999.0 -9999.0 -9999.0 -9999.0 -9999.0 -9999.0 -9999.0 -9999.0 -9999.0 -9999.0 -9999.0 -9999.0 -9999.0 -9999.0 -9999.0 -9999.0 -9999.0 -9999.0 -9999.0 -9999.0 -9999.0 -9999.0 -9999.0 -9999.0 -9999.0 -9999.0 -9999.0 -9999.0 -9999.0 -9999.0 -9999.0 0.034 0.031 0.042 0.083 0.083 0.083 0.083 0.083 0.083 0.083 0.08 0.07 0.022 0.026 0.077 0.064 0.046 0.083 0.065 0.062 0.056 0.049 0.083 0.083 0.083 0.138 0.138 1.383 1.383 -9999.0 -9999.0 -9999.0 -9999.0 -9999.0 -9999.0 -9999.0 -9999.0 -9999.0 -9999.0 -45.76 1.383
-9999.0 -9999.0 -9999.0 -9999.0 -9999.0 -9999.0 -9999.0 -9999.0 -9999.0 -9999.0 -9999.0 -9999.0 -9999.0 -9999.0 -9999.0 -9999.0 -9999.0 -9999.0 -9999.0 -9999.0 -9999.0 -9999.0 -9999.0 -9999.0 -9999.0 -9999.0 -9999.0 -9999.0 -9999.0 -9999.0 -9999.0 -9999.0 -9999.0 0.044 0.063 0.027 0.083 0.083 0.083 0.083 0.083 0.069 0.083 0.03 0.083 0.083 0.083 0.083 0.043 0.083 0.041 0.061 0.037 0.046 0.041 0.046 0.004 0.047 0.107 0.138 1.383 1.383 1.337 -9999.0 -9999.0 -9999.0 -9999.0 -9999.0 -9999.0 -9999.0 -9999.0 -9999.0 -9999.0
-9999.0 -9999.0 -9999.0 -9999.0 -9999.0 -9999.0 -9999.0 -9999.0 -9999.0 -9999.0 -9999.0 -9999.0 -9999.0 -9999.0 -9999.0 -9999.0 -9999.0 -9999.0 -9999.0 -9999.0 -9999.0 -9999.0 -9999.0 -9999.0 -9999.0 -9999.0 -9999.0 -9999.0 -9999.0 -9999.0 -9999.0 -9999.0 -9999.0 -9999.0 -9999.0 0.031 0.026 0.029 0.031 0.06 0.059 0.041 0.083 0.083 0.083 0.083 0.063 0.044 0.083 0.083 0.052 0.081 0.053 0.065 0.057 0.048 0.045 0.042 0.048 0.138 0.125 1.383 0.829 0.083 -9999.0 -9999.0 -9999.0 -9999.0 -9999.0 -9999.0 -9999.0 -9999.0 -9999.0
-9999.0 -9999.0 -9999.0 -9999.0 -9999.0 -9999.0 -9999.0 -9999.0 -9999.0 -9999.0 -9999.0 -9999.0 -9999.0 -9999.0 -9999.0 -9999.0 -9999.0 -9999.0 -9999.0 -9999.0 -9999.0 -9999.0 -9999.0 -9999.0 -9999.0 -9999.0 -9999.0 -9999.0 -9999.0 -9999.0 -9999.0 -9999.0 -9999.0 -9999.0 -9999.0 0.073 0.072 0.065 0.081 0.075 0.048 0.083 0.083 0.083 0.036 0.083 0.083 0.083 0.829 0.829 0.036 0.037 0.083 0.083 0.057 0.083 0.053 0.083 0.083 0.083 0.138 1.383 1.383 0.083 0.033 -9999.0 -9999.0 -9999.0 -9999.0 -9999.0 -9999.0 -9999.0 -9999.0
-9999.0 -9999.0 -9999.0 -9999.0 -9999.0 -9999.0 -9999.0 -9999.0 -9999.0 -9999.0 -9999.0 -9999.0 -9999.0 -9999.0 -9999.0 -9999.0 -9999.0 -9999.0 -9999.0 -9999.0 -9999.0 -9999.0 -9999.0 -9999.0 -9999.0 -9999.0 -9999.0 -9999.0 -9999.0 -9999.0 -9999.0 -9999.0 -9999.0 -9999.0 -9999.0 -9999.0 -9999.0 -9999.0 -9999.0 -9999.0 0.794 0.829 0.829 0.829 0.829 0.829 0.829 0.829 0.083 0.083 0.778 0.032 0.035 0.073 0.083 0.083 0.041 0.026 0.083 0.083 0.083 0.138 1.383 1.382 0.083 0.083 -9999.0 -9999.0 -9999.0 -9999.0 -9999.0 -9999.0 -9999.0
-9999.0 -9999.0 -9999.0 -9999.0 -9999.0 -9999.0 -9999.0 -9999.0 -9999.0 -9999.0 -9999.0 -9999.0 -9999.0 -9999.0 -9999.0 -9999.0 -9999.0 -9999.0 -9999.0 -9999.0 -9999.0 -9999.0 -9999.0 -9999.0 -9999.0 -9999.0 -9999.0 -9999.0 -9999.0 -9999.0 -9999.0 -9999.0 -9999.0 -9999.0 -9999.0 -9999.0 -9999.0 -9999.0 -9999.0 -9999.0 -9999.0 -9999.0 0.083 0.083 0.083 0.083 0.083 0.083 0.083 0.083 0.083 0.829 0.039 0.07 0.083 0.053 0.083 0.042 0.027 0.083 0.083 0.138 1.383 1.383 0.032 0.044 0.077 0.027 -9999.0 -9999.0 -9999.0 -9999.0 -9999.0
