static/jobfarm/user_models/minyf/common/HOME-GBHM/输出文件/Output/Grids/GWst20020225.asc
ncols 221
nrows 204
xllcorner -627000.0
yllcorner 3955000.0
cellsize 900.0
NODATA_value -9999.0
[rows 66 to 98 of 204, columns 74 to 147 of 221]
0.077 0.078 0.083 0.031 0.0 0.0 0.083 0.083 0.083 0.083 0.074 0.0 0.08 0.083 0.069 0.074 0.0 0.024 0.0 0.0 0.0 0.0 0.0 0.083 0.06 0.083 0.083 0.083 0.083 0.083 0.083 0.083 0.021 0.083 0.083 0.083 0.051 0.067 0.048 0.083 0.083 0.027 0.078 0.083 0.083 0.069 0.06 0.068 0.05 0.081 0.074 0.078 0.083 0.083 0.066 0.078 0.051 0.0 0.0 0.083 0.083 0.083 0.083 0.078 0.079 0.076 0.083 0.072 0.083 0.067 0.075 0.074 0.069 0.065
0.083 0.078 0.078 0.083 0.08 0.0 0.067 0.083 0.083 0.083 0.083 0.082 0.081 0.08 0.076 0.062 0.0 0.083 0.024 0.062 0.0 0.07 0.0 0.0 0.066 0.083 0.083 0.063 0.083 0.083 0.083 0.083 0.083 0.053 0.083 0.056 0.054 0.083 0.083 0.083 0.083 0.024 0.046 0.082 0.083 0.076 0.057 0.059 0.064 0.083 0.073 0.083 0.083 0.043 0.082 0.083 0.058 0.0 0.0 0.083 0.083 0.065 0.083 0.057 0.073 0.071 0.083 0.083 0.071 0.083 0.071 0.058 0.083 0.083
0.081 0.083 0.075 0.075 0.068 0.068 0.083 0.083 0.083 0.083 0.082 0.081 0.054 0.054 0.054 0.065 0.0 0.0 0.0 0.061 0.068 0.0 0.0 0.067 0.083 0.069 0.061 0.071 0.083 0.083 0.083 0.083 0.08 0.083 0.035 0.06 0.058 0.057 0.083 0.063 0.054 0.083 0.083 0.083 0.069 0.083 0.072 0.074 0.078 0.083 0.074 0.06 0.083 0.083 0.083 0.083 0.068 0.0 0.022 0.0 0.0 0.061 0.062 0.068 0.083 0.083 0.083 0.083 0.08 0.083 0.077 0.068 0.077 0.083
0.076 0.075 0.077 0.082 0.083 0.083 0.083 0.083 0.083 0.079 0.083 0.083 0.061 0.0 0.0 0.0 0.0 0.0 0.083 0.0 0.065 0.083 0.083 0.083 0.083 0.076 0.076 0.075 0.083 0.083 0.073 0.083 0.083 0.036 0.026 0.079 0.059 0.061 0.083 0.053 0.03 0.035 0.083 0.0 0.081 0.076 0.083 0.083 0.083 0.061 0.074 0.083 0.0 0.083 0.066 0.077 0.076 0.078 0.08 0.022 0.071 0.083 0.0 0.083 0.083 0.083 0.083 0.078 0.083 0.082 0.045 0.079 0.076 0.07
0.083 0.073 0.078 0.078 0.083 0.077 0.077 0.075 0.07 0.083 0.083 0.083 0.082 0.077 0.064 0.067 0.0 0.0 0.0 0.0 0.0 0.031 0.083 0.083 0.08 0.079 0.075 0.071 0.083 0.083 0.083 0.083 0.083 0.083 0.064 0.073 0.082 0.075 0.066 0.06 0.083 0.079 0.0 0.083 0.069 0.08 0.083 0.077 0.083 0.083 0.083 0.083 0.083 0.083 0.083 0.059 0.083 0.083 0.069 0.083 0.043 0.083 0.083 0.083 0.0 0.078 0.072 0.077 0.083 0.078 0.045 0.083 0.076 0.083
0.071 0.071 0.083 0.08 0.083 0.083 0.083 0.083 0.076 0.083 0.077 0.077 0.083 0.077 0.077 0.065 0.022 0.038 0.0 0.0 0.073 0.083 0.083 0.083 0.083 0.053 0.054 0.055 0.083 0.083 0.083 0.083 0.083 0.083 0.066 0.067 0.064 0.072 0.079 0.052 0.027 0.083 0.083 0.082 0.083 0.075 0.083 0.079 0.0 0.083 0.081 0.059 0.083 0.083 0.083 0.059 0.083 0.083 0.019 0.043 0.083 0.083 0.083 0.083 0.0 0.083 0.083 0.077 0.083 0.078 0.078 0.083 0.083 0.08
0.079 0.081 0.079 0.079 0.081 0.078 0.08 0.083 0.083 0.083 0.081 0.079 0.079 0.083 0.083 0.083 0.083 0.073 0.079 0.0 0.0 0.083 0.083 0.083 0.0 0.0 0.0 0.083 0.083 0.024 0.083 0.083 0.083 0.025 0.0 0.018 0.002 0.083 0.0 0.066 0.071 0.083 0.083 0.083 0.083 0.072 0.072 0.079 0.083 0.083 0.054 0.078 0.083 0.083 0.083 0.0 0.057 0.075 0.052 0.083 0.0 0.0 0.0 0.0 0.069 0.0 0.0 0.0 0.0 0.0 0.082 0.083 0.083 0.077
0.081 0.083 0.08 0.08 0.081 0.083 0.082 0.083 0.083 0.083 0.078 0.079 0.079 0.081 0.074 0.083 0.047 0.082 0.083 0.083 0.083 0.083 0.083 0.083 0.083 0.083 0.083 0.083 0.083 0.083 0.083 0.083 0.083 0.027 0.083 0.0 0.001 0.031 0.0 0.083 0.056 0.082 0.082 0.082 0.081 0.074 0.077 0.083 0.08 0.077 0.073 0.083 0.048 0.083 0.0 0.0 0.083 0.068 0.083 0.083 0.01 0.0 0.0 0.0 0.065 0.0 0.0 0.0 0.0 0.077 0.083 0.083 0.083 0.07
0.083 0.083 0.083 0.083 0.083 0.083 0.082 0.083 0.083 0.083 0.079 0.079 0.077 0.083 0.08 0.083 0.045 0.083 0.083 0.083 0.083 0.083 0.083 0.083 0.083 0.0 0.0 0.083 0.083 0.032 0.034 0.083 0.027 0.023 0.0 0.0 0.0 0.0 0.029 0.083 0.059 0.083 0.083 0.059 0.083 0.081 0.02 0.076 0.073 0.049 0.029 0.069 0.044 0.081 0.043 0.069 0.083 0.083 0.078 0.067 0.0 0.0 0.0 0.0 0.0 0.08 0.0 0.0 0.0 0.0 0.083 0.083 0.083 0.071
0.08 0.081 0.081 0.083 0.083 0.083 0.082 0.083 0.083 0.083 0.076 0.071 0.083 0.083 0.072 0.083 0.083 0.083 0.083 0.083 0.083 0.083 0.0 0.083 0.0 0.0 0.024 0.0 0.031 0.033 0.024 0.032 0.083 0.083 0.0 0.083 0.032 0.0 0.03 0.083 0.075 0.072 0.07 0.083 0.075 0.076 0.079 0.077 0.075 0.073 0.0 0.049 0.0 0.082 0.043 0.051 0.045 0.022 0.083 0.083 0.0 0.0 0.0 0.0 0.0 0.0 0.0 0.0 0.0 0.0 0.082 0.082 0.083 0.083
0.082 0.083 0.082 0.08 0.083 0.082 0.082 0.083 0.083 0.083 0.077 0.071 0.073 0.083 0.071 0.071 0.083 0.083 0.083 0.083 0.083 0.083 0.0 0.083 0.0 0.0 0.0 0.0 0.0 0.0 0.027 0.034 0.0 0.052 0.083 0.083 0.083 0.083 0.0 0.042 0.0 0.083 0.083 0.066 0.083 0.083 0.083 0.083 0.082 0.083 0.0 0.0 0.026 0.064 0.076 0.055 0.038 0.004 0.0 0.0 0.0 0.0 0.0 0.0 0.0 0.0 0.0 0.0 0.0 0.0 0.083 0.083 0.083 0.083
0.082 0.02 0.083 0.083 0.083 0.078 0.083 0.083 0.083 0.083 0.079 0.071 0.083 0.083 0.083 0.072 0.083 0.083 0.083 0.049 0.083 0.083 0.083 0.083 0.0 0.0 0.0 0.0 0.034 0.0 0.0 0.0 0.0 0.0 0.0 0.083 0.083 0.0 0.0 0.043 0.065 0.054 0.072 0.083 0.083 0.083 0.082 0.079 0.072 0.063 0.063 0.0 0.011 0.045 0.0 0.0 0.005 0.0 0.0 0.0 0.0 0.0 0.0 0.0 0.0 0.0 0.0 0.0 0.0 0.0 0.083 0.083 0.083 0.083
0.0 0.0 0.074 0.075 0.083 0.083 0.083 0.083 0.083 0.083 0.073 0.067 0.068 0.083 0.062 0.075 0.083 0.083 0.083 0.083 0.083 0.083 0.083 0.082 0.023 0.0 0.0 0.083 0.019 0.011 0.034 0.042 0.0 0.0 0.0 0.083 0.083 0.003 0.01 0.051 0.028 0.083 0.082 0.082 0.0 0.083 0.083 0.063 0.083 0.081 0.024 0.0 0.0 0.0 0.0 0.0 0.0 0.0 0.0 0.0 0.0 0.0 0.0 0.0 0.0 0.082 0.0 0.0 0.0 0.0 0.083 0.083 0.083 0.083
0.083 0.04 0.074 0.079 0.079 0.083 0.083 0.083 0.083 0.083 0.083 0.049 0.03 0.062 0.066 0.075 0.083 0.083 0.083 0.083 0.083 0.083 0.082 0.08 0.066 0.07 0.065 0.0 0.08 0.001 0.007 0.081 0.076 0.083 0.083 0.083 0.0 0.0 0.0 0.0 0.083 0.083 0.083 0.083 0.083 0.083 0.077 0.073 0.083 0.083 0.008 0.0 0.0 0.0 0.0 0.0 0.0 0.0 0.0 0.0 0.0 0.0 0.0 0.0 0.0 0.0 0.0 0.0 0.0 0.0 0.082 0.083 0.083 0.083
0.08 0.059 0.072 0.073 0.083 0.083 0.083 0.083 0.083 0.083 0.073 0.049 0.045 0.083 0.078 0.076 0.083 0.083 0.083 0.083 0.083 0.083 0.0 0.001 0.0 0.0 0.068 0.0 0.0 0.079 0.083 0.07 0.054 0.083 0.083 0.0 0.038 0.038 0.03 0.034 0.083 0.083 0.082 0.083 0.083 0.083 0.083 0.083 0.079 0.083 0.083 0.0 0.0 0.0 0.0 0.0 0.0 0.0 0.0 0.0 0.0 0.0 0.0 0.079 0.0 0.004 0.0 0.003 0.0 0.0 0.083 0.083 0.077 0.072
0.083 0.074 0.083 0.083 0.083 0.083 0.083 0.083 0.083 0.083 0.083 0.051 0.0 0.047 0.078 0.069 0.083 0.083 0.083 0.083 0.083 0.0 0.0 0.0 0.0 0.064 0.0 0.0 0.0 0.0 0.065 0.067 0.038 0.055 0.0 0.0 0.033 0.0 0.0 0.0 0.083 0.083 0.083 0.083 0.083 0.083 0.083 0.083 0.083 0.083 0.083 0.083 0.0 0.0 0.0 0.0 0.0 0.0 0.0 0.0 0.0 0.0 0.0 0.0 0.083 0.0 0.076 0.0 0.083 0.083 0.083 0.083 0.083 0.079
0.078 0.07 0.076 0.074 0.083 0.083 0.083 0.083 0.083 0.083 0.062 0.02 0.0 0.049 0.046 0.078 0.083 0.083 0.083 0.083 0.083 0.0 0.0 0.0 0.083 0.0 0.0 0.0 0.0 0.0 0.0 0.0 0.0 0.029 0.0 0.0 0.047 0.055 0.0 0.0 0.083 0.083 0.075 0.083 0.083 0.083 0.083 0.083 0.083 0.083 0.083 0.083 0.0 0.0 0.0 0.0 0.0 0.035 0.0 0.0 0.0 0.0 0.0 0.0 0.0 0.082 0.0 0.083 0.083 0.083 0.083 0.08 0.083 0.0
0.08 0.083 0.083 0.083 0.083 0.083 0.083 0.083 0.083 0.083 0.034 0.045 0.0 0.055 0.051 0.051 0.083 0.083 0.083 0.083 0.083 0.0 0.0 0.061 0.083 0.0 0.0 0.083 0.0 0.067 0.065 0.083 0.054 0.0 0.0 0.0 0.0 0.0 0.0 0.0 0.083 0.047 0.077 0.057 0.083 0.083 0.083 0.083 0.083 0.083 0.083 0.083 0.083 0.0 0.0 0.0 0.0 0.0 0.0 0.0 0.0 0.0 0.0 0.0 0.0 0.0 0.0 0.073 0.083 0.083 0.083 0.083 0.083 0.0
0.083 0.083 0.083 0.083 0.083 0.083 0.083 0.083 0.083 0.083 0.078 0.008 0.05 0.083 0.039 0.046 0.083 0.083 0.083 0.083 0.083 0.083 0.0 0.083 0.083 0.083 0.0 0.083 0.02 0.083 0.0 0.0 0.0 0.0 0.059 0.0 0.0 0.07 0.0 0.056 0.083 0.0 0.068 0.083 0.083 0.083 0.083 0.083 0.083 0.083 0.083 0.083 0.083 0.083 0.0 0.0 0.083 0.0 0.022 0.08 0.083 0.083 0.0 0.076 0.083 0.083 0.061 0.076 0.081 0.083 0.073 0.083 0.074 0.0
0.076 0.083 0.083 0.083 0.083 0.083 0.083 0.083 0.083 0.076 0.083 0.046 0.068 0.0 0.075 0.047 0.083 0.083 0.083 0.083 0.083 0.083 0.083 0.083 0.083 0.0 0.0 0.083 0.083 0.083 0.0 0.083 0.0 0.0 0.0 0.0 0.0 0.0 0.0 0.0 0.0 0.06 0.064 0.083 0.083 0.083 0.083 0.083 0.056 0.083 0.083 0.083 0.083 0.083 0.083 0.083 0.083 0.0 0.019 0.083 0.062 0.081 0.079 0.082 0.081 0.083 0.08 0.083 0.082 0.0 0.0 0.0 0.0 0.083
0.0 0.083 0.083 0.083 0.083 0.083 0.083 0.079 0.081 0.079 0.074 0.083 0.036 0.083 0.0 0.0 0.03 0.083 0.083 0.083 0.083 0.083 0.083 0.083 0.083 0.0 0.0 0.083 0.083 0.083 0.0 0.0 0.083 0.003 0.047 0.061 0.0 0.0 0.044 0.083 0.06 0.08 0.067 0.079 0.081 0.083 0.083 0.083 0.083 0.083 0.083 0.083 0.083 0.083 0.083 0.083 0.083 0.083 0.083 0.083 0.04 0.081 0.083 0.081 0.081 0.083 0.083 0.083 0.079 0.081 0.0 0.0 0.0 0.083
0.083 0.083 0.083 0.083 0.083 0.083 0.083 0.083 0.078 0.081 0.037 0.083 0.083 0.083 0.0 0.033 0.056 0.067 0.083 0.083 0.083 0.083 0.083 0.083 0.083 0.0 0.0 0.0 0.083 0.083 0.0 0.0 0.083 0.083 0.044 0.074 0.0 0.0 0.0 0.077 0.077 0.061 0.063 0.083 0.083 0.083 0.083 0.083 0.083 0.083 0.083 0.083 0.083 0.083 0.083 0.083 0.0 0.083 0.083 0.083 0.083 0.08 0.08 0.083 0.079 0.083 0.083 0.04 0.062 0.081 0.067 0.066 0.041 0.0
0.083 0.083 0.083 0.083 0.083 0.083 0.083 0.083 0.083 0.081 0.08 0.05 0.083 0.083 0.0 0.083 0.055 0.083 0.083 0.083 0.083 0.083 0.083 0.083 0.072 0.083 0.083 0.083 0.083 0.083 0.0 0.0 0.083 0.083 0.022 0.044 0.039 0.083 0.036 0.079 0.075 0.0 0.083 0.083 0.083 0.083 0.083 0.083 0.083 0.083 0.083 0.083 0.083 0.083 0.083 0.083 0.0 0.083 0.083 0.083 0.083 0.074 0.074 0.079 0.068 0.066 0.081 0.079 0.083 0.062 0.059 0.083 0.083 0.019
0.083 0.083 0.083 0.083 0.083 0.083 0.083 0.083 0.083 0.083 0.083 0.04 0.0 0.0 0.083 0.083 0.083 0.083 0.083 0.083 0.083 0.083 0.083 0.078 0.083 0.083 0.083 0.032 0.001 0.0 0.04 0.083 0.083 0.083 0.023 0.021 0.071 0.005 0.012 0.075 0.076 0.059 0.083 0.083 0.083 0.083 0.083 0.083 0.083 0.083 0.083 0.083 0.083 0.083 0.083 0.083 0.0 0.083 0.083 0.038 0.075 0.083 0.079 0.077 0.081 0.083 0.083 0.08 0.062 0.083 0.0 0.019 0.065 0.0
0.083 0.083 0.083 0.083 0.083 0.083 0.083 0.083 0.083 0.083 0.083 0.0 0.0 0.034 0.0 0.083 0.0 0.083 0.083 0.083 0.083 0.083 0.082 0.083 0.083 0.083 0.083 0.0 0.046 0.047 0.0 0.083 0.083 0.017 0.062 0.08 0.076 0.075 0.082 0.082 0.07 0.083 0.071 0.072 0.083 0.083 0.083 0.075 0.078 0.081 0.083 0.072 0.083 0.083 0.083 0.083 0.083 0.083 0.083 0.078 0.083 0.083 0.083 0.083 0.072 0.064 0.083 0.083 0.062 0.064 0.016 0.083 0.034 0.017
0.083 0.083 0.083 0.083 0.083 0.083 0.083 0.083 0.083 0.083 0.083 0.0 0.0 0.0 0.0 0.061 0.0 0.0 0.083 0.083 0.083 0.083 0.083 0.083 0.083 0.083 0.083 0.083 0.068 0.083 0.079 0.083 0.083 0.017 0.062 0.063 0.061 0.058 0.083 0.067 0.083 0.074 0.082 0.079 0.083 0.083 0.083 0.074 0.083 0.083 0.075 0.078 0.054 0.083 0.083 0.083 0.083 0.003 0.083 0.083 0.083 0.083 0.083 0.078 0.083 0.002 0.0 0.053 0.069 0.063 0.065 0.062 0.071 0.051
0.083 0.083 0.083 0.083 0.083 0.083 0.083 0.083 0.083 0.083 0.083 0.0 0.0 0.0 0.0 0.0 0.0 0.0 0.083 0.083 0.083 0.083 0.083 0.083 0.083 0.083 0.083 0.083 0.011 0.0 0.0 0.017 0.071 0.066 0.061 0.075 0.068 0.05 0.083 0.083 0.083 0.083 0.083 0.083 0.083 0.083 0.08 0.073 0.083 0.083 0.083 0.082 0.081 0.069 0.083 0.083 0.083 0.08 0.083 0.083 0.083 0.083 0.083 0.083 0.0 0.0 0.083 0.083 0.083 0.046 0.083 0.083 0.083 0.026
0.083 0.083 0.083 0.083 0.083 0.083 0.083 0.083 0.083 0.083 0.083 0.083 0.0 0.0 0.0 0.0 0.032 0.083 0.083 0.083 0.083 0.083 0.083 0.083 0.083 0.083 0.083 0.078 0.076 0.078 0.074 0.076 0.083 0.066 0.083 0.047 0.034 0.083 0.083 0.083 0.083 0.082 0.083 0.083 0.083 0.083 0.083 0.083 0.041 0.08 0.083 0.083 0.083 0.083 0.083 0.079 0.017 0.082 0.083 0.083 0.083 0.083 0.083 0.079 0.081 0.0 0.083 0.083 0.083 0.0 0.0 0.064 0.018 0.083
0.083 0.083 0.083 0.083 0.083 0.083 0.083 0.083 0.083 0.083 0.083 0.083 0.083 0.083 0.083 0.083 0.059 0.061 0.083 0.083 0.083 0.083 0.083 0.083 0.083 0.083 0.075 0.023 0.023 0.024 0.024 0.02 0.077 0.08 0.078 0.06 0.083 0.083 0.067 0.069 0.055 0.083 0.083 0.083 0.083 0.081 0.083 0.061 0.059 0.073 0.04 0.075 0.046 0.083 0.083 0.083 0.083 0.083 0.083 0.073 0.021 0.083 0.08 0.075 0.027 0.08 0.083 0.0 0.0 0.0 0.017 0.083 0.024 0.083
0.083 0.083 0.083 0.083 0.083 0.083 0.083 0.083 0.083 0.083 0.083 0.083 0.083 0.083 0.083 0.083 0.083 0.083 0.083 0.083 0.083 0.072 0.077 0.076 0.077 0.028 0.002 0.008 0.0 0.0 0.013 0.016 0.03 0.03 0.081 0.077 0.083 0.076 0.078 0.076 0.083 0.083 0.083 0.083 0.083 0.083 0.074 0.083 0.083 0.077 0.078 0.073 0.083 0.083 0.083 0.083 0.083 0.083 0.083 0.083 0.042 0.083 0.076 0.0 0.024 0.083 0.0 0.0 0.0 0.0 0.083 0.083 0.083 0.0
0.083 0.083 0.083 0.083 0.083 0.083 0.083 0.083 0.083 0.083 0.083 0.083 0.083 0.083 0.083 0.083 0.079 0.077 0.074 0.075 0.075 0.046 0.0 0.0 0.0 0.0 0.0 0.0 0.0 0.06 0.0 0.083 0.071 0.065 0.083 0.083 0.083 0.083 0.083 0.08 0.083 0.055 0.078 0.083 0.083 0.083 0.083 0.083 0.083 0.036 0.083 0.077 0.076 0.083 0.082 0.078 0.083 0.076 0.04 0.0 0.031 0.083 0.047 0.0 0.067 0.038 0.078 0.079 0.056 0.083 0.083 0.083 0.082 0.0
0.083 0.083 0.083 0.083 0.083 0.083 0.083 0.083 0.083 0.083 0.083 0.083 0.083 0.083 0.083 0.083 0.083 0.083 0.083 0.083 0.075 0.036 0.0 0.0 0.0 0.0 0.035 0.0 0.0 0.006 0.007 0.081 0.083 0.083 0.083 0.083 0.083 0.083 0.083 0.083 0.076 0.083 0.078 0.067 0.083 0.083 0.082 0.022 0.083 0.081 0.028 0.083 0.083 0.083 0.083 0.076 0.083 0.064 0.083 0.083 0.052 0.081 0.083 0.083 0.074 0.051 0.051 0.073 0.083 0.083 0.083 0.083 0.083 0.083
0.083 0.083 0.083 0.083 0.083 0.083 0.083 0.083 0.083 0.083 0.083 0.083 0.083 0.083 0.083 0.083 0.083 0.083 0.081 0.083 0.083 0.082 0.0 0.0 0.0 0.0 0.0 0.0 0.03 0.083 0.083 0.083 0.049 0.046 0.001 0.074 0.083 0.083 0.083 0.083 0.083 0.08 0.074 0.083 0.0 0.083 0.034 0.032 0.03 0.056 0.083 0.071 0.051 0.068 0.066 0.083 0.083 0.075 0.051 0.083 0.011 0.083 0.049 0.083 0.0 0.041 0.0 0.083 0.083 0.0 0.083 0.083 0.083 0.083
