static/jobfarm/user_models/minyf/common/HOME-GBHM/输出文件/Output/Grids/GWst20020225.asc
ncols 221
nrows 204
xllcorner -627000.0
yllcorner 3955000.0
cellsize 900.0
NODATA_value -9999.0
[rows 132 to 164 of 204, columns 74 to 147 of 221]
0.083 0.083 0.083 0.083 0.083 0.083 0.083 0.049 0.083 0.083 0.083 0.083 0.083 0.083 0.083 0.083 0.083 0.083 0.083 0.138 0.138 0.138 0.138 0.138 0.138 0.138 0.138 0.138 0.138 0.138 0.138 0.138 0.138 0.138 0.138 0.138 0.138 0.138 0.138 0.138 0.138 0.093 0.138 0.092 0.138 0.138 0.138 0.138 0.138 0.083 0.083 0.138 0.126 0.138 0.138 0.083 0.083 0.083 0.0 0.0 0.083 0.083 0.083 0.083 0.071 0.083 0.138 0.078 0.083 0.083 0.083 0.083 0.083 0.138
0.083 0.083 0.083 0.083 0.083 0.083 0.083 0.083 0.083 0.083 0.083 0.083 0.083 0.083 0.083 0.083 0.083 0.083 0.083 0.083 0.138 0.138 0.138 0.138 0.138 0.138 0.138 0.138 0.138 0.138 0.138 0.138 0.138 0.138 0.138 0.138 0.138 0.138 0.138 0.138 0.138 0.138 0.138 0.116 0.138 0.0 0.0 0.138 0.138 0.138 0.138 0.138 0.138 0.138 0.138 0.083 0.083 0.083 0.083 0.0 0.083 0.083 0.083 0.083 0.044 0.079 0.138 0.025 0.083 0.083 0.083 0.083 0.138 0.138
0.083 0.083 0.083 0.083 0.083 0.048 0.083 0.083 0.083 0.083 0.083 0.083 0.083 0.083 0.083 0.083 0.083 0.083 0.083 0.083 0.083 0.083 0.083 0.138 0.138 0.138 0.138 0.138 0.138 0.138 0.138 0.138 0.138 0.138 0.138 0.138 0.138 0.138 0.138 0.138 0.138 0.138 0.09 0.138 0.09 0.138 0.0 0.138 0.138 0.138 0.138 0.138 0.138 0.098 0.138 0.083 0.083 0.083 0.083 0.083 0.083 0.083 0.083 0.0 0.022 0.083 0.138 0.066 0.083 0.083 0.083 0.083 0.138 0.138
0.083 0.083 0.083 0.083 0.083 0.083 0.082 0.082 0.083 0.083 0.083 0.083 0.083 0.083 0.083 0.083 0.083 0.083 0.083 0.083 0.083 0.083 0.083 0.083 0.083 0.083 0.138 0.138 0.138 0.138 0.138 0.138 0.138 0.138 0.138 0.138 0.138 0.138 0.138 0.138 0.138 0.138 0.0 0.138 0.086 0.138 0.138 0.138 0.138 0.138 0.138 0.138 0.138 0.138 0.083 0.083 0.083 0.083 0.083 0.083 0.083 0.083 0.0 0.0 0.021 0.083 0.135 0.136 0.083 0.083 0.083 0.083 0.138 0.138
0.083 0.083 0.083 0.083 0.083 0.083 0.083 0.083 0.083 0.083 0.083 0.078 0.076 0.083 0.083 0.083 0.083 0.083 0.083 0.083 0.083 0.083 0.083 0.083 0.083 0.083 0.083 0.083 0.138 0.138 0.138 0.138 0.138 0.138 0.138 0.138 0.138 0.138 0.133 0.0 0.138 0.138 0.138 0.138 0.138 0.138 0.138 0.138 0.138 0.138 0.138 0.138 0.135 0.138 0.138 0.138 0.083 0.083 0.083 0.083 0.083 0.083 0.138 0.0 0.083 0.083 0.138 0.137 0.083 0.127 0.138 0.138 0.138 0.083
-9999.0 0.083 0.083 0.083 0.083 0.083 0.083 0.044 0.073 0.074 0.073 0.083 0.076 0.019 0.083 0.083 0.083 0.083 0.083 0.083 0.026 0.083 0.083 0.083 0.083 0.083 0.075 0.083 0.083 0.138 0.138 0.138 0.138 0.138 0.138 0.138 0.138 0.138 0.0 0.138 0.138 0.138 0.138 0.138 0.138 0.138 0.138 0.138 0.138 0.138 0.138 0.138 0.138 0.138 0.138 0.138 0.083 0.083 0.083 0.083 0.138 0.138 0.138 0.138 0.083 0.083 0.138 0.138 0.138 0.138 0.138 0.083 0.138 0.083
-9999.0 0.083 0.083 0.078 0.047 0.083 0.083 0.083 0.083 0.074 0.083 0.083 0.083 0.083 0.083 0.083 0.083 0.083 0.083 0.083 0.083 0.083 0.083 0.083 0.083 0.083 0.083 0.083 0.083 0.083 0.083 0.083 0.138 0.138 0.138 0.138 0.138 0.138 0.138 0.138 0.138 0.138 0.138 0.138 0.138 0.138 0.138 0.138 0.138 0.138 0.138 0.138 0.138 0.138 0.138 0.138 0.138 0.138 0.138 0.138 0.138 0.138 0.138 0.138 0.138 0.138 0.138 0.138 0.138 0.138 0.138 0.083 0.083 0.083
-9999.0 -9999.0 0.083 0.083 0.083 0.083 0.083 0.083 0.083 0.074 0.081 0.083 0.083 0.083 0.083 0.083 0.083 0.083 0.083 0.083 0.083 0.083 0.083 0.083 0.083 0.083 0.083 0.083 0.083 0.083 0.083 0.083 0.083 0.138 0.138 0.138 0.138 0.138 0.138 0.138 0.138 0.083 0.083 0.083 0.083 0.138 0.138 0.138 0.138 0.138 0.138 0.138 0.138 0.138 0.138 0.138 0.138 0.138 0.138 0.138 0.138 0.138 0.138 0.138 0.138 0.138 0.138 0.138 0.138 0.138 0.083 0.083 0.083 0.083
-9999.0 -9999.0 0.083 0.083 0.083 0.083 0.083 0.083 0.083 0.083 0.08 0.082 0.083 0.083 0.083 0.083 0.083 0.083 0.083 0.083 0.083 0.083 0.083 0.083 0.083 0.083 0.083 0.083 0.083 0.083 0.083 0.083 0.083 0.138 0.138 0.138 0.138 0.138 0.138 0.138 0.138 0.138 0.083 0.083 0.083 0.083 0.138 0.138 0.138 0.138 0.138 0.138 0.138 0.138 0.138 0.138 0.138 0.138 0.138 0.138 0.138 0.138 0.138 0.138 0.138 0.138 0.138 0.138 0.138 0.138 0.083 0.083 0.083 0.083
-9999.0 -9999.0 0.083 0.083 0.081 0.083 0.08 0.075 0.083 0.08 0.083 0.083 0.083 0.083 0.083 0.083 0.083 0.083 0.083 0.083 0.083 0.083 0.083 0.083 0.083 0.083 0.083 0.083 0.083 0.083 0.083 0.083 0.083 0.083 0.138 0.138 0.138 0.138 0.138 0.138 0.138 0.138 0.138 0.138 0.083 0.083 0.138 0.138 0.138 0.138 0.138 0.138 0.138 0.138 0.138 0.138 0.138 0.138 0.138 0.138 0.138 0.138 0.138 0.138 0.138 0.138 0.0 0.138 0.138 0.083 0.083 0.083 0.083 0.138
-9999.0 -9999.0 -9999.0 -9999.0 -9999.0 0.078 -9999.0 0.079 0.077 0.083 0.083 0.083 0.083 0.083 0.083 0.083 0.083 0.083 0.083 0.083 0.083 0.083 0.083 0.083 0.083 0.083 0.083 0.083 0.083 0.083 0.083 0.083 0.083 0.083 0.138 0.138 0.138 0.138 0.138 0.138 0.138 0.138 0.138 0.138 0.083 0.083 0.083 0.083 0.138 0.138 0.138 0.138 0.138 0.138 0.138 0.138 0.138 0.138 0.138 0.138 0.083 0.083 0.138 0.138 0.138 0.138 0.138 0.138 0.138 0.083 0.083 0.138 0.138 0.138
-9999.0 -9999.0 -9999.0 -9999.0 -9999.0 -9999.0 -9999.0 0.078 0.076 0.083 0.083 0.083 0.083 0.083 0.083 0.083 0.083 0.083 0.083 0.083 0.083 0.083 0.083 0.083 0.083 0.083 0.083 0.083 0.083 0.083 0.083 0.083 0.083 0.083 0.083 0.138 0.138 0.138 0.138 0.138 0.138 0.138 0.138 0.138 0.138 0.083 0.083 0.083 0.083 0.138 0.138 0.138 0.138 0.138 0.138 0.138 0.138 0.138 0.138 0.138 0.083 0.083 0.083 0.138 0.138 0.138 0.138 0.138 0.083 0.083 0.083 0.138 0.138 0.138
-9999.0 -9999.0 -9999.0 -9999.0 -9999.0 -9999.0 -9999.0 -9999.0 -9999.0 0.083 0.059 0.068 0.075 0.074 0.083 0.071 0.083 0.083 0.018 0.083 0.083 0.083 0.083 0.083 0.083 0.083 0.083 0.083 0.083 0.083 0.083 0.083 0.083 0.083 0.083 0.083 0.138 0.138 0.138 0.138 0.138 0.138 0.138 0.138 0.138 0.138 0.083 0.083 0.083 0.138 0.138 0.138 0.138 0.138 0.138 0.138 0.138 0.138 0.138 0.138 0.083 0.083 0.083 0.083 0.083 0.138 0.138 0.138 0.083 0.083 0.083 0.138 0.138 0.138
-9999.0 -9999.0 -9999.0 -9999.0 -9999.0 -9999.0 -9999.0 -9999.0 -9999.0 -9999.0 0.068 0.065 0.069 0.083 0.083 0.074 0.083 0.083 0.083 0.019 0.083 0.083 0.083 0.083 0.083 0.083 0.083 0.083 0.0 0.083 0.083 0.083 0.083 0.083 0.083 0.083 0.138 0.138 0.138 0.138 0.138 0.138 0.138 0.138 0.138 0.138 0.138 0.083 0.083 0.083 0.138 0.138 0.138 0.138 0.138 0.138 0.138 0.138 0.138 0.138 0.083 0.083 0.083 0.083 0.083 0.138 0.138 0.138 0.138 0.138 0.138 0.138 0.138 0.138
-9999.0 -9999.0 -9999.0 -9999.0 -9999.0 -9999.0 -9999.0 -9999.0 -9999.0 -9999.0 -9999.0 0.066 0.066 0.083 0.063 0.07 0.083 0.073 0.083 0.078 0.083 0.083 0.083 0.083 0.083 0.083 0.083 0.083 0.083 0.083 0.083 0.083 0.083 0.083 0.083 0.083 0.138 0.138 0.138 0.138 0.138 0.138 0.138 0.138 0.138 0.138 0.138 0.138 0.083 0.083 0.083 0.083 0.138 0.138 0.138 0.138 0.138 0.138 0.138 0.138 0.083 0.083 0.083 0.138 0.138 0.138 0.138 0.138 0.083 0.138 0.138 0.138 0.138 0.122
-9999.0 -9999.0 -9999.0 -9999.0 -9999.0 -9999.0 -9999.0 -9999.0 -9999.0 -9999.0 -9999.0 -9999.0 0.068 0.07 0.065 0.071 0.083 0.083 0.083 0.074 0.083 0.083 0.083 0.083 0.083 0.083 0.083 0.083 0.083 0.083 0.083 0.083 0.083 0.083 0.083 0.083 0.138 0.138 0.138 0.138 0.138 0.138 0.138 0.138 0.138 0.138 0.138 0.138 0.083 0.083 0.083 0.083 0.138 0.138 0.138 0.138 0.138 0.138 0.138 0.138 0.138 0.083 0.083 0.138 0.138 0.138 0.138 0.138 0.083 0.138 0.138 0.138 0.138 0.135
-9999.0 -9999.0 -9999.0 -9999.0 -9999.0 -9999.0 -9999.0 -9999.0 -9999.0 -9999.0 -9999.0 -9999.0 -9999.0 -9999.0 -9999.0 -9999.0 0.052 0.074 0.073 0.049 0.083 0.083 0.083 0.083 0.083 0.083 0.083 0.083 0.083 0.083 0.083 0.083 0.083 0.083 0.083 0.083 0.083 0.083 0.083 0.138 0.138 0.138 0.138 0.138 0.138 0.138 0.138 0.138 0.138 0.083 0.083 0.083 0.083 0.083 0.138 0.138 0.138 0.138 0.138 0.138 0.083 0.083 0.083 0.083 0.083 0.083 0.083 0.083 0.083 0.083 0.138 0.138 0.138 0.134
-9999.0 -9999.0 -9999.0 -9999.0 -9999.0 -9999.0 -9999.0 -9999.0 -9999.0 -9999.0 -9999.0 -9999.0 -9999.0 -9999.0 -9999.0 -9999.0 -9999.0 -9999.0 -9999.0 -9999.0 0.019 0.083 0.083 0.083 0.083 0.083 0.083 0.083 0.083 0.083 0.083 0.083 0.083 0.083 0.083 0.083 0.083 0.083 0.083 0.083 0.138 0.138 0.138 0.138 0.138 0.138 0.138 0.138 0.138 0.138 0.083 0.083 0.083 0.083 0.083 0.138 0.138 0.138 0.138 0.138 0.083 0.083 0.083 0.083 0.083 0.083 0.083 0.083 0.138 0.083 0.0 0.087 0.0 0.138
-9999.0 -9999.0 -9999.0 -9999.0 -9999.0 -9999.0 -9999.0 -9999.0 -9999.0 -9999.0 -9999.0 -9999.0 -9999.0 -9999.0 -9999.0 -9999.0 -9999.0 -9999.0 -9999.0 -9999.0 -9999.0 0.083 0.043 0.041 0.066 0.077 0.081 0.069 0.083 0.083 0.083 0.083 0.083 0.083 0.083 0.083 0.083 0.083 0.083 0.083 0.083 0.138 0.138 0.138 0.138 0.138 0.138 0.138 0.138 0.138 0.138 0.138 0.138 0.083 0.083 0.083 0.138 0.138 0.083 0.138 0.083 0.083 0.083 0.083 0.083 0.083 0.083 0.083 0.138 0.083 0.0 0.0 0.0 0.138
-9999.0 -9999.0 -9999.0 -9999.0 -9999.0 -9999.0 -9999.0 -9999.0 -9999.0 -9999.0 -9999.0 -9999.0 -9999.0 -9999.0 -9999.0 -9999.0 -9999.0 -9999.0 -9999.0 -9999.0 -9999.0 -9999.0 0.061 0.083 0.077 0.079 0.079 0.08 0.083 0.083 0.083 0.083 0.083 0.083 0.083 0.083 0.083 0.083 0.083 0.083 0.083 0.138 0.138 0.138 0.138 0.138 0.138 0.138 0.138 0.138 0.138 0.138 0.138 0.138 0.138 0.083 0.083 0.083 0.138 0.138 0.138 0.083 0.083 0.083 0.083 0.083 0.083 0.083 0.138 0.0 0.0 0.138 0.138 0.0
-9999.0 -9999.0 -9999.0 -9999.0 -9999.0 -9999.0 -9999.0 -9999.0 -9999.0 -9999.0 -9999.0 -9999.0 -9999.0 -9999.0 -9999.0 -9999.0 -9999.0 -9999.0 -9999.0 -9999.0 -9999.0 -9999.0 -9999.0 0.083 0.08 0.083 0.083 0.081 0.083 0.083 0.083 0.083 0.083 0.083 0.083 0.083 0.083 0.083 0.083 0.083 0.083 0.083 0.138 0.138 0.138 0.138 0.138 0.138 0.138 0.138 0.138 0.138 0.138 0.138 0.138 0.138 0.083 0.083 0.083 0.083 0.083 0.138 0.138 0.138 0.138 0.138 0.138 0.138 0.134 0.0 0.083 0.083 0.138 0.138
-9999.0 -9999.0 -9999.0 -9999.0 -9999.0 -9999.0 -9999.0 -9999.0 -9999.0 -9999.0 -9999.0 -9999.0 -9999.0 -9999.0 -9999.0 -9999.0 -9999.0 -9999.0 -9999.0 -9999.0 -9999.0 -9999.0 -9999.0 0.083 0.082 0.082 0.083 0.083 0.083 0.083 0.083 0.083 0.083 0.083 0.083 0.083 0.083 0.083 0.083 0.083 0.083 0.083 0.083 0.138 0.138 0.138 0.083 0.082 0.083 0.138 0.083 0.083 0.138 0.138 0.138 0.138 0.083 0.083 0.083 0.083 0.083 0.083 0.083 0.138 0.138 0.138 0.138 0.0 0.138 0.138 0.083 0.083 0.138 0.0
-9999.0 -9999.0 -9999.0 -9999.0 -9999.0 -9999.0 -9999.0 -9999.0 -9999.0 -9999.0 -9999.0 -9999.0 -9999.0 -9999.0 -9999.0 -9999.0 -9999.0 -9999.0 -9999.0 -9999.0 -9999.0 -9999.0 -9999.0 -9999.0 0.078 0.082 0.079 0.072 0.083 0.083 0.083 0.083 0.083 0.083 0.083 0.083 0.083 0.083 0.083 0.083 0.083 0.083 0.083 0.083 0.083 0.083 0.083 0.083 0.083 0.083 0.083 0.083 0.138 0.138 0.138 0.138 0.138 0.083 0.083 0.083 0.0 0.0 0.0 0.083 0.083 0.138 0.138 0.138 0.138 0.138 0.083 0.083 0.138 0.138
-9999.0 -9999.0 -9999.0 -9999.0 -9999.0 -9999.0 -9999.0 -9999.0 -9999.0 -9999.0 -9999.0 -9999.0 -9999.0 -9999.0 -9999.0 -9999.0 -9999.0 -9999.0 -9999.0 -9999.0 -9999.0 -9999.0 -9999.0 -9999.0 -9999.0 -9999.0 -9999.0 0.071 0.083 0.083 0.083 0.083 0.083 0.083 0.083 0.083 0.083 0.083 0.083 0.083 0.083 0.083 0.083 0.083 0.083 0.083 0.083 0.083 0.083 0.083 0.083 0.083 0.138 0.138 0.138 0.138 0.138 0.138 0.083 0.083 0.0 0.0 0.0 0.083 -9999.0 0.138 0.138 0.138 0.138 0.083 0.083 0.083 0.0 0.138
-9999.0 -9999.0 -9999.0 -9999.0 -9999.0 -9999.0 -9999.0 -9999.0 -9999.0 -9999.0 -9999.0 -9999.0 -9999.0 -9999.0 -9999.0 -9999.0 -9999.0 -9999.0 -9999.0 -9999.0 -9999.0 -9999.0 -9999.0 -9999.0 -9999.0 -9999.0 -9999.0 -9999.0 -9999.0 0.083 0.083 0.083 0.083 0.083 0.083 0.083 0.083 0.083 0.083 0.083 0.083 0.083 0.083 0.083 0.083 0.083 0.083 0.083 0.083 0.083 0.083 0.073 0.078 0.083 0.138 0.138 0.138 0.138 0.138 0.138 0.138 0.0 0.0 -9999.0 -9999.0 -9999.0 0.138 0.138 0.138 0.138 0.083 0.083 0.083 0.138
-9999.0 -9999.0 -9999.0 -9999.0 -9999.0 -9999.0 -9999.0 -9999.0 -9999.0 -9999.0 -9999.0 -9999.0 -9999.0 -9999.0 -9999.0 -9999.0 -9999.0 -9999.0 -9999.0 -9999.0 -9999.0 -9999.0 -9999.0 -9999.0 -9999.0 -9999.0 -9999.0 -9999.0 -9999.0 -9999.0 0.083 0.083 0.083 0.083 0.083 0.083 0.083 0.083 0.083 0.083 0.083 0.083 0.083 0.083 0.083 0.083 0.083 0.082 0.068 0.078 0.083 0.083 0.077 0.083 0.083 0.083 0.138 0.138 0.138 0.138 0.0 0.0 -9999.0 -9999.0 -9999.0 -9999.0 -9999.0 0.138 0.138 0.138 0.138 0.083 0.083 0.083
-9999.0 -9999.0 -9999.0 -9999.0 -9999.0 -9999.0 -9999.0 -9999.0 -9999.0 -9999.0 -9999.0 -9999.0 -9999.0 -9999.0 -9999.0 -9999.0 -9999.0 -9999.0 -9999.0 -9999.0 -9999.0 -9999.0 -9999.0 -9999.0 -9999.0 -9999.0 -9999.0 -9999.0 -9999.0 -9999.0 -9999.0 0.063 0.083 0.083 0.083 0.083 0.083 0.083 0.083 0.083 0.083 0.083 0.083 0.083 0.083 0.083 0.083 0.083 0.083 0.083 0.031 0.0 0.083 0.074 0.074 0.076 0.138 0.138 0.138 0.138 0.0 -9999.0 -9999.0 -9999.0 -9999.0 -9999.0 -9999.0 -9999.0 -9999.0 0.138 0.138 0.138 0.138 0.138
-9999.0 -9999.0 -9999.0 -9999.0 -9999.0 -9999.0 -9999.0 -9999.0 -9999.0 -9999.0 -9999.0 -9999.0 -9999.0 -9999.0 -9999.0 -9999.0 -9999.0 -9999.0 -9999.0 -9999.0 -9999.0 -9999.0 -9999.0 -9999.0 -9999.0 -9999.0 -9999.0 -9999.0 -9999.0 -9999.0 -9999.0 0.083 0.083 0.083 0.083 0.083 0.083 0.083 0.083 0.083 0.083 0.079 0.07 0.083 0.083 0.078 0.083 0.083 0.083 0.083 0.083 0.059 0.083 0.083 0.083 0.083 0.138 0.138 0.138 0.138 -9999.0 -9999.0 -9999.0 -9999.0 -9999.0 -9999.0 -9999.0 -9999.0 -9999.0 -9999.0 0.138 0.138 0.138 0.138
-9999.0 -9999.0 -9999.0 -9999.0 -9999.0 -9999.0 -9999.0 -9999.0 -9999.0 -9999.0 -9999.0 -9999.0 -9999.0 -9999.0 -9999.0 -9999.0 -9999.0 -9999.0 -9999.0 -9999.0 -9999.0 -9999.0 -9999.0 -9999.0 -9999.0 -9999.0 -9999.0 -9999.0 -9999.0 -9999.0 -9999.0 -9999.0 0.083 0.071 0.083 0.083 0.083 0.083 0.083 0.083 0.069 0.0 0.083 0.052 0.083 0.083 0.083 0.083 0.083 0.083 0.083 0.083 0.083 0.083 0.083 0.083 0.083 0.138 0.138 0.138 0.138 0.138 -9999.0 -9999.0 -9999.0 -9999.0 -9999.0 -9999.0 -9999.0 -9999.0 -9999.0 -9999.0 -9999.0 0.138
-9999.0 -9999.0 -9999.0 -9999.0 -9999.0 -9999.0 -9999.0 -9999.0 -9999.0 -9999.0 -9999.0 -9999.0 -9999.0 -9999.0 -9999.0 -9999.0 -9999.0 -9999.0 -9999.0 -9999.0 -9999.0 -9999.0 -9999.0 -9999.0 -9999.0 -9999.0 -9999.0 -9999.0 -9999.0 -9999.0 -9999.0 -9999.0 -9999.0 -9999.0 0.083 0.083 0.083 0.083 0.062 0.043 0.05 0.083 0.083 0.083 0.083 0.083 0.083 0.083 0.083 0.066 0.083 0.0 0.072 0.069 0.083 0.083 0.083 0.0 0.138 0.134 0.138 0.083 0.083 -9999.0 -9999.0 -9999.0 -9999.0 -9999.0 -9999.0 -9999.0 -9999.0 -9999.0 -9999.0 -9999.0
-9999.0 -9999.0 -9999.0 -9999.0 -9999.0 -9999.0 -9999.0 -9999.0 -9999.0 -9999.0 -9999.0 -9999.0 -9999.0 -9999.0 -9999.0 -9999.0 -9999.0 -9999.0 -9999.0 -9999.0 -9999.0 -9999.0 -9999.0 -9999.0 -9999.0 -9999.0 -9999.0 -9999.0 -9999.0 -9999.0 -9999.0 -9999.0 -9999.0 -9999.0 0.073 0.083 0.073 0.081 0.074 0.058 0.083 0.083 0.083 0.083 0.083 0.083 0.083 0.083 0.083 0.083 0.083 0.083 0.0 0.049 0.0 0.083 0.083 0.083 0.083 0.138 0.138 0.138 0.083 0.083 -9999.0 -9999.0 -9999.0 -9999.0 -9999.0 -9999.0 -9999.0 -9999.0 -9999.0 -9999.0
-9999.0 -9999.0 -9999.0 -9999.0 -9999.0 -9999.0 -9999.0 -9999.0 -9999.0 -9999.0 -9999.0 -9999.0 -9999.0 -9999.0 -9999.0 -9999.0 -9999.0 -9999.0 -9999.0 -9999.0 -9999.0 -9999.0 -9999.0 -9999.0 -9999.0 -9999.0 -9999.0 -9999.0 -9999.0 -9999.0 -9999.0 -9999.0 -9999.0 -9999.0 -9999.0 -9999.0 -9999.0 -9999.0 -9999.0 0.058 0.083 0.083 0.083 0.083 0.083 0.083 0.083 0.083 0.0 0.0 0.0 0.0 0.052 0.0 0.0 0.03 0.0 0.083 0.083 0.083 0.138 0.138 0.138 0.083 0.083 -9999.0 -9999.0 -9999.0 -9999.0 -9999.0 -9999.0 -9999.0 -9999.0 -9999.0
-9999.0 -9999.0 -9999.0 -9999.0 -9999.0 -9999.0 -9999.0 -9999.0 -9999.0 -9999.0 -9999.0 -9999.0 -9999.0 -9999.0 -9999.0 -9999.0 -9999.0 -9999.0 -9999.0 -9999.0 -9999.0 -9999.0 -9999.0 -9999.0 -9999.0 -9999.0 -9999.0 -9999.0 -9999.0 -9999.0 -9999.0 -9999.0 -9999.0 -9999.0 -9999.0 -9999.0 -9999.0 -9999.0 -9999.0 -9999.0 -9999.0 0.083 0.083 0.083 0.083 0.083 0.083 0.083 0.0 0.0 0.0 0.0 0.055 0.0 0.047 0.0 0.044 0.0 0.083 0.083 0.138 0.138 0.138 0.083 0.083 0.075 0.083 -9999.0 -9999.0 -9999.0 -9999.0 -9999.0 -9999.0 -9999.0
