static/jobfarm/user_models/minyf/common/HOME-GBHM/输出文件/Output/Grids/GWst20020223.asc
ncols 221
nrows 204
xllcorner -627000.0
yllcorner 3955000.0
cellsize 900.0
NODATA_value -9999.0
[rows 33 to 65 of 204, columns 0 to 73 of 221]
-9999.0 -9999.0 -9999.0 -9999.0 -9999.0 -9999.0 -9999.0 -9999.0 -9999.0 -9999.0 -9999.0 -9999.0 -9999.0 -9999.0 -9999.0 -9999.0 -9999.0 -9999.0 -9999.0 -9999.0 -9999.0 -9999.0 -9999.0 -9999.0 -9999.0 -9999.0 -9999.0 -9999.0 -9999.0 -9999.0 -9999.0 -9999.0 -9999.0 -9999.0 0.083 0.083 0.083 0.083 0.083 0.081 0.083 0.066 0.083 0.082 0.083 0.083 0.083 0.063 0.08 0.065 0.083 0.07 0.055 0.06 0.057 0.083 0.083 0.083 0.083 0.079 0.0 0.052 0.083 0.083 0.083 0.083 0.083 0.083 0.083 0.083 0.083 0.083 0.083 0.083
-9999.0 -9999.0 -9999.0 -9999.0 -9999.0 -9999.0 -9999.0 -9999.0 -9999.0 -9999.0 -9999.0 -9999.0 -9999.0 -9999.0 -9999.0 -9999.0 -9999.0 -9999.0 -9999.0 -9999.0 -9999.0 -9999.0 -9999.0 -9999.0 -9999.0 -9999.0 -9999.0 -9999.0 -9999.0 -9999.0 -9999.0 -9999.0 -9999.0 0.083 0.083 0.083 0.083 0.083 0.083 0.081 0.071 0.073 0.071 0.083 0.083 0.083 0.083 0.082 0.083 0.082 0.069 0.072 0.07 0.083 0.062 0.081 0.047 0.049 0.049 0.041 0.0 0.056 0.044 0.024 0.052 0.052 0.033 0.083 0.083 0.041 0.083 0.08 0.083 0.083
-9999.0 -9999.0 -9999.0 -9999.0 -9999.0 -9999.0 -9999.0 -9999.0 -9999.0 -9999.0 -9999.0 -9999.0 -9999.0 -9999.0 -9999.0 -9999.0 -9999.0 -9999.0 -9999.0 -9999.0 -9999.0 -9999.0 -9999.0 -9999.0 -9999.0 -9999.0 -9999.0 -9999.0 -9999.0 -9999.0 -9999.0 -9999.0 -9999.0 0.083 0.083 0.083 0.083 0.0 0.083 0.083 0.074 0.081 0.082 0.081 0.083 0.083 0.083 0.083 0.081 0.082 0.083 0.065 0.082 0.025 0.046 0.048 0.048 0.049 0.049 0.049 0.0 0.0 0.021 0.024 0.024 0.0 0.034 0.083 0.083 0.0 0.083 0.083 0.083 0.055
-9999.0 -9999.0 -9999.0 -9999.0 -9999.0 -9999.0 -9999.0 -9999.0 -9999.0 -9999.0 -9999.0 -9999.0 -9999.0 -9999.0 -9999.0 -9999.0 -9999.0 -9999.0 -9999.0 -9999.0 -9999.0 -9999.0 -9999.0 -9999.0 -9999.0 -9999.0 -9999.0 -9999.0 -9999.0 -9999.0 -9999.0 -9999.0 -9999.0 -9999.0 0.083 0.083 0.083 0.0 0.0 0.0 0.067 0.082 0.079 0.082 0.083 0.082 0.083 0.083 0.081 0.083 0.083 0.083 0.071 0.066 0.045 0.046 0.083 0.083 0.062 0.062 0.0 0.01 0.011 0.0 0.0 0.0 0.0 0.0 0.0 0.0 0.083 0.083 0.075 0.083
-9999.0 -9999.0 -9999.0 -9999.0 -9999.0 -9999.0 -9999.0 -9999.0 -9999.0 -9999.0 -9999.0 -9999.0 -9999.0 -9999.0 -9999.0 -9999.0 -9999.0 -9999.0 -9999.0 -9999.0 -9999.0 -9999.0 -9999.0 -9999.0 -9999.0 -9999.0 -9999.0 -9999.0 -9999.0 -9999.0 -9999.0 -9999.0 -9999.0 -9999.0 -9999.0 0.083 0.083 0.083 0.0 0.083 0.083 0.082 0.083 0.07 0.083 0.083 0.083 0.081 0.083 0.077 0.079 0.08 0.083 0.083 0.083 0.049 0.046 0.051 0.052 0.072 0.016 0.0 0.032 0.0 0.0 0.0 0.0 0.024 0.0 0.0 0.0 0.0 0.0 0.0
-9999.0 -9999.0 -9999.0 -9999.0 -9999.0 -9999.0 -9999.0 -9999.0 -9999.0 -9999.0 -9999.0 -9999.0 -9999.0 -9999.0 -9999.0 -9999.0 -9999.0 -9999.0 -9999.0 -9999.0 -9999.0 -9999.0 -9999.0 -9999.0 -9999.0 -9999.0 -9999.0 -9999.0 -9999.0 -9999.0 -9999.0 -9999.0 -9999.0 -9999.0 -9999.0 0.083 0.083 0.001 0.002 0.083 0.082 0.081 0.083 0.083 0.083 0.083 0.083 0.083 0.083 0.083 0.066 0.083 0.074 0.083 0.083 0.083 0.083 0.062 0.062 0.083 0.0 0.0 0.0 0.0 0.0 0.083 0.078 0.07 0.069 0.0 0.082 0.0 0.082 0.083
-9999.0 -9999.0 -9999.0 -9999.0 -9999.0 -9999.0 -9999.0 -9999.0 -9999.0 -9999.0 -9999.0 -9999.0 -9999.0 -9999.0 -9999.0 -9999.0 -9999.0 -9999.0 -9999.0 -9999.0 -9999.0 -9999.0 -9999.0 -9999.0 -9999.0 -9999.0 -9999.0 -9999.0 -9999.0 -9999.0 -9999.0 -9999.0 -9999.0 -9999.0 -9999.0 0.083 0.083 0.083 0.083 0.083 0.083 0.078 0.083 0.083 0.083 0.083 0.083 0.083 0.082 0.083 0.083 0.083 0.083 0.083 0.083 0.083 0.083 0.083 0.083 0.083 0.077 0.017 0.0 0.083 0.083 0.083 0.071 0.083 0.083 0.083 0.0 0.083 0.0 0.083
-9999.0 -9999.0 -9999.0 -9999.0 -9999.0 -9999.0 -9999.0 -9999.0 -9999.0 -9999.0 -9999.0 -9999.0 -9999.0 -9999.0 -9999.0 -9999.0 -9999.0 -9999.0 -9999.0 -9999.0 -9999.0 -9999.0 -9999.0 -9999.0 -9999.0 -9999.0 -9999.0 -9999.0 -9999.0 -9999.0 -9999.0 -9999.0 -9999.0 -9999.0 0.083 0.083 0.083 0.083 0.083 0.083 0.083 0.083 0.083 0.083 0.083 0.083 0.083 0.083 0.083 0.083 0.083 0.083 0.083 0.083 0.083 0.083 0.083 0.083 0.083 0.083 0.076 0.083 0.083 0.083 0.083 0.083 0.083 0.083 0.083 0.0 0.083 0.0 0.0 0.0
-9999.0 -9999.0 -9999.0 -9999.0 -9999.0 -9999.0 -9999.0 -9999.0 -9999.0 -9999.0 -9999.0 -9999.0 -9999.0 -9999.0 -9999.0 -9999.0 -9999.0 -9999.0 -9999.0 -9999.0 -9999.0 -9999.0 -9999.0 -9999.0 -9999.0 -9999.0 -9999.0 -9999.0 -9999.0 -9999.0 -9999.0 -9999.0 -9999.0 -9999.0 -9999.0 0.083 0.083 0.083 0.083 0.08 0.078 0.081 0.083 0.08 0.083 0.083 0.083 0.083 0.083 0.083 0.083 0.083 0.083 0.083 0.083 0.083 0.083 0.083 0.07 0.083 0.083 0.083 0.083 0.083 0.083 0.083 0.083 0.083 0.0 0.083 0.0 0.0 0.043 0.0
-9999.0 -9999.0 -9999.0 -9999.0 -9999.0 -9999.0 -9999.0 -9999.0 -9999.0 -9999.0 -9999.0 -9999.0 -9999.0 -9999.0 -9999.0 -9999.0 -9999.0 -9999.0 -9999.0 -9999.0 -9999.0 -9999.0 -9999.0 -9999.0 -9999.0 -9999.0 -9999.0 -9999.0 -9999.0 -9999.0 -9999.0 -9999.0 -9999.0 -9999.0 -9999.0 0.083 0.083 0.077 0.083 0.083 0.083 0.083 0.083 0.072 0.083 0.083 0.083 0.083 0.083 0.083 0.083 0.078 0.083 0.083 0.083 0.083 0.083 0.083 0.083 0.083 0.083 0.083 0.083 0.083 0.083 0.083 0.079 0.083 0.083 0.083 0.083 0.0 0.0 0.056
-9999.0 -9999.0 -9999.0 -9999.0 -9999.0 -9999.0 -9999.0 -9999.0 -9999.0 -9999.0 -9999.0 -9999.0 -9999.0 -9999.0 -9999.0 -9999.0 -9999.0 -9999.0 -9999.0 -9999.0 -9999.0 0.029 -9999.0 -9999.0 -9999.0 -9999.0 -9999.0 -9999.0 -9999.0 -9999.0 -9999.0 -9999.0 -9999.0 -9999.0 0.083 0.083 0.081 0.083 0.083 0.083 0.077 0.083 0.082 0.083 0.08 0.08 0.081 0.081 0.083 0.083 0.083 0.083 0.083 0.083 0.083 0.083 0.083 0.083 0.083 0.083 0.083 0.083 0.083 0.083 0.083 0.083 0.083 0.083 0.083 0.083 0.083 0.083 0.0 0.0
-9999.0 -9999.0 -9999.0 -9999.0 -9999.0 -9999.0 -9999.0 -9999.0 -9999.0 -9999.0 -9999.0 -9999.0 -9999.0 -9999.0 -9999.0 -9999.0 0.083 0.079 0.027 0.083 0.028 0.029 0.028 0.083 0.083 0.083 0.082 -9999.0 -9999.0 -9999.0 -9999.0 -9999.0 -9999.0 -9999.0 0.083 0.083 0.083 0.081 0.082 0.08 0.075 0.075 0.077 0.077 0.077 0.081 0.083 0.083 0.083 0.083 0.083 0.083 0.083 0.083 0.083 0.083 0.083 0.083 0.083 0.083 0.083 0.083 0.083 0.083 0.083 0.083 0.075 0.083 0.083 0.083 0.083 0.083 0.067 0.0
-9999.0 -9999.0 -9999.0 -9999.0 -9999.0 -9999.0 -9999.0 -9999.0 -9999.0 -9999.0 -9999.0 -9999.0 -9999.0 -9999.0 0.068 0.083 0.056 0.063 0.083 0.0 0.0 0.008 0.02 0.083 0.083 0.083 0.082 0.081 -9999.0 -9999.0 -9999.0 -9999.0 0.083 0.083 0.083 0.083 0.069 0.069 0.083 0.081 0.079 0.074 0.081 0.081 0.082 0.08 0.082 0.083 0.083 0.083 0.083 0.083 0.083 0.083 0.083 0.083 0.083 0.083 0.083 0.083 0.083 0.083 0.083 0.083 0.083 0.083 0.083 0.083 0.083 0.083 0.083 0.083 0.083 0.083
-9999.0 -9999.0 -9999.0 -9999.0 -9999.0 -9999.0 -9999.0 -9999.0 -9999.0 -9999.0 -9999.0 -9999.0 -9999.0 -9999.0 0.083 0.083 0.038 0.073 0.0 0.0 0.0 0.083 0.083 0.083 0.083 0.083 0.083 0.072 0.073 0.074 0.083 0.083 0.083 0.083 0.083 0.083 0.074 0.074 0.069 0.066 0.067 0.074 0.083 0.083 0.083 0.081 0.075 0.081 0.083 0.083 0.083 0.083 0.083 0.083 0.083 0.083 0.083 0.083 0.083 0.083 0.083 0.083 0.083 0.083 0.083 0.083 0.083 0.083 0.078 0.083 0.083 0.064 0.071 0.0
-9999.0 -9999.0 -9999.0 -9999.0 -9999.0 -9999.0 -9999.0 -9999.0 -9999.0 -9999.0 -9999.0 -9999.0 0.077 0.082 0.083 0.083 0.0 0.0 0.083 0.083 0.075 0.083 0.083 0.083 0.083 0.078 0.072 0.083 0.074 0.071 0.079 0.083 0.083 0.083 0.083 0.083 0.073 0.083 0.083 0.067 0.067 0.083 0.078 0.069 0.064 0.065 0.064 0.078 0.083 0.083 0.083 0.083 0.083 0.083 0.083 0.083 0.083 0.083 0.083 0.083 0.083 0.083 0.083 0.083 0.083 0.083 0.075 0.074 0.077 0.083 0.083 0.083 0.0 0.0
-9999.0 -9999.0 -9999.0 -9999.0 -9999.0 -9999.0 -9999.0 -9999.0 -9999.0 -9999.0 -9999.0 -9999.0 -9999.0 0.083 0.083 0.083 0.083 0.083 0.083 0.083 0.083 0.083 0.083 0.083 0.083 0.083 0.083 0.083 0.083 0.073 0.067 0.03 0.083 0.083 0.083 0.083 0.083 0.083 0.083 0.083 0.083 0.083 0.083 0.0 0.071 0.0 0.0 0.083 0.061 0.072 0.083 0.083 0.083 0.083 0.083 0.083 0.083 0.083 0.083 0.083 0.083 0.083 0.083 0.083 0.081 0.083 0.083 0.083 0.083 0.083 0.083 0.083 0.076 0.083
-9999.0 -9999.0 -9999.0 -9999.0 -9999.0 -9999.0 -9999.0 -9999.0 -9999.0 -9999.0 -9999.0 -9999.0 -9999.0 0.083 0.083 0.083 0.083 0.083 0.083 0.083 0.083 0.083 0.083 0.083 0.083 0.083 0.083 0.083 0.083 0.083 0.083 0.083 0.083 0.083 0.083 0.083 0.083 0.083 0.083 0.083 0.083 0.083 0.083 0.079 0.0 0.0 0.0 0.083 0.083 0.082 0.083 0.083 0.083 0.0 0.004 0.083 0.083 0.083 0.083 0.083 0.083 0.083 0.083 0.083 0.078 0.083 0.083 0.083 0.083 0.083 0.083 0.083 0.072 0.078
-9999.0 -9999.0 -9999.0 -9999.0 -9999.0 -9999.0 -9999.0 -9999.0 -9999.0 -9999.0 -9999.0 -9999.0 -9999.0 0.083 0.083 0.083 0.08 0.083 0.083 0.083 0.083 0.083 0.083 0.083 0.083 0.083 0.083 0.083 0.083 0.083 0.083 0.083 0.083 0.083 0.083 0.083 0.083 0.083 0.083 0.083 0.083 0.083 0.0 0.0 0.0 0.0 0.0 0.083 0.083 0.083 0.083 0.083 0.083 0.003 0.004 0.001 0.083 0.083 0.083 0.083 0.083 0.083 0.076 0.083 0.074 0.083 0.083 0.083 0.083 0.083 0.083 0.083 0.078 0.077
-9999.0 -9999.0 -9999.0 -9999.0 -9999.0 -9999.0 -9999.0 -9999.0 -9999.0 -9999.0 -9999.0 -9999.0 -9999.0 0.083 0.083 0.083 0.083 0.083 0.083 0.083 0.083 0.083 0.083 0.083 0.076 0.083 0.083 0.083 0.081 0.083 0.083 0.083 0.083 0.083 0.083 0.083 0.083 0.083 0.083 0.083 0.083 0.0 0.0 0.0 0.063 0.0 0.0 0.0 0.083 0.083 0.083 0.083 0.004 0.004 0.004 0.004 0.083 0.083 0.083 0.083 0.08 0.083 0.063 0.083 0.083 0.0 0.083 0.083 0.083 0.083 0.083 0.083 0.072 0.0
-9999.0 -9999.0 -9999.0 -9999.0 -9999.0 -9999.0 -9999.0 -9999.0 -9999.0 -9999.0 -9999.0 -9999.0 0.083 0.083 0.069 0.083 0.083 0.083 0.083 0.083 0.083 0.083 0.083 0.083 0.074 0.083 0.083 0.083 0.083 0.083 0.083 0.083 0.083 0.083 0.083 0.083 0.083 0.083 0.083 0.0 0.0 0.0 0.0 0.083 0.0 0.0 0.0 0.0 0.083 0.083 0.083 0.083 0.083 0.083 0.083 0.083 0.083 0.083 0.083 0.083 0.078 0.083 0.083 0.083 0.083 0.078 0.081 0.083 0.083 0.083 0.083 0.083 0.0 0.081
-9999.0 -9999.0 -9999.0 -9999.0 -9999.0 -9999.0 -9999.0 -9999.0 -9999.0 0.083 0.083 0.083 0.083 0.083 0.083 0.08 0.083 0.083 0.083 0.083 0.083 0.083 0.083 0.083 0.083 0.083 0.083 0.083 0.083 0.083 0.083 0.083 0.083 0.083 0.072 0.083 0.083 0.083 0.083 0.076 0.0 0.0 0.0 0.0 0.0 0.0 0.0 0.0 0.0 0.083 0.0 0.071 0.083 0.083 0.083 0.083 0.083 0.083 0.076 0.083 0.083 0.083 0.083 0.083 0.083 0.083 0.083 0.083 0.083 0.0 0.083 0.083 0.0 0.081
-9999.0 -9999.0 -9999.0 -9999.0 -9999.0 -9999.0 -9999.0 -9999.0 -9999.0 0.083 0.083 0.083 0.049 0.049 0.083 0.083 0.083 0.083 0.083 0.083 0.083 0.083 0.083 0.083 0.077 0.083 0.083 0.083 0.083 0.083 0.083 0.083 0.073 0.083 0.083 0.083 0.083 0.083 0.083 0.0 0.0 0.0 0.0 0.041 0.0 0.0 0.0 0.0 0.083 0.0 0.0 0.083 0.083 0.0 0.054 0.0 0.0 0.0 0.082 0.083 0.083 0.083 0.083 0.083 0.083 0.083 0.083 0.083 0.083 0.083 0.083 0.083 0.0 0.0
-9999.0 -9999.0 -9999.0 -9999.0 -9999.0 -9999.0 -9999.0 -9999.0 -9999.0 0.083 0.083 0.083 0.083 0.083 0.0 0.0 0.083 0.0 0.083 0.083 0.083 0.083 0.083 0.083 0.083 0.083 0.083 0.083 0.083 0.083 0.083 0.083 0.083 0.083 0.083 0.083 0.083 0.083 0.083 0.0 0.083 0.0 0.0 0.0 0.06 0.0 0.0 0.0 0.0 0.0 0.0 0.0 0.0 0.0 0.0 0.0 0.019 0.072 0.076 0.048 0.083 0.083 0.083 0.083 0.083 0.083 0.083 0.083 0.083 0.083 0.083 0.083 0.083 0.083
-9999.0 -9999.0 -9999.0 -9999.0 -9999.0 -9999.0 -9999.0 -9999.0 -9999.0 0.083 0.083 0.083 0.083 0.083 0.0 0.0 0.0 0.0 0.083 0.038 0.083 0.083 0.083 0.052 0.083 0.083 0.079 0.083 0.083 0.083 0.083 0.081 0.083 0.074 0.081 0.079 0.083 0.083 0.083 0.083 0.0 0.083 0.0 0.0 0.0 0.0 0.0 0.083 0.083 0.0 0.083 0.0 0.0 0.0 0.0 0.021 0.021 0.0 0.083 0.083 0.083 0.083 0.083 0.083 0.083 0.083 0.083 0.083 0.083 0.083 0.083 0.083 0.083 0.083
-9999.0 -9999.0 -9999.0 -9999.0 -9999.0 -9999.0 -9999.0 -9999.0 -9999.0 0.083 0.083 0.078 0.0 0.0 0.0 0.055 0.069 0.063 0.083 0.066 0.018 0.083 0.083 0.054 0.083 0.074 0.073 0.076 0.079 0.083 0.083 0.083 0.083 0.083 0.083 0.081 0.083 0.083 0.083 0.083 0.0 0.0 0.0 0.0 0.0 0.0 0.083 0.0 0.083 0.083 0.083 0.083 0.0 0.0 0.0 0.0 0.0 0.083 0.083 0.083 0.083 0.0 0.083 0.083 0.083 0.083 0.083 0.083 0.083 0.083 0.083 0.083 0.083 0.083
-9999.0 -9999.0 -9999.0 -9999.0 -9999.0 -9999.0 -9999.0 -9999.0 0.083 0.083 0.083 0.083 0.083 0.0 0.0 0.0 0.018 0.0 0.083 0.075 0.031 0.083 0.01 0.005 0.081 0.072 0.083 0.073 0.082 0.081 0.082 0.082 0.081 0.08 0.08 0.082 0.083 0.062 0.083 0.083 0.083 0.083 0.0 0.0 0.0 0.083 0.083 0.083 0.083 0.083 0.083 0.083 0.0 0.0 0.0 0.005 0.083 0.083 0.083 0.0 0.0 0.083 0.083 0.083 0.083 0.083 0.083 0.083 0.083 0.083 0.083 0.083 0.083 0.083
-9999.0 -9999.0 -9999.0 -9999.0 -9999.0 -9999.0 -9999.0 -9999.0 0.083 0.083 0.083 0.08 0.083 0.0 0.048 0.0 0.06 0.052 0.0 0.083 0.077 0.083 0.083 0.083 0.083 0.083 0.08 0.083 0.083 0.083 0.082 0.08 0.073 0.071 0.079 0.083 0.083 0.083 0.083 0.083 0.083 0.083 0.0 0.083 0.083 0.083 0.083 0.083 0.083 0.083 0.083 0.083 0.083 0.0 0.0 0.077 0.083 0.083 0.083 0.0 0.0 0.083 0.082 0.083 0.083 0.083 0.083 0.083 0.083 0.083 0.083 0.083 0.083 0.083
-9999.0 -9999.0 -9999.0 -9999.0 -9999.0 -9999.0 -9999.0 -9999.0 0.071 0.081 0.076 0.083 0.072 0.083 0.082 0.081 0.08 0.083 0.0 0.083 0.083 0.083 0.083 0.056 0.083 0.083 0.083 0.083 0.082 0.082 0.08 0.083 0.077 0.079 0.075 0.076 0.083 0.083 0.08 0.083 0.082 0.083 0.083 0.083 0.083 0.083 0.0 0.077 0.083 0.083 0.083 0.082 0.083 0.083 0.083 0.083 0.083 0.083 0.083 0.0 0.0 0.0 0.072 0.083 0.083 0.083 0.083 0.083 0.083 0.083 0.083 0.083 0.083 0.083
-9999.0 -9999.0 -9999.0 -9999.0 -9999.0 -9999.0 -9999.0 -9999.0 -9999.0 0.076 0.083 0.075 0.071 0.082 0.076 0.083 0.083 0.033 0.0 0.083 0.083 0.083 0.083 0.06 0.083 0.083 0.083 0.083 0.082 0.083 0.082 0.081 0.077 0.083 0.076 0.068 0.083 0.083 0.07 0.083 0.065 0.08 0.082 0.073 0.0 0.083 0.083 0.083 0.083 0.079 0.083 0.083 0.083 0.083 0.083 0.083 0.083 0.083 0.083 0.055 0.0 0.083 0.083 0.083 0.083 0.083 0.083 0.083 0.083 0.083 0.083 0.083 0.083 0.083
-9999.0 -9999.0 -9999.0 -9999.0 -9999.0 -9999.0 -9999.0 -9999.0 -9999.0 -9999.0 0.083 0.078 0.071 0.07 0.083 0.073 0.065 0.0 0.04 0.083 0.0 0.083 0.06 0.06 0.083 0.083 0.075 0.083 0.083 0.083 0.065 0.081 0.08 0.074 0.071 0.05 0.083 0.083 0.068 0.07 0.076 0.079 0.083 0.083 0.083 0.083 0.082 0.07 0.083 0.08 0.083 0.082 0.083 0.083 0.083 0.083 0.083 0.083 0.083 0.083 0.083 0.083 0.083 0.083 0.083 0.083 0.083 0.083 0.083 0.083 0.083 0.083 0.083 0.083
-9999.0 -9999.0 -9999.0 -9999.0 -9999.0 -9999.0 -9999.0 -9999.0 -9999.0 -9999.0 -9999.0 0.083 0.077 0.07 0.083 0.083 0.083 0.076 0.014 0.083 0.0 0.0 0.07 0.0 0.083 0.083 0.074 0.083 0.083 0.083 0.083 0.083 0.081 0.076 0.083 0.051 0.051 0.083 0.083 0.074 0.078 0.076 0.069 0.083 0.083 0.083 0.08 0.083 0.083 0.083 0.078 0.083 0.083 0.083 0.08 0.081 0.083 0.083 0.083 0.083 0.083 0.083 0.083 0.083 0.083 0.083 0.083 0.083 0.083 0.083 0.083 0.083 0.083 0.083
-9999.0 -9999.0 -9999.0 -9999.0 -9999.0 -9999.0 -9999.0 -9999.0 -9999.0 -9999.0 -9999.0 0.081 0.083 0.083 0.075 0.078 0.083 0.083 0.083 0.083 0.083 0.0 0.0 0.0 0.083 0.083 0.083 0.083 0.083 0.081 0.083 0.083 0.083 0.083 0.083 0.083 0.057 0.054 0.049 0.065 0.083 0.081 0.066 0.058 0.069 0.083 0.083 0.083 0.083 0.083 0.083 0.083 0.065 0.083 0.083 0.083 0.083 0.078 0.083 0.083 0.083 0.083 0.083 0.083 0.083 0.083 0.083 0.083 0.083 0.083 0.083 0.083 0.038 0.0
-9999.0 -9999.0 -9999.0 -9999.0 -9999.0 -9999.0 -9999.0 -9999.0 -9999.0 -9999.0 -9999.0 -9999.0 0.081 0.083 0.083 0.083 0.083 0.083 0.083 0.083 0.083 0.0 0.083 0.045 0.083 0.083 0.083 0.083 0.083 0.083 0.083 0.083 0.077 0.056 0.058 0.076 0.068 0.053 0.047 0.075 0.071 0.078 0.082 0.067 0.083 0.083 0.083 0.083 0.083 0.083 0.083 0.067 0.077 0.083 0.076 0.068 0.083 0.079 0.083 0.083 0.083 0.083 0.083 0.083 0.083 0.083 0.083 0.083 0.083 0.083 0.083 0.083 0.083 0.078
