static/jobfarm/user_models/minyf/common/HOME-GBHM/输出文件/Output/Grids/GWst20020223.asc
ncols 221
nrows 204
xllcorner -627000.0
yllcorner 3955000.0
cellsize 900.0
NODATA_value -9999.0
[rows 132 to 164 of 204, columns 74 to 147 of 221]
0.083 0.083 0.083 0.083 0.083 0.083 0.083 0.049 0.083 0.083 0.083 0.083 0.083 0.083 0.083 0.083 0.083 0.083 0.083 0.138 0.138 0.138 0.138 0.138 0.138 0.138 0.138 0.138 0.138 0.138 0.138 0.138 0.138 0.138 0.138 0.138 0.138 0.138 0.138 0.138 0.138 0.097 0.138 0.096 0.0 0.0 0.0 0.0 0.0 0.0 0.0 0.0 0.113 0.0 0.042 0.0 0.0 0.083 0.083 0.083 0.083 0.083 0.083 0.083 0.083 0.0 0.021 0.076 0.083 0.083 0.083 0.083 0.083 0.138
0.083 0.083 0.083 0.083 0.083 0.083 0.083 0.083 0.083 0.083 0.083 0.083 0.083 0.083 0.083 0.083 0.083 0.083 0.083 0.083 0.138 0.138 0.138 0.138 0.138 0.138 0.138 0.138 0.138 0.138 0.138 0.138 0.138 0.138 0.138 0.138 0.138 0.138 0.138 0.138 0.138 0.138 0.138 0.123 0.039 0.0 0.0 0.0 0.0 0.023 0.0 0.0 0.0 0.0 0.029 0.0 0.0 0.083 0.083 0.083 0.083 0.083 0.083 0.083 0.069 0.0 0.0 0.083 0.083 0.083 0.083 0.083 0.138 0.138
0.083 0.083 0.083 0.083 0.083 0.048 0.083 0.083 0.083 0.083 0.083 0.083 0.083 0.083 0.083 0.083 0.083 0.083 0.083 0.083 0.083 0.083 0.083 0.138 0.138 0.138 0.138 0.138 0.138 0.138 0.138 0.138 0.138 0.138 0.138 0.138 0.138 0.138 0.138 0.138 0.138 0.138 0.096 0.138 0.096 0.112 0.0 0.0 0.138 0.0 0.0 0.0 0.138 0.0 0.029 0.083 0.083 0.083 0.083 0.083 0.083 0.083 0.083 0.083 0.083 0.0 0.0 0.126 0.083 0.083 0.083 0.083 0.138 0.138
0.083 0.083 0.083 0.083 0.083 0.083 0.082 0.082 0.083 0.083 0.083 0.083 0.083 0.083 0.083 0.083 0.083 0.083 0.047 0.083 0.083 0.083 0.083 0.083 0.083 0.083 0.138 0.138 0.138 0.138 0.138 0.138 0.138 0.138 0.138 0.138 0.138 0.138 0.138 0.138 0.138 0.138 0.0 0.138 0.102 0.101 0.138 0.0 0.0 0.0 0.138 0.138 0.138 0.138 0.083 0.083 0.083 0.083 0.083 0.083 0.083 0.083 0.0 0.083 0.083 0.083 0.137 0.132 0.083 0.083 0.083 0.083 0.138 0.133
0.083 0.083 0.083 0.083 0.083 0.083 0.083 0.083 0.083 0.083 0.083 0.08 0.081 0.011 0.083 0.083 0.083 0.057 0.047 0.061 0.061 0.083 0.083 0.083 0.083 0.083 0.083 0.083 0.138 0.138 0.138 0.138 0.138 0.138 0.138 0.138 0.138 0.0 0.133 0.0 0.138 0.138 0.138 0.138 0.138 0.136 0.0 0.0 0.0 0.138 0.138 0.138 0.133 0.138 0.138 0.138 0.083 0.083 0.083 0.083 0.083 0.083 0.138 0.083 0.083 0.083 0.138 0.137 0.083 0.128 0.138 0.138 0.138 0.083
-9999.0 0.083 0.083 0.083 0.083 0.083 0.083 0.044 0.073 0.074 0.073 0.083 0.083 0.019 0.083 0.083 0.022 0.059 0.083 0.083 0.0 0.083 0.0 0.0 0.0 0.0 0.083 0.083 0.083 0.138 0.138 0.138 0.138 0.138 0.138 0.138 0.0 0.0 0.0 0.138 0.138 0.138 0.138 0.138 0.138 0.138 0.0 0.138 0.138 0.138 0.138 0.138 0.138 0.138 0.138 0.138 0.083 0.083 0.083 0.083 0.138 0.138 0.138 0.138 0.0 0.083 0.138 0.138 0.138 0.138 0.138 0.083 0.138 0.083
-9999.0 0.083 0.083 0.078 0.047 0.083 0.083 0.083 0.083 0.074 0.083 0.083 0.083 0.083 0.083 0.071 0.083 0.083 0.083 0.083 0.0 0.0 0.0 0.0 0.0 0.0 0.083 0.083 0.083 0.083 0.083 0.083 0.138 0.138 0.138 0.0 0.0 0.0 0.138 0.138 0.138 0.138 0.138 0.138 0.138 0.138 0.138 0.138 0.138 0.138 0.138 0.138 0.138 0.138 0.138 0.138 0.138 0.138 0.138 0.138 0.138 0.138 0.138 0.138 0.138 0.0 0.138 0.0 0.138 0.138 0.138 0.083 0.083 0.083
-9999.0 -9999.0 0.083 0.083 0.083 0.083 0.083 0.083 0.083 0.074 0.08 0.083 0.083 0.0 0.083 0.083 0.0 0.083 0.083 0.083 0.0 0.0 0.0 0.0 0.037 0.0 0.083 0.083 0.083 0.083 0.083 0.083 0.083 0.138 0.0 0.0 0.0 0.138 0.138 0.138 0.138 0.083 0.083 0.083 0.083 0.138 0.138 0.138 0.138 0.138 0.138 0.138 0.138 0.138 0.138 0.138 0.138 0.138 0.138 0.138 0.138 0.138 0.138 0.138 0.138 0.138 0.138 0.138 0.138 0.138 0.083 0.083 0.083 0.083
-9999.0 -9999.0 0.083 0.083 0.083 0.083 0.083 0.083 0.083 0.083 0.08 0.079 0.083 0.083 0.083 0.083 0.0 0.083 0.083 0.083 0.0 0.0 0.0 0.0 0.0 0.0 0.023 0.083 0.083 0.083 0.083 0.083 0.083 0.0 0.0 0.0 0.138 0.138 0.138 0.138 0.138 0.138 0.083 0.083 0.083 0.083 0.138 0.138 0.138 0.138 0.138 0.138 0.138 0.138 0.138 0.138 0.138 0.138 0.138 0.138 0.105 0.138 0.138 0.138 0.138 0.138 0.138 0.138 0.138 0.138 0.083 0.083 0.083 0.083
-9999.0 -9999.0 0.083 0.083 0.081 0.083 0.083 0.075 0.083 0.08 0.083 0.083 0.083 0.083 0.083 0.083 0.083 0.083 0.083 0.083 0.0 0.0 0.0 0.0 0.0 0.0 0.0 0.0 0.083 0.083 0.083 0.0 0.0 0.083 0.138 0.138 0.138 0.138 0.138 0.138 0.138 0.138 0.138 0.138 0.083 0.083 0.138 0.0 0.138 0.138 0.138 0.138 0.138 0.138 0.138 0.138 0.138 0.138 0.138 0.138 0.138 0.107 0.138 0.138 0.138 0.138 0.0 0.138 0.138 0.083 0.083 0.083 0.083 0.138
-9999.0 -9999.0 -9999.0 -9999.0 -9999.0 0.078 -9999.0 0.079 0.077 0.083 0.083 0.083 0.083 0.083 0.083 0.083 0.083 0.083 0.083 0.083 0.0 0.0 0.0 0.0 0.0 0.0 0.0 0.0 0.012 0.0 0.0 0.083 0.083 0.083 0.138 0.138 0.138 0.138 0.138 0.138 0.138 0.138 0.138 0.138 0.083 0.083 0.083 0.0 0.138 0.138 0.138 0.138 0.138 0.138 0.138 0.112 0.138 0.138 0.138 0.138 0.083 0.083 0.138 0.138 0.138 0.138 0.138 0.138 0.138 0.083 0.083 0.138 0.138 0.138
-9999.0 -9999.0 -9999.0 -9999.0 -9999.0 -9999.0 -9999.0 0.078 0.076 0.083 0.083 0.083 0.083 0.083 0.083 0.083 0.083 0.0 0.078 0.083 0.083 0.0 0.0 0.0 0.0 0.0 0.0 0.0 0.0 0.0 0.083 0.083 0.083 0.083 0.083 0.138 0.138 0.138 0.138 0.138 0.138 0.138 0.138 0.138 0.138 0.083 0.083 0.083 0.083 0.138 0.138 0.138 0.138 0.138 0.138 0.138 0.138 0.138 0.138 0.138 0.083 0.083 0.083 0.138 0.138 0.0 0.138 0.138 0.083 0.083 0.083 0.138 0.138 0.138
-9999.0 -9999.0 -9999.0 -9999.0 -9999.0 -9999.0 -9999.0 -9999.0 -9999.0 0.083 0.083 0.077 0.073 0.073 0.083 0.074 0.083 0.083 0.049 0.056 0.039 0.0 0.0 0.0 0.0 0.0 0.0 0.0 0.0 0.0 0.083 0.083 0.083 0.083 0.083 0.083 0.138 0.138 0.138 0.138 0.138 0.138 0.138 0.138 0.138 0.138 0.083 0.083 0.083 0.138 0.138 0.138 0.138 0.138 0.138 0.138 0.138 0.138 0.138 0.138 0.083 0.083 0.083 0.083 0.083 0.138 0.0 0.138 0.083 0.083 0.083 0.138 0.138 0.138
-9999.0 -9999.0 -9999.0 -9999.0 -9999.0 -9999.0 -9999.0 -9999.0 -9999.0 -9999.0 0.076 0.077 0.077 0.083 0.083 0.075 0.083 0.083 0.083 0.08 0.019 0.0 0.0 0.0 0.0 0.0 0.0 0.0 0.017 0.083 0.083 0.083 0.083 0.083 0.083 0.083 0.138 0.138 0.138 0.138 0.138 0.138 0.138 0.138 0.138 0.138 0.138 0.083 0.083 0.083 0.138 0.138 0.138 0.138 0.138 0.138 0.138 0.138 0.138 0.138 0.083 0.083 0.083 0.083 0.083 0.138 0.138 0.138 0.138 0.138 0.138 0.138 0.138 0.138
-9999.0 -9999.0 -9999.0 -9999.0 -9999.0 -9999.0 -9999.0 -9999.0 -9999.0 -9999.0 -9999.0 0.083 0.083 0.083 0.083 0.079 0.083 0.075 0.083 0.077 0.012 0.0 0.0 0.0 0.0 0.0 0.0 0.0 0.0 0.083 0.083 0.083 0.083 0.083 0.083 0.083 0.138 0.138 0.138 0.138 0.138 0.138 0.138 0.138 0.138 0.138 0.138 0.138 0.083 0.083 0.083 0.083 0.138 0.138 0.138 0.138 0.138 0.138 0.138 0.138 0.083 0.083 0.083 0.138 0.138 0.138 0.138 0.138 0.064 0.0 0.138 0.138 0.138 0.136
-9999.0 -9999.0 -9999.0 -9999.0 -9999.0 -9999.0 -9999.0 -9999.0 -9999.0 -9999.0 -9999.0 -9999.0 0.077 0.078 0.083 0.083 0.083 0.083 0.083 0.075 0.038 0.039 0.0 0.0 0.0 0.0 0.0 0.0 0.083 0.083 0.083 0.083 0.083 0.083 0.083 0.083 0.138 0.138 0.138 0.138 0.138 0.138 0.138 0.138 0.138 0.138 0.138 0.138 0.083 0.083 0.083 0.083 0.138 0.138 0.138 0.138 0.138 0.138 0.138 0.138 0.138 0.083 0.083 0.138 0.138 0.138 0.138 0.138 0.083 0.138 0.138 0.0 0.138 0.135
-9999.0 -9999.0 -9999.0 -9999.0 -9999.0 -9999.0 -9999.0 -9999.0 -9999.0 -9999.0 -9999.0 -9999.0 -9999.0 -9999.0 -9999.0 -9999.0 0.083 0.074 0.073 0.08 0.083 0.019 0.0 0.0 0.0 0.0 0.0 0.083 0.083 0.083 0.083 0.083 0.083 0.083 0.083 0.083 0.083 0.083 0.083 0.138 0.138 0.138 0.138 0.138 0.138 0.138 0.138 0.138 0.138 0.083 0.083 0.083 0.083 0.083 0.138 0.138 0.138 0.138 0.138 0.138 0.083 0.083 0.083 0.083 0.083 0.083 0.083 0.083 0.083 0.083 0.138 0.138 0.138 0.134
-9999.0 -9999.0 -9999.0 -9999.0 -9999.0 -9999.0 -9999.0 -9999.0 -9999.0 -9999.0 -9999.0 -9999.0 -9999.0 -9999.0 -9999.0 -9999.0 -9999.0 -9999.0 -9999.0 -9999.0 0.081 0.052 0.0 0.0 0.0 0.0 0.0 0.083 0.083 0.083 0.083 0.083 0.083 0.083 0.083 0.083 0.083 0.083 0.083 0.083 0.138 0.138 0.138 0.138 0.138 0.138 0.138 0.138 0.138 0.138 0.083 0.083 0.083 0.083 0.083 0.138 0.138 0.138 0.138 0.138 0.083 0.083 0.083 0.083 0.083 0.083 0.083 0.083 0.138 0.083 0.0 0.039 0.138 0.138
-9999.0 -9999.0 -9999.0 -9999.0 -9999.0 -9999.0 -9999.0 -9999.0 -9999.0 -9999.0 -9999.0 -9999.0 -9999.0 -9999.0 -9999.0 -9999.0 -9999.0 -9999.0 -9999.0 -9999.0 -9999.0 0.083 0.038 0.036 0.064 0.063 0.081 0.07 0.083 0.083 0.083 0.083 0.083 0.083 0.083 0.083 0.083 0.083 0.083 0.083 0.083 0.138 0.138 0.138 0.138 0.138 0.138 0.138 0.138 0.138 0.138 0.138 0.138 0.083 0.083 0.083 0.138 0.138 0.083 0.138 0.083 0.083 0.083 0.083 0.083 0.083 0.083 0.083 0.138 0.083 0.0 0.044 0.034 0.138
-9999.0 -9999.0 -9999.0 -9999.0 -9999.0 -9999.0 -9999.0 -9999.0 -9999.0 -9999.0 -9999.0 -9999.0 -9999.0 -9999.0 -9999.0 -9999.0 -9999.0 -9999.0 -9999.0 -9999.0 -9999.0 -9999.0 0.017 0.083 0.077 0.079 0.079 0.08 0.083 0.083 0.083 0.083 0.083 0.083 0.083 0.083 0.083 0.083 0.083 0.083 0.083 0.138 0.138 0.138 0.138 0.138 0.138 0.138 0.138 0.138 0.138 0.138 0.138 0.138 0.138 0.083 0.083 0.083 0.138 0.138 0.138 0.083 0.083 0.083 0.083 0.083 0.083 0.083 0.138 0.083 0.0 0.0 0.0 0.138
-9999.0 -9999.0 -9999.0 -9999.0 -9999.0 -9999.0 -9999.0 -9999.0 -9999.0 -9999.0 -9999.0 -9999.0 -9999.0 -9999.0 -9999.0 -9999.0 -9999.0 -9999.0 -9999.0 -9999.0 -9999.0 -9999.0 -9999.0 0.083 0.08 0.083 0.083 0.081 0.083 0.083 0.083 0.083 0.083 0.083 0.083 0.083 0.083 0.083 0.083 0.083 0.083 0.083 0.138 0.138 0.138 0.138 0.138 0.138 0.138 0.138 0.138 0.138 0.138 0.138 0.138 0.138 0.083 0.083 0.083 0.083 0.083 0.138 0.138 0.138 0.138 0.138 0.138 0.138 0.134 0.083 0.083 0.083 0.0 0.138
-9999.0 -9999.0 -9999.0 -9999.0 -9999.0 -9999.0 -9999.0 -9999.0 -9999.0 -9999.0 -9999.0 -9999.0 -9999.0 -9999.0 -9999.0 -9999.0 -9999.0 -9999.0 -9999.0 -9999.0 -9999.0 -9999.0 -9999.0 0.083 0.082 0.082 0.083 0.083 0.083 0.083 0.083 0.083 0.083 0.083 0.083 0.083 0.083 0.083 0.083 0.083 0.083 0.083 0.083 0.138 0.138 0.138 0.083 0.082 0.083 0.138 0.083 0.083 0.138 0.138 0.138 0.138 0.083 0.083 0.083 0.0 0.083 0.083 0.083 0.138 0.138 0.138 0.138 0.138 0.138 0.0 0.083 0.083 0.138 0.138
-9999.0 -9999.0 -9999.0 -9999.0 -9999.0 -9999.0 -9999.0 -9999.0 -9999.0 -9999.0 -9999.0 -9999.0 -9999.0 -9999.0 -9999.0 -9999.0 -9999.0 -9999.0 -9999.0 -9999.0 -9999.0 -9999.0 -9999.0 -9999.0 0.078 0.082 0.079 0.074 0.083 0.083 0.083 0.083 0.083 0.083 0.083 0.083 0.083 0.083 0.083 0.083 0.083 0.083 0.083 0.083 0.083 0.083 0.083 0.083 0.083 0.083 0.083 0.083 0.138 0.138 0.138 0.138 0.138 0.083 0.0 0.0 0.0 0.0 0.0 0.083 0.083 0.138 0.138 0.138 0.138 0.138 0.083 0.083 0.0 0.138
-9999.0 -9999.0 -9999.0 -9999.0 -9999.0 -9999.0 -9999.0 -9999.0 -9999.0 -9999.0 -9999.0 -9999.0 -9999.0 -9999.0 -9999.0 -9999.0 -9999.0 -9999.0 -9999.0 -9999.0 -9999.0 -9999.0 -9999.0 -9999.0 -9999.0 -9999.0 -9999.0 0.071 0.083 0.083 0.083 0.083 0.083 0.083 0.083 0.083 0.083 0.083 0.083 0.083 0.083 0.083 0.083 0.083 0.083 0.083 0.083 0.083 0.083 0.083 0.083 0.083 0.138 0.138 0.138 0.138 0.138 0.138 0.0 0.0 0.0 0.0 0.083 0.083 -9999.0 0.138 0.138 0.138 0.138 0.083 0.083 0.083 0.0 0.138
-9999.0 -9999.0 -9999.0 -9999.0 -9999.0 -9999.0 -9999.0 -9999.0 -9999.0 -9999.0 -9999.0 -9999.0 -9999.0 -9999.0 -9999.0 -9999.0 -9999.0 -9999.0 -9999.0 -9999.0 -9999.0 -9999.0 -9999.0 -9999.0 -9999.0 -9999.0 -9999.0 -9999.0 -9999.0 0.083 0.083 0.083 0.083 0.083 0.083 0.083 0.083 0.083 0.083 0.083 0.083 0.083 0.083 0.083 0.083 0.083 0.083 0.083 0.083 0.083 0.083 0.076 0.078 0.083 0.138 0.138 0.138 0.138 0.138 0.138 0.138 0.138 0.138 -9999.0 -9999.0 -9999.0 0.138 0.138 0.138 0.138 0.083 0.083 0.083 0.138
-9999.0 -9999.0 -9999.0 -9999.0 -9999.0 -9999.0 -9999.0 -9999.0 -9999.0 -9999.0 -9999.0 -9999.0 -9999.0 -9999.0 -9999.0 -9999.0 -9999.0 -9999.0 -9999.0 -9999.0 -9999.0 -9999.0 -9999.0 -9999.0 -9999.0 -9999.0 -9999.0 -9999.0 -9999.0 -9999.0 0.083 0.083 0.083 0.083 0.083 0.083 0.083 0.083 0.083 0.083 0.083 0.083 0.083 0.083 0.083 0.083 0.083 0.08 0.083 0.083 0.083 0.083 0.083 0.083 0.083 0.083 0.138 0.138 0.138 0.138 0.138 0.138 -9999.0 -9999.0 -9999.0 -9999.0 -9999.0 0.138 0.138 0.138 0.138 0.083 0.083 0.083
-9999.0 -9999.0 -9999.0 -9999.0 -9999.0 -9999.0 -9999.0 -9999.0 -9999.0 -9999.0 -9999.0 -9999.0 -9999.0 -9999.0 -9999.0 -9999.0 -9999.0 -9999.0 -9999.0 -9999.0 -9999.0 -9999.0 -9999.0 -9999.0 -9999.0 -9999.0 -9999.0 -9999.0 -9999.0 -9999.0 -9999.0 0.063 0.076 0.083 0.083 0.083 0.083 0.083 0.083 0.083 0.083 0.083 0.083 0.083 0.083 0.083 0.083 0.003 0.0 0.071 0.033 0.083 0.083 0.083 0.083 0.074 0.138 0.075 0.138 0.138 0.138 -9999.0 -9999.0 -9999.0 -9999.0 -9999.0 -9999.0 -9999.0 -9999.0 0.138 0.138 0.138 0.138 0.138
-9999.0 -9999.0 -9999.0 -9999.0 -9999.0 -9999.0 -9999.0 -9999.0 -9999.0 -9999.0 -9999.0 -9999.0 -9999.0 -9999.0 -9999.0 -9999.0 -9999.0 -9999.0 -9999.0 -9999.0 -9999.0 -9999.0 -9999.0 -9999.0 -9999.0 -9999.0 -9999.0 -9999.0 -9999.0 -9999.0 -9999.0 0.083 0.083 0.083 0.083 0.083 0.083 0.083 0.083 0.083 0.083 0.066 0.07 0.083 0.083 0.069 0.05 0.083 0.0 0.0 0.064 0.079 0.083 0.083 0.083 0.083 0.138 0.138 0.138 0.138 -9999.0 -9999.0 -9999.0 -9999.0 -9999.0 -9999.0 -9999.0 -9999.0 -9999.0 -9999.0 0.138 0.138 0.138 0.138
-9999.0 -9999.0 -9999.0 -9999.0 -9999.0 -9999.0 -9999.0 -9999.0 -9999.0 -9999.0 -9999.0 -9999.0 -9999.0 -9999.0 -9999.0 -9999.0 -9999.0 -9999.0 -9999.0 -9999.0 -9999.0 -9999.0 -9999.0 -9999.0 -9999.0 -9999.0 -9999.0 -9999.0 -9999.0 -9999.0 -9999.0 -9999.0 0.083 0.083 0.083 0.083 0.083 0.083 0.083 0.083 0.069 0.083 0.083 0.083 0.0 0.0 0.0 0.083 0.0 0.083 0.048 0.083 0.08 0.083 0.083 0.079 0.083 0.138 0.138 0.138 0.138 0.138 -9999.0 -9999.0 -9999.0 -9999.0 -9999.0 -9999.0 -9999.0 -9999.0 -9999.0 -9999.0 -9999.0 0.138
-9999.0 -9999.0 -9999.0 -9999.0 -9999.0 -9999.0 -9999.0 -9999.0 -9999.0 -9999.0 -9999.0 -9999.0 -9999.0 -9999.0 -9999.0 -9999.0 -9999.0 -9999.0 -9999.0 -9999.0 -9999.0 -9999.0 -9999.0 -9999.0 -9999.0 -9999.0 -9999.0 -9999.0 -9999.0 -9999.0 -9999.0 -9999.0 -9999.0 -9999.0 0.083 0.083 0.083 0.083 0.05 0.056 0.083 0.083 0.083 0.083 0.0 0.0 0.083 0.0 0.0 0.083 0.083 0.08 0.083 0.083 0.082 0.083 0.083 0.083 0.138 0.138 0.138 0.083 0.083 -9999.0 -9999.0 -9999.0 -9999.0 -9999.0 -9999.0 -9999.0 -9999.0 -9999.0 -9999.0 -9999.0
-9999.0 -9999.0 -9999.0 -9999.0 -9999.0 -9999.0 -9999.0 -9999.0 -9999.0 -9999.0 -9999.0 -9999.0 -9999.0 -9999.0 -9999.0 -9999.0 -9999.0 -9999.0 -9999.0 -9999.0 -9999.0 -9999.0 -9999.0 -9999.0 -9999.0 -9999.0 -9999.0 -9999.0 -9999.0 -9999.0 -9999.0 -9999.0 -9999.0 -9999.0 0.073 0.083 0.073 0.081 0.082 0.067 0.083 0.083 0.083 0.0 0.0 0.0 0.0 0.0 0.0 0.044 0.046 0.0 0.083 0.083 0.083 0.083 0.083 0.083 0.083 0.138 0.138 0.138 0.083 0.083 -9999.0 -9999.0 -9999.0 -9999.0 -9999.0 -9999.0 -9999.0 -9999.0 -9999.0 -9999.0
-9999.0 -9999.0 -9999.0 -9999.0 -9999.0 -9999.0 -9999.0 -9999.0 -9999.0 -9999.0 -9999.0 -9999.0 -9999.0 -9999.0 -9999.0 -9999.0 -9999.0 -9999.0 -9999.0 -9999.0 -9999.0 -9999.0 -9999.0 -9999.0 -9999.0 -9999.0 -9999.0 -9999.0 -9999.0 -9999.0 -9999.0 -9999.0 -9999.0 -9999.0 -9999.0 -9999.0 -9999.0 -9999.0 -9999.0 0.066 0.083 0.083 0.0 0.0 0.0 0.0 0.0 0.0 0.083 0.083 0.083 0.083 0.083 0.083 0.083 0.083 0.083 0.083 0.083 0.083 0.138 0.138 0.083 0.083 0.083 -9999.0 -9999.0 -9999.0 -9999.0 -9999.0 -9999.0 -9999.0 -9999.0 -9999.0
-9999.0 -9999.0 -9999.0 -9999.0 -9999.0 -9999.0 -9999.0 -9999.0 -9999.0 -9999.0 -9999.0 -9999.0 -9999.0 -9999.0 -9999.0 -9999.0 -9999.0 -9999.0 -9999.0 -9999.0 -9999.0 -9999.0 -9999.0 -9999.0 -9999.0 -9999.0 -9999.0 -9999.0 -9999.0 -9999.0 -9999.0 -9999.0 -9999.0 -9999.0 -9999.0 -9999.0 -9999.0 -9999.0 -9999.0 -9999.0 -9999.0 0.083 0.083 0.0 0.0 0.0 0.0 0.0 0.083 0.083 0.083 0.083 0.083 0.083 0.07 0.083 0.083 0.083 0.083 0.083 0.138 0.138 0.138 0.083 0.083 0.078 0.083 -9999.0 -9999.0 -9999.0 -9999.0 -9999.0 -9999.0 -9999.0
