static/jobfarm/user_models/minyf/common/HOME-GBHM/输出文件/Output/Grids/GWst20020224.asc
ncols 221
nrows 204
xllcorner -627000.0
yllcorner 3955000.0
cellsize 900.0
NODATA_value -9999.0
[rows 132 to 164 of 204, columns 75 to 149 of 221]
0.083 0.083 0.083 0.083 0.083 0.083 0.049 0.083 0.083 0.083 0.083 0.083 0.083 0.083 0.083 0.083 0.083 0.083 0.138 0.138 0.138 0.138 0.138 0.138 0.138 0.138 0.138 0.138 0.138 0.138 0.138 0.138 0.138 0.138 0.138 0.138 0.138 0.138 0.138 0.138 0.094 0.138 0.094 0.138 0.138 0.138 0.138 0.138 0.083 0.083 0.138 0.126 0.138 0.138 0.083 0.083 0.083 0.0 0.0 0.083 0.083 0.083 0.083 0.081 0.0 0.138 0.068 0.083 0.083 0.083 0.083 0.083 0.138 0.083 0.138
0.083 0.083 0.083 0.083 0.083 0.083 0.083 0.083 0.083 0.083 0.083 0.083 0.083 0.083 0.083 0.083 0.083 0.083 0.083 0.138 0.138 0.138 0.138 0.138 0.138 0.138 0.138 0.138 0.138 0.138 0.138 0.138 0.138 0.138 0.138 0.138 0.138 0.138 0.138 0.138 0.138 0.138 0.118 0.138 0.138 0.138 0.138 0.138 0.138 0.138 0.138 0.138 0.138 0.138 0.083 0.083 0.083 0.083 0.0 0.083 0.083 0.083 0.083 0.083 0.083 0.138 0.083 0.083 0.083 0.083 0.083 0.138 0.138 0.083 0.138
0.083 0.083 0.083 0.083 0.048 0.083 0.083 0.083 0.083 0.083 0.083 0.083 0.083 0.083 0.083 0.083 0.083 0.083 0.083 0.083 0.083 0.083 0.138 0.138 0.138 0.138 0.138 0.138 0.138 0.138 0.138 0.138 0.138 0.138 0.138 0.138 0.138 0.138 0.138 0.138 0.138 0.091 0.138 0.092 0.138 0.138 0.138 0.138 0.138 0.138 0.138 0.138 0.098 0.138 0.083 0.083 0.083 0.083 0.083 0.083 0.083 0.083 0.0 0.083 0.053 0.138 0.138 0.083 0.083 0.083 0.083 0.138 0.138 0.138 0.083
0.083 0.083 0.083 0.083 0.083 0.082 0.082 0.083 0.083 0.083 0.083 0.083 0.083 0.083 0.083 0.083 0.083 0.083 0.083 0.083 0.083 0.083 0.083 0.083 0.083 0.138 0.138 0.138 0.138 0.138 0.138 0.138 0.138 0.138 0.138 0.138 0.138 0.138 0.138 0.138 0.138 0.0 0.138 0.103 0.138 0.138 0.138 0.138 0.138 0.138 0.138 0.138 0.138 0.083 0.083 0.083 0.083 0.083 0.083 0.083 0.083 0.0 0.0 0.083 0.083 0.135 0.136 0.083 0.083 0.083 0.083 0.138 0.138 0.083 0.083
0.083 0.083 0.083 0.083 0.083 0.083 0.083 0.083 0.083 0.083 0.079 0.077 0.083 0.083 0.083 0.083 0.083 0.083 0.083 0.083 0.083 0.083 0.083 0.083 0.083 0.083 0.083 0.138 0.138 0.138 0.138 0.138 0.138 0.138 0.138 0.138 0.138 0.133 0.0 0.138 0.138 0.138 0.138 0.138 0.138 0.138 0.138 0.138 0.138 0.138 0.138 0.135 0.138 0.138 0.129 0.083 0.083 0.083 0.083 0.083 0.083 0.138 0.0 0.083 0.083 0.138 0.137 0.083 0.128 0.138 0.138 0.138 0.083 0.083 0.083
0.083 0.083 0.083 0.083 0.083 0.083 0.044 0.073 0.074 0.073 0.083 0.077 0.019 0.083 0.083 0.083 0.083 0.083 0.083 0.011 0.083 0.083 0.083 0.083 0.083 0.075 0.083 0.083 0.138 0.138 0.138 0.138 0.138 0.138 0.138 0.138 0.138 0.0 0.138 0.138 0.138 0.138 0.138 0.138 0.0 0.138 0.138 0.138 0.138 0.138 0.138 0.138 0.138 0.138 0.138 0.083 0.083 0.083 0.083 0.138 0.138 0.138 0.138 0.083 0.083 0.138 0.138 0.138 0.138 0.138 0.083 0.138 0.083 0.083 0.083
0.083 0.083 0.078 0.047 0.083 0.083 0.083 0.083 0.074 0.083 0.083 0.083 0.083 0.083 0.083 0.083 0.083 0.083 0.083 0.083 0.083 0.083 0.083 0.083 0.083 0.083 0.083 0.083 0.083 0.083 0.083 0.138 0.138 0.138 0.138 0.138 0.138 0.138 0.138 0.138 0.138 0.138 0.138 0.138 0.138 0.138 0.138 0.138 0.138 0.138 0.138 0.138 0.138 0.138 0.138 0.138 0.138 0.138 0.138 0.138 0.138 0.138 0.138 0.138 0.138 0.138 0.138 0.138 0.138 0.138 0.083 0.083 0.083 0.083 0.083
-9999.0 0.083 0.083 0.083 0.083 0.083 0.083 0.083 0.074 0.081 0.083 0.083 0.083 0.083 0.083 0.083 0.083 0.083 0.083 0.083 0.083 0.083 0.083 0.083 0.083 0.083 0.083 0.083 0.083 0.083 0.083 0.083 0.138 0.138 0.138 0.138 0.138 0.138 0.138 0.138 0.083 0.083 0.083 0.083 0.138 0.138 0.138 0.138 0.138 0.138 0.138 0.138 0.138 0.138 0.138 0.138 0.138 0.138 0.138 0.138 0.138 0.138 0.138 0.138 0.138 0.138 0.138 0.138 0.138 0.083 0.083 0.083 0.083 0.083 0.138
-9999.0 0.083 0.083 0.083 0.083 0.083 0.083 0.083 0.083 0.08 0.082 0.083 0.083 0.083 0.083 0.083 0.083 0.083 0.083 0.083 0.083 0.083 0.083 0.083 0.083 0.083 0.083 0.083 0.083 0.083 0.083 0.083 0.138 0.138 0.138 0.138 0.138 0.138 0.138 0.138 0.138 0.083 0.083 0.083 0.083 0.138 0.138 0.138 0.138 0.138 0.138 0.138 0.138 0.138 0.138 0.138 0.138 0.138 0.138 0.138 0.138 0.138 0.138 0.138 0.138 0.138 0.138 0.138 0.138 0.083 0.083 0.083 0.083 0.138 0.138
-9999.0 0.083 0.083 0.081 0.083 0.08 0.075 0.083 0.08 0.083 0.083 0.083 0.083 0.083 0.083 0.083 0.083 0.083 0.083 0.083 0.083 0.083 0.083 0.083 0.083 0.083 0.083 0.083 0.083 0.083 0.083 0.083 0.083 0.138 0.138 0.138 0.138 0.138 0.138 0.138 0.138 0.138 0.138 0.083 0.083 0.138 0.138 0.138 0.138 0.138 0.138 0.138 0.138 0.138 0.138 0.138 0.138 0.138 0.138 0.134 0.138 0.138 0.138 0.138 0.138 0.0 0.138 0.138 0.083 0.083 0.083 0.083 0.138 0.138 0.138
-9999.0 -9999.0 -9999.0 -9999.0 0.078 -9999.0 0.079 0.077 0.083 0.083 0.083 0.083 0.083 0.083 0.083 0.083 0.083 0.083 0.083 0.083 0.083 0.083 0.083 0.083 0.083 0.083 0.083 0.083 0.083 0.083 0.083 0.083 0.083 0.138 0.138 0.138 0.138 0.138 0.138 0.138 0.138 0.138 0.138 0.083 0.083 0.083 0.083 0.138 0.138 0.138 0.138 0.138 0.138 0.138 0.138 0.138 0.138 0.138 0.138 0.083 0.083 0.138 0.138 0.138 0.138 0.138 0.138 0.138 0.083 0.083 0.138 0.138 0.138 0.138 0.138
-9999.0 -9999.0 -9999.0 -9999.0 -9999.0 -9999.0 0.078 0.076 0.083 0.083 0.083 0.083 0.083 0.083 0.083 0.083 0.083 0.083 0.083 0.083 0.083 0.083 0.083 0.083 0.083 0.083 0.083 0.083 0.083 0.083 0.083 0.083 0.083 0.083 0.138 0.138 0.138 0.138 0.138 0.138 0.138 0.138 0.138 0.138 0.083 0.083 0.083 0.083 0.138 0.138 0.138 0.138 0.138 0.138 0.138 0.138 0.138 0.138 0.138 0.083 0.083 0.083 0.138 0.138 0.138 0.138 0.138 0.083 0.083 0.083 0.138 0.138 0.138 0.138 0.083
-9999.0 -9999.0 -9999.0 -9999.0 -9999.0 -9999.0 -9999.0 -9999.0 0.083 0.068 0.077 0.075 0.074 0.083 0.071 0.083 0.083 0.083 0.083 0.083 0.083 0.083 0.083 0.083 0.083 0.083 0.083 0.083 0.083 0.083 0.083 0.083 0.083 0.083 0.083 0.138 0.138 0.138 0.138 0.138 0.138 0.138 0.138 0.138 0.138 0.083 0.083 0.083 0.138 0.138 0.138 0.138 0.138 0.138 0.138 0.138 0.138 0.138 0.138 0.083 0.083 0.083 0.083 0.083 0.138 0.138 0.138 0.083 0.083 0.083 0.138 0.138 0.138 0.074 0.072
-9999.0 -9999.0 -9999.0 -9999.0 -9999.0 -9999.0 -9999.0 -9999.0 -9999.0 0.077 0.077 0.078 0.083 0.083 0.074 0.083 0.083 0.072 0.083 0.083 0.083 0.083 0.083 0.083 0.083 0.083 0.083 0.0 0.083 0.083 0.083 0.083 0.083 0.083 0.083 0.138 0.138 0.138 0.138 0.138 0.138 0.138 0.138 0.138 0.138 0.138 0.083 0.083 0.083 0.138 0.138 0.138 0.138 0.138 0.138 0.138 0.138 0.138 0.138 0.083 0.083 0.083 0.083 0.083 0.138 0.138 0.138 0.138 0.138 0.138 0.138 0.138 0.138 0.083 0.067
-9999.0 -9999.0 -9999.0 -9999.0 -9999.0 -9999.0 -9999.0 -9999.0 -9999.0 -9999.0 0.074 0.075 0.083 0.072 0.082 0.083 0.073 0.083 0.078 0.083 0.083 0.083 0.083 0.083 0.083 0.083 0.083 0.083 0.083 0.083 0.083 0.083 0.083 0.083 0.083 0.138 0.138 0.138 0.138 0.138 0.138 0.138 0.138 0.138 0.138 0.138 0.138 0.083 0.083 0.083 0.083 0.138 0.138 0.138 0.138 0.138 0.138 0.138 0.138 0.083 0.083 0.083 0.138 0.138 0.138 0.138 0.138 0.083 0.138 0.138 0.138 0.138 0.122 0.124 0.138
-9999.0 -9999.0 -9999.0 -9999.0 -9999.0 -9999.0 -9999.0 -9999.0 -9999.0 -9999.0 -9999.0 0.076 0.083 0.074 0.083 0.083 0.083 0.083 0.074 0.083 0.083 0.083 0.083 0.083 0.083 0.083 0.083 0.083 0.083 0.083 0.083 0.083 0.083 0.083 0.083 0.138 0.138 0.138 0.138 0.138 0.138 0.138 0.138 0.138 0.138 0.138 0.138 0.083 0.083 0.083 0.083 0.138 0.138 0.138 0.138 0.138 0.138 0.138 0.138 0.138 0.083 0.083 0.138 0.138 0.138 0.138 0.138 0.083 0.138 0.138 0.138 0.138 0.136 0.135 0.138
-9999.0 -9999.0 -9999.0 -9999.0 -9999.0 -9999.0 -9999.0 -9999.0 -9999.0 -9999.0 -9999.0 -9999.0 -9999.0 -9999.0 -9999.0 0.083 0.074 0.073 0.075 0.083 0.083 0.083 0.083 0.083 0.083 0.083 0.083 0.083 0.083 0.083 0.083 0.083 0.083 0.083 0.083 0.083 0.083 0.083 0.138 0.138 0.138 0.138 0.138 0.138 0.138 0.138 0.138 0.138 0.083 0.083 0.083 0.083 0.083 0.138 0.138 0.138 0.138 0.138 0.138 0.083 0.083 0.083 0.083 0.083 0.083 0.083 0.083 0.083 0.0 0.138 0.138 0.0 0.136 0.136 0.138
-9999.0 -9999.0 -9999.0 -9999.0 -9999.0 -9999.0 -9999.0 -9999.0 -9999.0 -9999.0 -9999.0 -9999.0 -9999.0 -9999.0 -9999.0 -9999.0 -9999.0 -9999.0 -9999.0 0.083 0.083 0.083 0.083 0.083 0.083 0.083 0.083 0.083 0.083 0.083 0.083 0.083 0.083 0.083 0.083 0.083 0.083 0.083 0.083 0.138 0.138 0.138 0.138 0.138 0.138 0.138 0.138 0.138 0.138 0.083 0.083 0.083 0.083 0.083 0.138 0.138 0.138 0.138 0.138 0.083 0.083 0.083 0.083 0.083 0.083 0.083 0.083 0.138 0.083 0.0 0.075 0.0 0.0 0.138 0.0
-9999.0 -9999.0 -9999.0 -9999.0 -9999.0 -9999.0 -9999.0 -9999.0 -9999.0 -9999.0 -9999.0 -9999.0 -9999.0 -9999.0 -9999.0 -9999.0 -9999.0 -9999.0 -9999.0 -9999.0 0.083 0.042 0.041 0.066 0.077 0.081 0.069 0.083 0.083 0.083 0.083 0.083 0.083 0.083 0.083 0.083 0.083 0.083 0.083 0.083 0.138 0.138 0.138 0.138 0.138 0.138 0.138 0.138 0.138 0.138 0.138 0.138 0.083 0.083 0.083 0.138 0.138 0.083 0.138 0.083 0.083 0.083 0.083 0.083 0.083 0.083 0.083 0.138 0.083 0.0 0.0 0.0 0.135 0.0 0.0
-9999.0 -9999.0 -9999.0 -9999.0 -9999.0 -9999.0 -9999.0 -9999.0 -9999.0 -9999.0 -9999.0 -9999.0 -9999.0 -9999.0 -9999.0 -9999.0 -9999.0 -9999.0 -9999.0 -9999.0 -9999.0 0.061 0.083 0.077 0.079 0.079 0.08 0.083 0.083 0.083 0.083 0.083 0.083 0.083 0.083 0.083 0.083 0.083 0.083 0.083 0.138 0.138 0.138 0.138 0.138 0.138 0.138 0.138 0.138 0.138 0.138 0.138 0.138 0.138 0.083 0.083 0.083 0.138 0.138 0.138 0.083 0.083 0.083 0.083 0.083 0.083 0.083 0.138 0.0 0.0 0.138 0.138 0.0 0.0 0.0
-9999.0 -9999.0 -9999.0 -9999.0 -9999.0 -9999.0 -9999.0 -9999.0 -9999.0 -9999.0 -9999.0 -9999.0 -9999.0 -9999.0 -9999.0 -9999.0 -9999.0 -9999.0 -9999.0 -9999.0 -9999.0 -9999.0 0.083 0.08 0.083 0.083 0.081 0.083 0.083 0.083 0.083 0.083 0.083 0.083 0.083 0.083 0.083 0.083 0.083 0.083 0.083 0.138 0.138 0.138 0.138 0.138 0.138 0.138 0.138 0.138 0.138 0.138 0.138 0.138 0.138 0.083 0.083 0.083 0.083 0.083 0.138 0.0 0.11 0.118 0.138 0.138 0.138 0.134 0.0 0.083 0.083 0.138 0.0 0.0 0.0
-9999.0 -9999.0 -9999.0 -9999.0 -9999.0 -9999.0 -9999.0 -9999.0 -9999.0 -9999.0 -9999.0 -9999.0 -9999.0 -9999.0 -9999.0 -9999.0 -9999.0 -9999.0 -9999.0 -9999.0 -9999.0 -9999.0 0.083 0.082 0.082 0.083 0.083 0.083 0.083 0.083 0.083 0.083 0.083 0.083 0.083 0.083 0.083 0.083 0.083 0.083 0.083 0.083 0.138 0.138 0.138 0.083 0.082 0.083 0.138 0.083 0.083 0.138 0.138 0.138 0.138 0.083 0.083 0.083 0.083 0.083 0.0 0.0 0.138 0.138 0.138 0.138 0.0 0.138 0.138 0.083 0.083 0.138 0.0 0.0 0.0
-9999.0 -9999.0 -9999.0 -9999.0 -9999.0 -9999.0 -9999.0 -9999.0 -9999.0 -9999.0 -9999.0 -9999.0 -9999.0 -9999.0 -9999.0 -9999.0 -9999.0 -9999.0 -9999.0 -9999.0 -9999.0 -9999.0 -9999.0 0.078 0.082 0.079 0.072 0.083 0.083 0.083 0.083 0.083 0.083 0.083 0.083 0.083 0.083 0.083 0.083 0.083 0.083 0.083 0.083 0.083 0.083 0.083 0.083 0.083 0.083 0.083 0.083 0.138 0.138 0.138 0.138 0.138 0.083 0.083 0.083 0.0 0.0 0.0 0.083 0.083 0.138 0.138 0.138 0.138 0.138 0.083 0.083 0.138 0.138 0.0 0.138
-9999.0 -9999.0 -9999.0 -9999.0 -9999.0 -9999.0 -9999.0 -9999.0 -9999.0 -9999.0 -9999.0 -9999.0 -9999.0 -9999.0 -9999.0 -9999.0 -9999.0 -9999.0 -9999.0 -9999.0 -9999.0 -9999.0 -9999.0 -9999.0 -9999.0 -9999.0 0.071 0.083 0.083 0.083 0.083 0.083 0.083 0.083 0.083 0.083 0.083 0.083 0.083 0.083 0.083 0.083 0.083 0.083 0.083 0.083 0.083 0.083 0.083 0.083 0.083 0.138 0.138 0.138 0.138 0.138 0.138 0.083 0.083 0.0 0.0 0.083 0.083 -9999.0 0.138 0.138 0.138 0.138 0.083 0.083 0.083 0.0 0.138 0.0 0.0
-9999.0 -9999.0 -9999.0 -9999.0 -9999.0 -9999.0 -9999.0 -9999.0 -9999.0 -9999.0 -9999.0 -9999.0 -9999.0 -9999.0 -9999.0 -9999.0 -9999.0 -9999.0 -9999.0 -9999.0 -9999.0 -9999.0 -9999.0 -9999.0 -9999.0 -9999.0 -9999.0 -9999.0 0.083 0.083 0.083 0.083 0.083 0.083 0.083 0.083 0.083 0.083 0.083 0.083 0.083 0.083 0.083 0.083 0.083 0.083 0.083 0.083 0.083 0.083 0.073 0.078 0.083 0.138 0.138 0.138 0.138 0.138 0.138 0.138 0.138 0.138 -9999.0 -9999.0 -9999.0 0.138 0.138 0.138 0.138 0.083 0.083 0.083 0.138 0.138 0.138
-9999.0 -9999.0 -9999.0 -9999.0 -9999.0 -9999.0 -9999.0 -9999.0 -9999.0 -9999.0 -9999.0 -9999.0 -9999.0 -9999.0 -9999.0 -9999.0 -9999.0 -9999.0 -9999.0 -9999.0 -9999.0 -9999.0 -9999.0 -9999.0 -9999.0 -9999.0 -9999.0 -9999.0 -9999.0 0.083 0.083 0.083 0.083 0.083 0.083 0.083 0.083 0.083 0.083 0.083 0.083 0.083 0.083 0.083 0.083 0.083 0.083 0.079 0.078 0.083 0.083 0.077 0.083 0.083 0.083 0.138 0.138 0.138 0.138 0.138 0.138 -9999.0 -9999.0 -9999.0 -9999.0 -9999.0 0.138 0.138 0.138 0.138 0.083 0.083 0.083 0.138 0.138
-9999.0 -9999.0 -9999.0 -9999.0 -9999.0 -9999.0 -9999.0 -9999.0 -9999.0 -9999.0 -9999.0 -9999.0 -9999.0 -9999.0 -9999.0 -9999.0 -9999.0 -9999.0 -9999.0 -9999.0 -9999.0 -9999.0 -9999.0 -9999.0 -9999.0 -9999.0 -9999.0 -9999.0 -9999.0 -9999.0 0.063 0.083 0.083 0.083 0.083 0.083 0.083 0.083 0.083 0.083 0.083 0.083 0.083 0.083 0.083 0.083 0.083 0.083 0.083 0.083 0.083 0.083 0.074 0.075 0.076 0.138 0.075 0.138 0.138 0.138 -9999.0 -9999.0 -9999.0 -9999.0 -9999.0 -9999.0 -9999.0 -9999.0 0.138 0.138 0.138 0.138 0.138 0.138 0.083
-9999.0 -9999.0 -9999.0 -9999.0 -9999.0 -9999.0 -9999.0 -9999.0 -9999.0 -9999.0 -9999.0 -9999.0 -9999.0 -9999.0 -9999.0 -9999.0 -9999.0 -9999.0 -9999.0 -9999.0 -9999.0 -9999.0 -9999.0 -9999.0 -9999.0 -9999.0 -9999.0 -9999.0 -9999.0 -9999.0 0.083 0.083 0.083 0.083 0.083 0.083 0.083 0.083 0.083 0.083 0.075 0.078 0.083 0.083 0.077 0.083 0.083 0.083 0.083 0.083 0.082 0.083 0.083 0.083 0.083 0.138 0.138 0.138 0.138 -9999.0 -9999.0 -9999.0 -9999.0 -9999.0 -9999.0 -9999.0 -9999.0 -9999.0 -9999.0 0.138 0.138 0.138 0.138 0.138 0.138
-9999.0 -9999.0 -9999.0 -9999.0 -9999.0 -9999.0 -9999.0 -9999.0 -9999.0 -9999.0 -9999.0 -9999.0 -9999.0 -9999.0 -9999.0 -9999.0 -9999.0 -9999.0 -9999.0 -9999.0 -9999.0 -9999.0 -9999.0 -9999.0 -9999.0 -9999.0 -9999.0 -9999.0 -9999.0 -9999.0 -9999.0 0.083 0.071 0.083 0.083 0.083 0.083 0.083 0.083 0.078 0.0 0.083 0.072 0.083 0.083 0.083 0.083 0.083 0.083 0.083 0.083 0.083 0.083 0.083 0.083 0.083 0.094 0.138 0.138 0.138 0.138 -9999.0 -9999.0 -9999.0 -9999.0 -9999.0 -9999.0 -9999.0 -9999.0 -9999.0 -9999.0 -9999.0 0.138 0.138 0.138
-9999.0 -9999.0 -9999.0 -9999.0 -9999.0 -9999.0 -9999.0 -9999.0 -9999.0 -9999.0 -9999.0 -9999.0 -9999.0 -9999.0 -9999.0 -9999.0 -9999.0 -9999.0 -9999.0 -9999.0 -9999.0 -9999.0 -9999.0 -9999.0 -9999.0 -9999.0 -9999.0 -9999.0 -9999.0 -9999.0 -9999.0 -9999.0 -9999.0 0.083 0.083 0.083 0.083 0.074 0.071 0.044 0.083 0.083 0.083 0.083 0.083 0.083 0.083 0.083 0.078 0.083 0.083 0.077 0.074 0.083 0.083 0.083 0.0 0.138 0.123 0.138 0.083 0.083 -9999.0 -9999.0 -9999.0 -9999.0 -9999.0 -9999.0 -9999.0 -9999.0 -9999.0 -9999.0 -9999.0 -9999.0 -9999.0
-9999.0 -9999.0 -9999.0 -9999.0 -9999.0 -9999.0 -9999.0 -9999.0 -9999.0 -9999.0 -9999.0 -9999.0 -9999.0 -9999.0 -9999.0 -9999.0 -9999.0 -9999.0 -9999.0 -9999.0 -9999.0 -9999.0 -9999.0 -9999.0 -9999.0 -9999.0 -9999.0 -9999.0 -9999.0 -9999.0 -9999.0 -9999.0 -9999.0 0.073 0.083 0.073 0.083 0.075 0.057 0.083 0.083 0.083 0.083 0.083 0.083 0.083 0.083 0.083 0.083 0.083 0.083 0.083 0.078 0.083 0.083 0.083 0.083 0.083 0.138 0.138 0.138 0.083 0.083 -9999.0 -9999.0 -9999.0 -9999.0 -9999.0 -9999.0 -9999.0 -9999.0 -9999.0 -9999.0 -9999.0 -9999.0
-9999.0 -9999.0 -9999.0 -9999.0 -9999.0 -9999.0 -9999.0 -9999.0 -9999.0 -9999.0 -9999.0 -9999.0 -9999.0 -9999.0 -9999.0 -9999.0 -9999.0 -9999.0 -9999.0 -9999.0 -9999.0 -9999.0 -9999.0 -9999.0 -9999.0 -9999.0 -9999.0 -9999.0 -9999.0 -9999.0 -9999.0 -9999.0 -9999.0 -9999.0 -9999.0 -9999.0 -9999.0 -9999.0 0.056 0.083 0.083 0.083 0.083 0.083 0.083 0.083 0.083 0.083 0.083 0.083 0.083 0.079 0.083 0.083 0.072 0.083 0.083 0.083 0.083 0.138 0.138 0.138 0.083 0.083 -9999.0 -9999.0 -9999.0 -9999.0 -9999.0 -9999.0 -9999.0 -9999.0 -9999.0 -9999.0 -9999.0
-9999.0 -9999.0 -9999.0 -9999.0 -9999.0 -9999.0 -9999.0 -9999.0 -9999.0 -9999.0 -9999.0 -9999.0 -9999.0 -9999.0 -9999.0 -9999.0 -9999.0 -9999.0 -9999.0 -9999.0 -9999.0 -9999.0 -9999.0 -9999.0 -9999.0 -9999.0 -9999.0 -9999.0 -9999.0 -9999.0 -9999.0 -9999.0 -9999.0 -9999.0 -9999.0 -9999.0 -9999.0 -9999.0 -9999.0 -9999.0 0.083 0.083 0.083 0.083 0.083 0.083 0.083 0.083 0.083 0.083 0.083 0.08 0.083 0.077 0.083 0.083 0.083 0.083 0.083 0.138 0.138 0.138 0.083 0.083 0.074 0.083 -9999.0 -9999.0 -9999.0 -9999.0 -9999.0 -9999.0 -9999.0 -9999.0 -9999.0
