static/jobfarm/user_models/minyf/common/HOME-GBHM/输出文件/Output/Grids/GWst20020224.asc
ncols 221
nrows 204
xllcorner -627000.0
yllcorner 3955000.0
cellsize 900.0
NODATA_value -9999.0
[rows 66 to 98 of 204, columns 0 to 74 of 221]
-9999.0 -9999.0 -9999.0 -9999.0 -9999.0 -9999.0 -9999.0 -9999.0 -9999.0 -9999.0 -9999.0 -9999.0 0.079 0.0 0.0 0.083 0.083 0.0 0.083 0.031 0.083 0.068 0.034 0.062 0.083 0.081 0.083 0.083 0.082 0.083 0.077 0.083 0.083 0.073 0.083 0.083 0.065 0.083 0.083 0.063 0.072 0.083 0.083 0.083 0.075 0.077 0.073 0.082 0.069 0.078 0.083 0.083 0.083 0.083 0.083 0.083 0.083 0.083 0.083 0.083 0.073 0.083 0.066 0.083 0.083 0.077 0.083 0.083 0.083 0.072 0.083 0.083 0.083 0.082 0.077
-9999.0 -9999.0 -9999.0 -9999.0 -9999.0 -9999.0 -9999.0 -9999.0 -9999.0 -9999.0 -9999.0 -9999.0 0.083 0.081 0.0 0.083 0.083 0.083 0.083 0.031 0.083 0.083 0.083 0.083 0.08 0.083 0.083 0.083 0.081 0.083 0.077 0.083 0.074 0.081 0.078 0.0 0.083 0.065 0.023 0.083 0.0 0.049 0.071 0.071 0.077 0.075 0.073 0.075 0.08 0.076 0.083 0.083 0.0 0.08 0.083 0.083 0.083 0.083 0.083 0.083 0.083 0.083 0.076 0.073 0.083 0.083 0.083 0.083 0.083 0.083 0.083 0.083 0.083 0.082 0.083
-9999.0 -9999.0 -9999.0 -9999.0 -9999.0 -9999.0 -9999.0 -9999.0 -9999.0 -9999.0 -9999.0 -9999.0 0.083 0.082 0.0 0.083 0.083 0.083 0.075 0.074 0.083 0.083 0.083 0.083 0.081 0.083 0.083 0.083 0.083 0.083 0.079 0.079 0.081 0.081 0.075 0.083 0.066 0.06 0.022 0.003 0.0 0.0 0.051 0.073 0.048 0.083 0.061 0.083 0.083 0.077 0.083 0.083 0.083 0.083 0.083 0.083 0.083 0.083 0.083 0.083 0.083 0.071 0.081 0.083 0.083 0.072 0.083 0.083 0.083 0.083 0.083 0.083 0.082 0.08 0.081
-9999.0 -9999.0 -9999.0 -9999.0 -9999.0 -9999.0 -9999.0 -9999.0 -9999.0 -9999.0 -9999.0 -9999.0 0.083 0.081 0.081 0.083 0.083 0.083 0.07 0.083 0.083 0.076 0.083 0.083 0.082 0.081 0.083 0.083 0.083 0.083 0.082 0.083 0.081 0.079 0.079 0.083 0.066 0.077 0.052 0.059 0.047 0.061 0.071 0.067 0.072 0.053 0.082 0.083 0.06 0.08 0.079 0.08 0.083 0.083 0.083 0.083 0.083 0.083 0.083 0.083 0.083 0.083 0.083 0.083 0.083 0.073 0.083 0.083 0.083 0.083 0.083 0.083 0.024 0.083 0.076
-9999.0 -9999.0 -9999.0 -9999.0 -9999.0 -9999.0 -9999.0 -9999.0 -9999.0 -9999.0 -9999.0 -9999.0 -9999.0 0.081 0.064 0.081 0.0 0.081 0.083 0.076 0.072 0.083 0.083 0.083 0.083 0.083 0.083 0.077 0.083 0.083 0.083 0.083 0.083 0.083 0.083 0.083 0.064 0.06 0.06 0.063 0.047 0.065 0.0 0.0 0.072 0.072 0.081 0.077 0.077 0.082 0.083 0.081 0.067 0.083 0.083 0.083 0.083 0.083 0.083 0.083 0.083 0.083 0.083 0.072 0.083 0.083 0.083 0.083 0.083 0.075 0.083 0.083 0.083 0.083 0.083
-9999.0 -9999.0 -9999.0 -9999.0 -9999.0 -9999.0 -9999.0 -9999.0 -9999.0 -9999.0 -9999.0 -9999.0 -9999.0 -9999.0 -9999.0 0.081 0.0 0.083 0.078 0.083 0.078 0.072 0.083 0.083 0.083 0.083 0.083 0.083 0.083 0.083 0.083 0.083 0.083 0.083 0.083 0.083 0.061 0.061 0.055 0.045 0.054 0.069 0.0 0.0 0.012 0.074 0.079 0.072 0.083 0.0 0.069 0.065 0.082 0.083 0.083 0.083 0.082 0.083 0.083 0.083 0.083 0.083 0.083 0.083 0.083 0.083 0.083 0.083 0.083 0.083 0.083 0.083 0.082 0.072 0.071
-9999.0 -9999.0 -9999.0 -9999.0 -9999.0 -9999.0 -9999.0 -9999.0 -9999.0 -9999.0 -9999.0 -9999.0 -9999.0 -9999.0 -9999.0 0.083 0.083 0.083 0.083 0.082 0.083 0.083 0.082 0.083 0.08 0.083 0.0 0.083 0.083 0.083 0.083 0.078 0.083 0.063 0.081 0.08 0.083 0.058 0.081 0.0 0.075 0.064 0.0 0.0 0.0 0.054 0.05 0.052 0.071 0.068 0.0 0.071 0.041 0.083 0.083 0.083 0.083 0.083 0.083 0.083 0.083 0.075 0.073 0.082 0.08 0.083 0.083 0.083 0.083 0.083 0.083 0.083 0.081 0.083 0.079
-9999.0 -9999.0 -9999.0 -9999.0 -9999.0 -9999.0 -9999.0 -9999.0 -9999.0 -9999.0 -9999.0 -9999.0 -9999.0 -9999.0 -9999.0 -9999.0 0.083 0.083 0.083 0.083 0.083 0.083 0.083 0.083 0.083 0.083 0.083 0.083 0.083 0.0 0.083 0.0 0.077 0.0 0.0 0.063 0.083 0.058 0.083 0.049 0.083 0.0 0.0 0.083 0.083 0.078 0.0 0.052 0.075 0.072 0.05 0.0 0.0 0.078 0.07 0.083 0.083 0.083 0.083 0.083 0.083 0.083 0.083 0.083 0.083 0.083 0.083 0.083 0.083 0.083 0.083 0.083 0.078 0.082 0.081
-9999.0 -9999.0 -9999.0 -9999.0 -9999.0 -9999.0 -9999.0 -9999.0 -9999.0 -9999.0 -9999.0 -9999.0 -9999.0 -9999.0 -9999.0 0.018 0.083 0.083 -9999.0 0.083 0.083 0.083 0.083 0.083 0.083 0.068 0.083 0.083 0.0 0.0 0.0 0.0 0.075 0.0 0.06 0.0 0.083 0.057 0.052 0.075 0.063 0.071 0.012 0.0 0.062 0.0 0.041 0.046 0.066 0.071 0.073 0.082 0.082 0.0 0.0 0.076 0.083 0.083 0.083 0.083 0.083 0.083 0.083 0.083 0.083 0.083 0.083 0.083 0.083 0.083 0.083 0.083 0.081 0.083 0.083
-9999.0 -9999.0 -9999.0 -9999.0 -9999.0 -9999.0 -9999.0 -9999.0 -9999.0 -9999.0 -9999.0 -9999.0 -9999.0 -9999.0 -9999.0 -9999.0 -9999.0 -9999.0 -9999.0 0.083 0.083 0.083 0.083 0.083 0.083 0.083 0.083 0.083 0.0 0.0 0.0 0.0 0.07 0.0 0.083 0.0 0.083 0.083 0.073 0.077 0.0 0.0 0.0 0.0 0.0 0.0 0.0 0.04 0.06 0.079 0.078 0.08 0.061 0.0 0.0 0.0 0.0 0.03 0.0 0.076 0.083 0.083 0.083 0.083 0.083 0.083 0.083 0.083 0.083 0.083 0.083 0.083 0.083 0.08 0.08
-9999.0 -9999.0 -9999.0 -9999.0 -9999.0 -9999.0 -9999.0 -9999.0 -9999.0 -9999.0 -9999.0 -9999.0 -9999.0 -9999.0 -9999.0 -9999.0 -9999.0 -9999.0 0.083 0.083 0.083 0.083 0.083 0.083 0.083 0.083 0.0 0.0 0.0 0.0 0.0 0.0 0.0 0.0 0.0 0.06 0.083 0.083 0.081 0.073 0.076 0.082 0.053 0.083 0.0 0.0 0.0 0.0 0.055 0.078 0.0 0.08 0.044 0.083 0.075 0.0 0.069 0.078 0.083 0.0 0.083 0.083 0.073 0.083 0.083 0.083 0.083 0.083 0.083 0.0 0.083 0.083 0.08 0.078 0.082
-9999.0 -9999.0 -9999.0 -9999.0 -9999.0 -9999.0 -9999.0 -9999.0 -9999.0 -9999.0 -9999.0 -9999.0 -9999.0 -9999.0 -9999.0 -9999.0 -9999.0 -9999.0 -9999.0 0.083 0.083 0.083 0.083 0.083 0.083 0.083 0.0 0.061 0.0 0.0 0.0 0.0 0.0 0.0 0.074 0.07 0.083 0.083 0.083 0.073 0.071 0.074 0.059 0.048 0.0 0.0 0.075 0.0 0.005 0.0 0.0 0.082 0.079 0.071 0.083 0.066 0.037 0.078 0.067 0.0 0.068 0.069 0.083 0.083 0.083 0.074 0.083 0.083 0.083 0.0 0.0 0.0 0.08 0.077 0.082
-9999.0 -9999.0 -9999.0 -9999.0 -9999.0 -9999.0 -9999.0 -9999.0 -9999.0 -9999.0 -9999.0 -9999.0 -9999.0 -9999.0 -9999.0 -9999.0 -9999.0 -9999.0 0.083 0.08 0.083 0.083 0.083 0.083 0.083 0.083 0.0 0.0 0.032 0.0 0.0 0.0 0.0 0.083 0.0 0.035 0.004 0.083 0.083 0.083 0.083 0.058 0.083 0.082 0.083 0.08 0.045 0.0 0.0 0.0 0.0 0.039 0.0 0.0 0.083 0.039 0.077 0.067 0.067 0.083 0.083 0.066 0.064 0.0 0.079 0.077 0.078 0.076 0.039 0.083 0.0 0.039 0.054 0.048 0.047
-9999.0 -9999.0 -9999.0 -9999.0 -9999.0 -9999.0 -9999.0 -9999.0 -9999.0 -9999.0 -9999.0 -9999.0 -9999.0 -9999.0 -9999.0 -9999.0 -9999.0 -9999.0 0.083 0.083 0.083 0.083 0.083 0.069 0.0 0.006 0.0 0.0 0.033 0.083 0.0 0.083 0.0 0.0 0.0 0.0 0.0 0.082 0.081 0.082 0.083 0.08 0.083 0.083 0.083 0.08 0.023 0.083 0.069 0.0 0.0 0.0 0.0 0.0 0.068 0.083 0.064 0.083 0.044 0.05 0.083 0.076 0.083 0.083 0.069 0.055 0.073 0.074 0.038 0.083 0.083 0.083 0.078 0.073 0.083
-9999.0 -9999.0 -9999.0 -9999.0 -9999.0 -9999.0 -9999.0 -9999.0 -9999.0 -9999.0 -9999.0 -9999.0 -9999.0 -9999.0 -9999.0 -9999.0 -9999.0 0.083 0.077 0.078 0.083 0.076 0.083 0.083 0.0 0.0 0.0 0.0 0.0 0.0 0.0 0.0 0.0 0.0 0.0 0.0 0.0 0.046 0.037 0.082 0.069 0.0 0.083 0.083 0.083 0.05 0.074 0.083 0.029 0.0 0.0 0.0 0.0 0.0 0.075 0.083 0.027 0.083 0.064 0.07 0.014 0.0 0.056 0.083 0.081 0.0 0.059 0.073 0.031 0.074 0.083 0.083 0.079 0.083 0.08
-9999.0 -9999.0 -9999.0 -9999.0 -9999.0 -9999.0 -9999.0 -9999.0 -9999.0 -9999.0 -9999.0 -9999.0 -9999.0 -9999.0 -9999.0 -9999.0 -9999.0 -9999.0 0.083 -9999.0 0.08 0.079 0.083 0.083 0.0 0.0 0.0 0.083 0.0 0.0 0.0 0.0 0.0 0.0 0.0 0.0 0.0 0.043 0.0 0.083 0.0 0.07 0.083 0.083 0.083 0.066 0.077 0.083 0.035 0.0 0.0 0.0 0.0 0.083 0.065 0.066 0.0 0.067 0.083 0.083 0.071 0.0 0.055 0.06 0.0 0.055 0.072 0.047 0.075 0.077 0.083 0.083 0.083 0.083 0.083
-9999.0 -9999.0 -9999.0 -9999.0 -9999.0 -9999.0 -9999.0 -9999.0 -9999.0 -9999.0 -9999.0 -9999.0 -9999.0 -9999.0 -9999.0 -9999.0 -9999.0 -9999.0 -9999.0 -9999.0 -9999.0 0.08 0.08 0.081 0.0 0.037 0.0 0.0 0.032 0.0 0.0 0.0 0.0 0.0 0.0 0.0 0.0 0.071 0.078 0.035 0.0 0.083 0.083 0.083 0.082 0.083 0.083 0.083 0.0 0.0 0.0 0.0 0.075 0.0 0.0 0.0 0.083 0.083 0.076 0.062 0.07 0.071 0.0 0.0 0.067 0.065 0.071 0.069 0.082 0.077 0.08 0.083 0.083 0.083 0.078
-9999.0 -9999.0 -9999.0 -9999.0 -9999.0 -9999.0 -9999.0 -9999.0 -9999.0 -9999.0 -9999.0 -9999.0 -9999.0 -9999.0 -9999.0 -9999.0 -9999.0 -9999.0 -9999.0 -9999.0 -9999.0 -9999.0 -9999.0 0.081 0.0 0.0 0.0 0.0 0.0 0.0 0.0 0.0 0.0 0.0 0.0 0.0 0.0 0.0 0.0 0.0 0.06 0.0 0.083 0.083 0.083 0.083 0.07 0.083 0.0 0.083 0.055 0.0 0.0 0.015 0.0 0.083 0.083 0.0 0.0 0.083 0.0 0.064 0.0 0.0 0.07 0.069 0.036 0.034 0.034 0.035 0.078 0.083 0.083 0.072 0.08
-9999.0 -9999.0 -9999.0 -9999.0 -9999.0 -9999.0 -9999.0 -9999.0 -9999.0 -9999.0 -9999.0 -9999.0 -9999.0 -9999.0 -9999.0 -9999.0 -9999.0 -9999.0 -9999.0 -9999.0 -9999.0 -9999.0 -9999.0 -9999.0 0.079 0.083 0.075 0.082 0.071 0.067 0.0 0.0 0.0 0.064 0.0 0.083 0.0 0.0 0.0 0.0 0.0 0.0 0.0 0.0 0.038 0.005 0.062 0.065 0.083 0.083 0.064 0.0 0.062 0.083 0.061 0.083 0.083 0.0 0.0 0.0 0.0 0.083 0.0 0.0 0.0 0.0 0.026 0.038 0.042 0.083 0.083 0.0 0.0 0.083 0.083
-9999.0 -9999.0 -9999.0 -9999.0 -9999.0 -9999.0 -9999.0 -9999.0 -9999.0 -9999.0 -9999.0 -9999.0 -9999.0 -9999.0 -9999.0 -9999.0 -9999.0 -9999.0 -9999.0 -9999.0 -9999.0 -9999.0 -9999.0 -9999.0 0.08 0.083 0.083 0.078 0.0 0.0 0.0 0.0 0.0 0.0 0.0 0.077 0.083 0.0 0.0 0.0 0.0 0.0 0.04 0.0 0.0 0.041 0.041 0.037 0.083 0.0 0.0 0.067 0.083 0.083 0.054 0.083 0.083 0.0 0.057 0.0 0.0 0.0 0.0 0.0 0.0 0.083 0.012 0.043 0.043 0.083 0.08 0.0 0.0 0.0 0.076
-9999.0 -9999.0 -9999.0 -9999.0 -9999.0 -9999.0 -9999.0 -9999.0 -9999.0 -9999.0 -9999.0 -9999.0 -9999.0 -9999.0 -9999.0 -9999.0 -9999.0 -9999.0 -9999.0 -9999.0 -9999.0 -9999.0 -9999.0 -9999.0 -9999.0 0.083 0.081 0.0 0.0 0.074 0.066 0.066 0.0 0.0 0.0 0.062 0.083 0.083 0.0 0.0 0.032 0.0 0.0 0.083 0.083 0.083 0.083 0.043 0.083 0.083 0.083 0.083 0.056 0.083 0.0 0.0 0.054 0.081 0.083 0.0 0.083 0.0 0.031 0.063 0.0 0.0 0.024 0.078 0.083 0.083 0.046 0.0 0.0 0.083 0.0
-9999.0 -9999.0 -9999.0 -9999.0 -9999.0 -9999.0 -9999.0 -9999.0 -9999.0 -9999.0 -9999.0 -9999.0 -9999.0 -9999.0 -9999.0 -9999.0 -9999.0 -9999.0 -9999.0 -9999.0 -9999.0 -9999.0 -9999.0 -9999.0 -9999.0 0.083 0.077 0.0 0.08 0.078 0.066 0.067 0.0 0.059 0.0 0.068 0.0 0.0 0.0 0.0 0.0 0.0 0.0 0.083 0.083 0.083 0.083 0.083 0.083 0.083 0.083 0.083 0.083 0.024 0.069 0.054 0.059 0.072 0.0 0.061 0.046 0.0 0.083 0.0 0.083 0.0 0.083 0.083 0.027 0.031 0.058 0.0 0.0 0.083 0.083
-9999.0 -9999.0 -9999.0 -9999.0 -9999.0 -9999.0 -9999.0 -9999.0 -9999.0 -9999.0 -9999.0 -9999.0 -9999.0 -9999.0 -9999.0 -9999.0 -9999.0 -9999.0 -9999.0 -9999.0 -9999.0 -9999.0 -9999.0 -9999.0 -9999.0 -9999.0 0.082 0.082 -9999.0 -9999.0 0.066 0.0 0.062 0.044 0.043 0.038 0.0 0.0 0.0 0.0 0.0 0.0 0.0 0.083 0.083 0.083 0.083 0.083 0.083 0.083 0.083 0.083 0.046 0.059 0.077 0.076 0.0 0.083 0.083 0.08 0.047 0.0 0.083 0.0 0.034 0.003 0.013 0.083 0.083 0.045 0.039 0.0 0.083 0.083 0.083
-9999.0 -9999.0 -9999.0 -9999.0 -9999.0 -9999.0 -9999.0 -9999.0 -9999.0 -9999.0 -9999.0 -9999.0 -9999.0 -9999.0 -9999.0 -9999.0 -9999.0 -9999.0 -9999.0 -9999.0 -9999.0 -9999.0 -9999.0 -9999.0 -9999.0 -9999.0 -9999.0 -9999.0 -9999.0 -9999.0 0.082 0.077 0.075 0.083 0.0 0.0 0.0 0.0 0.0 0.0 0.0 0.0 0.0 0.083 0.083 0.083 0.083 0.083 0.083 0.083 0.081 0.059 0.083 0.083 0.063 0.06 0.056 0.083 0.083 0.08 0.083 0.028 0.0 0.077 0.083 0.002 0.043 0.08 0.078 0.078 0.083 0.083 0.083 0.083 0.083
-9999.0 -9999.0 -9999.0 -9999.0 -9999.0 -9999.0 -9999.0 -9999.0 -9999.0 -9999.0 -9999.0 -9999.0 -9999.0 -9999.0 -9999.0 -9999.0 -9999.0 -9999.0 -9999.0 -9999.0 -9999.0 -9999.0 -9999.0 -9999.0 -9999.0 -9999.0 -9999.0 -9999.0 -9999.0 0.083 0.069 0.065 0.083 0.08 0.048 0.083 0.083 0.083 0.083 0.0 0.083 0.083 0.0 0.083 0.083 0.083 0.083 0.083 0.083 0.079 0.083 0.083 0.054 0.083 0.083 0.067 0.0 0.058 0.076 0.076 0.073 0.0 0.0 0.058 0.075 0.037 0.076 0.075 0.081 0.08 0.082 0.083 0.083 0.083 0.083
-9999.0 -9999.0 -9999.0 -9999.0 -9999.0 -9999.0 -9999.0 -9999.0 -9999.0 -9999.0 -9999.0 -9999.0 -9999.0 -9999.0 -9999.0 -9999.0 -9999.0 -9999.0 -9999.0 -9999.0 -9999.0 -9999.0 -9999.0 -9999.0 -9999.0 -9999.0 -9999.0 -9999.0 0.083 0.083 0.068 0.067 0.083 0.049 0.061 0.032 0.083 0.083 0.083 0.082 0.083 0.083 0.083 0.083 0.083 0.083 0.0 0.0 0.083 0.083 0.083 0.083 0.083 0.083 0.083 0.083 0.0 0.083 0.083 0.077 0.078 0.0 0.0 0.083 0.078 0.083 0.079 0.081 0.076 0.082 0.083 0.083 0.083 0.083 0.083
-9999.0 -9999.0 -9999.0 -9999.0 -9999.0 -9999.0 -9999.0 -9999.0 -9999.0 -9999.0 -9999.0 -9999.0 -9999.0 -9999.0 -9999.0 -9999.0 -9999.0 -9999.0 -9999.0 -9999.0 -9999.0 -9999.0 -9999.0 -9999.0 -9999.0 -9999.0 -9999.0 -9999.0 0.083 0.083 0.083 0.083 0.0 0.063 0.0 0.001 0.083 0.083 0.083 0.08 0.083 0.08 0.083 0.083 0.083 0.0 0.0 0.0 0.083 0.083 0.083 0.083 0.081 0.077 0.083 0.071 0.006 0.083 0.082 0.048 0.083 0.083 0.083 0.083 0.073 0.075 0.079 0.081 0.083 0.083 0.083 0.083 0.083 0.083 0.083
-9999.0 -9999.0 -9999.0 -9999.0 -9999.0 -9999.0 -9999.0 -9999.0 -9999.0 -9999.0 -9999.0 -9999.0 -9999.0 -9999.0 -9999.0 -9999.0 -9999.0 -9999.0 -9999.0 -9999.0 -9999.0 -9999.0 -9999.0 -9999.0 -9999.0 -9999.0 -9999.0 0.083 0.083 0.083 0.083 0.0 0.083 0.0 0.0 0.083 0.082 0.082 0.083 0.083 0.081 0.082 0.083 0.083 0.083 0.0 0.0 0.0 0.083 0.083 0.083 0.083 0.079 0.083 0.077 0.069 0.0 0.083 0.083 0.083 0.083 0.071 0.071 0.083 0.083 0.075 0.078 0.083 0.074 0.082 0.083 0.075 0.083 0.083 0.083
-9999.0 -9999.0 -9999.0 -9999.0 -9999.0 -9999.0 -9999.0 -9999.0 -9999.0 -9999.0 -9999.0 -9999.0 -9999.0 -9999.0 -9999.0 -9999.0 -9999.0 -9999.0 -9999.0 -9999.0 -9999.0 -9999.0 -9999.0 -9999.0 -9999.0 -9999.0 -9999.0 -9999.0 0.083 0.083 0.083 0.083 0.0 0.0 0.0 0.0 0.083 0.083 0.083 0.074 0.083 0.083 0.083 0.0 0.047 0.0 0.0 0.024 0.0 0.083 0.083 0.083 0.0 0.075 0.083 0.083 0.083 0.083 0.083 0.055 0.0 0.078 0.076 0.083 0.078 0.081 0.083 0.083 0.058 0.079 0.078 0.078 0.083 0.083 0.083
-9999.0 -9999.0 -9999.0 -9999.0 -9999.0 -9999.0 -9999.0 -9999.0 -9999.0 -9999.0 -9999.0 -9999.0 -9999.0 -9999.0 -9999.0 -9999.0 -9999.0 -9999.0 -9999.0 -9999.0 -9999.0 -9999.0 -9999.0 -9999.0 -9999.0 -9999.0 -9999.0 -9999.0 0.083 0.083 0.066 0.036 0.08 0.009 0.069 0.0 0.083 0.083 0.0 0.083 0.083 0.083 0.0 0.0 0.0 0.0 0.036 0.0 0.042 0.065 0.083 0.083 0.0 0.082 0.083 0.083 0.083 0.083 0.075 0.083 0.0 0.076 0.076 0.083 0.083 0.083 0.083 0.077 0.078 0.08 0.079 0.083 0.083 0.083 0.083
-9999.0 -9999.0 -9999.0 -9999.0 -9999.0 -9999.0 -9999.0 -9999.0 -9999.0 -9999.0 -9999.0 -9999.0 -9999.0 -9999.0 -9999.0 -9999.0 -9999.0 -9999.0 -9999.0 -9999.0 -9999.0 -9999.0 -9999.0 -9999.0 -9999.0 -9999.0 -9999.0 -9999.0 0.083 0.083 0.083 0.0 0.0 0.049 0.083 0.0 0.0 0.043 0.0 0.038 0.038 0.018 0.034 0.0 0.0 0.0 0.0 0.0 0.083 0.083 0.083 0.0 0.0 0.083 0.083 0.083 0.083 0.083 0.083 0.0 0.029 0.068 0.081 0.061 0.077 0.083 0.083 0.083 0.073 0.075 0.083 0.081 0.083 0.083 0.083
-9999.0 -9999.0 -9999.0 -9999.0 -9999.0 -9999.0 -9999.0 -9999.0 -9999.0 -9999.0 -9999.0 -9999.0 -9999.0 -9999.0 -9999.0 -9999.0 -9999.0 -9999.0 -9999.0 -9999.0 -9999.0 -9999.0 -9999.0 -9999.0 -9999.0 -9999.0 -9999.0 0.083 0.083 0.083 0.083 0.053 0.083 0.0 0.069 0.0 0.0 0.018 0.0 0.0 0.045 0.036 0.026 0.047 0.047 0.0 0.083 0.083 0.083 0.083 0.0 0.0 0.083 0.0 0.083 0.083 0.083 0.083 0.083 0.032 0.07 0.047 0.081 0.078 0.08 0.083 0.083 0.083 0.072 0.077 0.076 0.078 0.083 0.083 0.083
-9999.0 -9999.0 -9999.0 -9999.0 -9999.0 -9999.0 -9999.0 -9999.0 -9999.0 -9999.0 -9999.0 -9999.0 -9999.0 -9999.0 -9999.0 -9999.0 -9999.0 -9999.0 -9999.0 -9999.0 -9999.0 -9999.0 -9999.0 -9999.0 -9999.0 -9999.0 -9999.0 0.083 0.083 0.083 0.083 0.053 0.083 0.0 0.0 0.053 0.0 0.0 0.059 0.083 0.018 0.048 0.046 0.047 0.047 0.0 0.083 0.083 0.0 0.083 0.044 0.0 0.069 0.0 0.0 0.072 0.083 0.081 0.083 0.074 0.059 0.083 0.08 0.083 0.083 0.083 0.083 0.076 0.083 0.075 0.076 0.077 0.083 0.079 0.083
