static/jobfarm/user_models/minyf/common/HOME-GBHM/输出文件/Output/Grids/GWst20020225.asc
ncols 221
nrows 204
xllcorner -627000.0
yllcorner 3955000.0
cellsize 900.0
NODATA_value -9999.0
[rows 66 to 98 of 204, columns 0 to 73 of 221]
-9999.0 -9999.0 -9999.0 -9999.0 -9999.0 -9999.0 -9999.0 -9999.0 -9999.0 -9999.0 -9999.0 -9999.0 0.061 0.0 0.0 0.083 0.083 0.083 0.083 0.083 0.083 0.083 0.083 0.081 0.083 0.082 0.083 0.083 0.083 0.083 0.08 0.083 0.083 0.072 0.083 0.083 0.063 0.083 0.083 0.061 0.071 0.083 0.083 0.082 0.075 0.077 0.072 0.082 0.069 0.078 0.083 0.083 0.083 0.0 0.0 0.083 0.083 0.083 0.083 0.083 0.073 0.083 0.066 0.083 0.083 0.077 0.083 0.083 0.083 0.072 0.083 0.083 0.083 0.082
-9999.0 -9999.0 -9999.0 -9999.0 -9999.0 -9999.0 -9999.0 -9999.0 -9999.0 -9999.0 -9999.0 -9999.0 0.077 0.081 0.0 0.083 0.083 0.083 0.083 0.083 0.083 0.083 0.083 0.081 0.083 0.083 0.083 0.083 0.083 0.083 0.077 0.083 0.073 0.08 0.076 0.0 0.083 0.058 0.082 0.083 0.051 0.047 0.069 0.071 0.075 0.074 0.071 0.073 0.079 0.076 0.083 0.082 0.0 0.062 0.083 0.083 0.083 0.083 0.083 0.083 0.083 0.083 0.076 0.073 0.083 0.083 0.083 0.083 0.083 0.083 0.083 0.083 0.083 0.082
-9999.0 -9999.0 -9999.0 -9999.0 -9999.0 -9999.0 -9999.0 -9999.0 -9999.0 -9999.0 -9999.0 -9999.0 0.083 0.082 0.0 0.083 0.083 0.083 0.083 0.079 0.083 0.083 0.083 0.083 0.082 0.083 0.083 0.083 0.083 0.083 0.078 0.078 0.081 0.08 0.073 0.083 0.065 0.047 0.072 0.06 0.054 0.083 0.049 0.069 0.049 0.082 0.058 0.083 0.083 0.076 0.083 0.0 0.083 0.083 0.083 0.083 0.083 0.083 0.083 0.083 0.083 0.071 0.081 0.083 0.083 0.072 0.083 0.083 0.083 0.083 0.083 0.083 0.082 0.08
-9999.0 -9999.0 -9999.0 -9999.0 -9999.0 -9999.0 -9999.0 -9999.0 -9999.0 -9999.0 -9999.0 -9999.0 0.077 0.081 0.081 0.083 0.083 0.083 0.074 0.083 0.083 0.083 0.083 0.083 0.082 0.081 0.083 0.083 0.083 0.083 0.081 0.083 0.081 0.078 0.078 0.083 0.065 0.075 0.041 0.06 0.048 0.083 0.067 0.058 0.067 0.049 0.083 0.082 0.057 0.081 0.078 0.079 0.083 0.083 0.083 0.083 0.083 0.083 0.083 0.083 0.083 0.083 0.083 0.083 0.083 0.073 0.083 0.083 0.083 0.083 0.083 0.083 0.024 0.083
-9999.0 -9999.0 -9999.0 -9999.0 -9999.0 -9999.0 -9999.0 -9999.0 -9999.0 -9999.0 -9999.0 -9999.0 -9999.0 0.081 0.064 0.081 0.0 0.081 0.083 0.083 0.083 0.083 0.083 0.083 0.083 0.083 0.083 0.077 0.083 0.083 0.083 0.083 0.083 0.083 0.083 0.083 0.063 0.057 0.058 0.061 0.048 0.061 0.083 0.0 0.069 0.068 0.081 0.069 0.069 0.083 0.083 0.081 0.064 0.083 0.083 0.083 0.083 0.083 0.083 0.083 0.083 0.083 0.083 0.072 0.083 0.083 0.083 0.083 0.083 0.075 0.083 0.083 0.083 0.083
-9999.0 -9999.0 -9999.0 -9999.0 -9999.0 -9999.0 -9999.0 -9999.0 -9999.0 -9999.0 -9999.0 -9999.0 -9999.0 -9999.0 -9999.0 0.081 0.0 0.083 0.083 0.073 0.078 0.083 0.083 0.083 0.083 0.083 0.083 0.083 0.083 0.083 0.083 0.083 0.083 0.083 0.083 0.083 0.058 0.059 0.053 0.047 0.052 0.056 0.0 0.083 0.062 0.07 0.076 0.064 0.065 0.074 0.065 0.063 0.067 0.083 0.083 0.083 0.082 0.083 0.083 0.083 0.083 0.083 0.083 0.083 0.083 0.083 0.083 0.083 0.083 0.083 0.083 0.083 0.082 0.072
-9999.0 -9999.0 -9999.0 -9999.0 -9999.0 -9999.0 -9999.0 -9999.0 -9999.0 -9999.0 -9999.0 -9999.0 -9999.0 -9999.0 -9999.0 0.083 0.083 0.083 0.083 0.083 0.083 0.083 0.057 0.083 0.083 0.083 0.0 0.083 0.056 0.0 0.083 0.083 0.083 0.07 0.064 0.064 0.083 0.054 0.083 0.071 0.071 0.059 0.083 0.0 0.062 0.049 0.043 0.048 0.065 0.068 0.053 0.058 0.027 0.083 0.083 0.083 0.083 0.083 0.083 0.083 0.083 0.076 0.073 0.082 0.08 0.083 0.083 0.083 0.083 0.083 0.083 0.083 0.081 0.083
-9999.0 -9999.0 -9999.0 -9999.0 -9999.0 -9999.0 -9999.0 -9999.0 -9999.0 -9999.0 -9999.0 -9999.0 -9999.0 -9999.0 -9999.0 -9999.0 0.0 0.083 0.083 0.083 0.083 0.083 0.083 0.083 0.083 0.083 0.083 0.083 0.0 0.0 0.083 0.005 0.083 0.0 0.002 0.069 0.083 0.054 0.083 0.049 0.083 0.0 0.0 0.083 0.083 0.07 0.083 0.048 0.016 0.065 0.035 0.08 0.083 0.078 0.075 0.083 0.083 0.083 0.083 0.083 0.083 0.083 0.083 0.083 0.083 0.083 0.083 0.083 0.083 0.083 0.083 0.083 0.078 0.082
-9999.0 -9999.0 -9999.0 -9999.0 -9999.0 -9999.0 -9999.0 -9999.0 -9999.0 -9999.0 -9999.0 -9999.0 -9999.0 -9999.0 -9999.0 0.07 0.083 0.083 -9999.0 0.083 0.083 0.083 0.083 0.083 0.083 0.068 0.0 0.083 0.0 0.0 0.0 0.0 0.083 0.0 0.06 0.0 0.083 0.052 0.049 0.071 0.047 0.064 0.067 0.076 0.053 0.0 0.055 0.057 0.058 0.056 0.061 0.068 0.083 0.083 0.083 0.073 0.082 0.083 0.083 0.083 0.083 0.083 0.083 0.083 0.083 0.083 0.083 0.083 0.083 0.083 0.083 0.083 0.081 0.083
-9999.0 -9999.0 -9999.0 -9999.0 -9999.0 -9999.0 -9999.0 -9999.0 -9999.0 -9999.0 -9999.0 -9999.0 -9999.0 -9999.0 -9999.0 -9999.0 -9999.0 -9999.0 -9999.0 0.083 0.083 0.083 0.083 0.083 0.083 0.056 0.0 0.0 0.0 0.0 0.0 0.0 0.07 0.0 0.068 0.0 0.083 0.083 0.069 0.073 0.0 0.0 0.083 0.083 0.083 0.0 0.044 0.035 0.046 0.066 0.076 0.079 0.074 0.06 0.083 0.083 0.083 0.083 0.083 0.065 0.083 0.083 0.083 0.083 0.083 0.083 0.083 0.083 0.083 0.083 0.083 0.083 0.083 0.08
-9999.0 -9999.0 -9999.0 -9999.0 -9999.0 -9999.0 -9999.0 -9999.0 -9999.0 -9999.0 -9999.0 -9999.0 -9999.0 -9999.0 -9999.0 -9999.0 -9999.0 -9999.0 0.083 0.083 0.083 0.083 0.083 0.083 0.083 0.083 0.0 0.016 0.0 0.0 0.0 0.0 0.0 0.0 0.0 0.06 0.083 0.083 0.077 0.068 0.072 0.083 0.059 0.068 0.083 0.083 0.0 0.083 0.042 0.044 0.083 0.079 0.054 0.083 0.066 0.044 0.065 0.072 0.083 0.04 0.083 0.083 0.073 0.083 0.083 0.083 0.083 0.083 0.083 0.0 0.083 0.083 0.08 0.078
-9999.0 -9999.0 -9999.0 -9999.0 -9999.0 -9999.0 -9999.0 -9999.0 -9999.0 -9999.0 -9999.0 -9999.0 -9999.0 -9999.0 -9999.0 -9999.0 -9999.0 -9999.0 -9999.0 0.083 0.083 0.083 0.083 0.083 0.0 0.0 0.0 0.063 0.0 0.0 0.0 0.0 0.0 0.0 0.074 0.07 0.083 0.083 0.083 0.069 0.066 0.069 0.059 0.044 0.0 0.083 0.062 0.083 0.082 0.083 0.083 0.076 0.074 0.057 0.083 0.063 0.071 0.068 0.062 0.065 0.053 0.054 0.083 0.083 0.082 0.074 0.083 0.083 0.083 0.0 0.0 0.0 0.08 0.077
-9999.0 -9999.0 -9999.0 -9999.0 -9999.0 -9999.0 -9999.0 -9999.0 -9999.0 -9999.0 -9999.0 -9999.0 -9999.0 -9999.0 -9999.0 -9999.0 -9999.0 -9999.0 0.074 0.071 0.083 0.083 0.043 0.083 0.0 0.0 0.0 0.0 0.032 0.0 0.0 0.0 0.0 0.083 0.0 0.035 0.0 0.083 0.083 0.083 0.083 0.058 0.083 0.08 0.083 0.073 0.035 0.083 0.083 0.083 0.083 0.042 0.083 0.083 0.066 0.036 0.073 0.051 0.063 0.083 0.083 0.061 0.06 0.018 0.058 0.077 0.078 0.076 0.056 0.083 0.055 0.055 0.004 0.0
-9999.0 -9999.0 -9999.0 -9999.0 -9999.0 -9999.0 -9999.0 -9999.0 -9999.0 -9999.0 -9999.0 -9999.0 -9999.0 -9999.0 -9999.0 -9999.0 -9999.0 -9999.0 0.074 0.041 0.083 0.083 0.0 0.068 0.0 0.054 0.0 0.0 0.033 0.083 0.0 0.083 0.0 0.0 0.0 0.0 0.0 0.083 0.083 0.083 0.083 0.079 0.083 0.083 0.083 0.073 0.047 0.083 0.059 0.083 0.083 0.083 0.083 0.083 0.066 0.065 0.058 0.075 0.079 0.017 0.083 0.055 0.083 0.051 0.057 0.057 0.073 0.074 0.052 0.083 0.083 0.083 0.03 0.073
-9999.0 -9999.0 -9999.0 -9999.0 -9999.0 -9999.0 -9999.0 -9999.0 -9999.0 -9999.0 -9999.0 -9999.0 -9999.0 -9999.0 -9999.0 -9999.0 -9999.0 0.083 0.078 0.079 0.083 0.053 0.0 0.0 0.0 0.0 0.0 0.0 0.0 0.0 0.0 0.0 0.0 0.0 0.0 0.0 0.0 0.046 0.037 0.082 0.069 0.0 0.083 0.083 0.083 0.048 0.066 0.083 0.033 0.083 0.083 0.083 0.083 0.083 0.067 0.083 0.083 0.078 0.062 0.057 0.022 0.059 0.057 0.082 0.077 0.042 0.044 0.073 0.052 0.074 0.083 0.083 0.079 0.083
-9999.0 -9999.0 -9999.0 -9999.0 -9999.0 -9999.0 -9999.0 -9999.0 -9999.0 -9999.0 -9999.0 -9999.0 -9999.0 -9999.0 -9999.0 -9999.0 -9999.0 -9999.0 0.083 -9999.0 0.074 0.074 0.016 0.0 0.0 0.0 0.0 0.083 0.0 0.0 0.0 0.0 0.0 0.0 0.0 0.0 0.0 0.043 0.0 0.083 0.0 0.07 0.083 0.083 0.083 0.049 0.071 0.083 0.041 0.08 0.083 0.083 0.083 0.061 0.06 0.06 0.083 0.064 0.083 0.079 0.059 0.055 0.045 0.046 0.075 0.045 0.057 0.0 0.075 0.077 0.083 0.083 0.083 0.083
-9999.0 -9999.0 -9999.0 -9999.0 -9999.0 -9999.0 -9999.0 -9999.0 -9999.0 -9999.0 -9999.0 -9999.0 -9999.0 -9999.0 -9999.0 -9999.0 -9999.0 -9999.0 -9999.0 -9999.0 -9999.0 0.074 0.01 0.011 0.0 0.069 0.0 0.0 0.032 0.0 0.0 0.0 0.0 0.0 0.0 0.0 0.0 0.071 0.077 0.02 0.0 0.083 0.083 0.083 0.083 0.083 0.083 0.083 0.083 0.083 0.083 0.083 0.062 0.083 0.083 0.083 0.083 0.08 0.062 0.06 0.058 0.057 0.083 0.047 0.053 0.058 0.053 0.051 0.082 0.077 0.08 0.083 0.083 0.083
-9999.0 -9999.0 -9999.0 -9999.0 -9999.0 -9999.0 -9999.0 -9999.0 -9999.0 -9999.0 -9999.0 -9999.0 -9999.0 -9999.0 -9999.0 -9999.0 -9999.0 -9999.0 -9999.0 -9999.0 -9999.0 -9999.0 -9999.0 0.011 0.0 0.017 0.021 0.0 0.0 0.0 0.0 0.0 0.0 0.0 0.0 0.0 0.0 0.0 0.0 0.0 0.06 0.0 0.083 0.083 0.083 0.083 0.056 0.083 0.083 0.082 0.033 0.083 0.083 0.012 0.0 0.083 0.083 0.0 0.0 0.0 0.017 0.057 0.083 0.083 0.048 0.048 0.021 0.021 0.02 0.019 0.078 0.083 0.083 0.072
-9999.0 -9999.0 -9999.0 -9999.0 -9999.0 -9999.0 -9999.0 -9999.0 -9999.0 -9999.0 -9999.0 -9999.0 -9999.0 -9999.0 -9999.0 -9999.0 -9999.0 -9999.0 -9999.0 -9999.0 -9999.0 -9999.0 -9999.0 -9999.0 0.078 0.064 0.072 0.083 0.071 0.067 0.0 0.0 0.0 0.064 0.0 0.083 0.0 0.0 0.0 0.0 0.0 0.0 0.0 0.0 0.01 0.005 0.062 0.068 0.083 0.083 0.056 0.083 0.039 0.083 0.057 0.04 0.083 0.083 0.083 0.083 0.083 0.026 0.083 0.083 0.066 0.063 0.014 0.025 0.023 0.078 0.083 0.0 0.0 0.083
-9999.0 -9999.0 -9999.0 -9999.0 -9999.0 -9999.0 -9999.0 -9999.0 -9999.0 -9999.0 -9999.0 -9999.0 -9999.0 -9999.0 -9999.0 -9999.0 -9999.0 -9999.0 -9999.0 -9999.0 -9999.0 -9999.0 -9999.0 -9999.0 0.078 0.082 0.081 0.076 0.0 0.0 0.0 0.0 0.0 0.0 0.0 0.06 0.0 0.0 0.0 0.0 0.0 0.0 0.016 0.0 0.0 0.015 0.015 0.02 0.083 0.083 0.083 0.064 0.083 0.083 0.05 0.083 0.083 0.019 0.046 0.042 0.083 0.083 0.083 0.01 0.073 0.06 0.005 0.024 0.024 0.083 0.08 0.0 0.0 0.0
-9999.0 -9999.0 -9999.0 -9999.0 -9999.0 -9999.0 -9999.0 -9999.0 -9999.0 -9999.0 -9999.0 -9999.0 -9999.0 -9999.0 -9999.0 -9999.0 -9999.0 -9999.0 -9999.0 -9999.0 -9999.0 -9999.0 -9999.0 -9999.0 -9999.0 0.083 0.074 0.0 0.0 0.074 0.066 0.066 0.0 0.0 0.0 0.062 0.0 0.0 0.0 0.0 0.032 0.0 0.0 0.083 0.083 0.083 0.083 0.043 0.083 0.083 0.083 0.083 0.059 0.083 0.076 0.041 0.05 0.063 0.072 0.083 0.07 0.083 0.027 0.049 0.083 0.083 0.027 0.078 0.083 0.083 0.027 0.0 0.0 0.083
-9999.0 -9999.0 -9999.0 -9999.0 -9999.0 -9999.0 -9999.0 -9999.0 -9999.0 -9999.0 -9999.0 -9999.0 -9999.0 -9999.0 -9999.0 -9999.0 -9999.0 -9999.0 -9999.0 -9999.0 -9999.0 -9999.0 -9999.0 -9999.0 -9999.0 0.083 0.077 0.0 0.075 0.078 0.066 0.067 0.0 0.059 0.0 0.068 0.0 0.0 0.0 0.0 0.0 0.0 0.0 0.083 0.083 0.083 0.0 0.0 0.083 0.083 0.083 0.083 0.083 0.083 0.064 0.05 0.057 0.063 0.083 0.049 0.012 0.012 0.028 0.083 0.061 0.039 0.083 0.083 0.031 0.028 0.045 0.0 0.0 0.083
-9999.0 -9999.0 -9999.0 -9999.0 -9999.0 -9999.0 -9999.0 -9999.0 -9999.0 -9999.0 -9999.0 -9999.0 -9999.0 -9999.0 -9999.0 -9999.0 -9999.0 -9999.0 -9999.0 -9999.0 -9999.0 -9999.0 -9999.0 -9999.0 -9999.0 -9999.0 0.078 0.081 -9999.0 -9999.0 0.066 0.0 0.062 0.044 0.043 0.038 0.0 0.0 0.0 0.0 0.0 0.0 0.0 0.083 0.0 0.0 0.0 0.0 0.083 0.083 0.083 0.083 0.083 0.071 0.067 0.066 0.02 0.083 0.079 0.062 0.01 0.021 0.021 0.083 0.022 0.043 0.003 0.083 0.083 0.027 0.017 0.0 0.083 0.083
-9999.0 -9999.0 -9999.0 -9999.0 -9999.0 -9999.0 -9999.0 -9999.0 -9999.0 -9999.0 -9999.0 -9999.0 -9999.0 -9999.0 -9999.0 -9999.0 -9999.0 -9999.0 -9999.0 -9999.0 -9999.0 -9999.0 -9999.0 -9999.0 -9999.0 -9999.0 -9999.0 -9999.0 -9999.0 -9999.0 0.081 0.072 0.073 0.082 0.0 0.0 0.0 0.0 0.0 0.0 0.0 0.0 0.0 0.083 0.0 0.0 0.083 0.083 0.083 0.083 0.081 0.056 0.083 0.083 0.061 0.057 0.048 0.083 0.058 0.062 0.024 0.024 0.083 0.077 0.011 0.042 0.024 0.08 0.078 0.078 0.083 0.083 0.083 0.083
-9999.0 -9999.0 -9999.0 -9999.0 -9999.0 -9999.0 -9999.0 -9999.0 -9999.0 -9999.0 -9999.0 -9999.0 -9999.0 -9999.0 -9999.0 -9999.0 -9999.0 -9999.0 -9999.0 -9999.0 -9999.0 -9999.0 -9999.0 -9999.0 -9999.0 -9999.0 -9999.0 -9999.0 -9999.0 0.083 0.071 0.068 0.081 0.083 0.083 0.066 0.083 0.083 0.083 0.0 0.083 0.083 0.0 0.083 0.0 0.083 0.083 0.083 0.083 0.079 0.083 0.083 0.055 0.083 0.083 0.055 0.083 0.057 0.074 0.07 0.059 0.083 0.083 0.043 0.058 0.021 0.076 0.075 0.081 0.08 0.082 0.083 0.083 0.083
-9999.0 -9999.0 -9999.0 -9999.0 -9999.0 -9999.0 -9999.0 -9999.0 -9999.0 -9999.0 -9999.0 -9999.0 -9999.0 -9999.0 -9999.0 -9999.0 -9999.0 -9999.0 -9999.0 -9999.0 -9999.0 -9999.0 -9999.0 -9999.0 -9999.0 -9999.0 -9999.0 -9999.0 0.083 0.083 0.069 0.07 0.08 0.083 0.083 0.083 0.083 0.083 0.083 0.082 0.083 0.083 0.0 0.0 0.083 0.083 0.0 0.0 0.083 0.083 0.0 0.083 0.082 0.083 0.083 0.083 0.083 0.073 0.072 0.07 0.064 0.057 0.007 0.018 0.047 0.071 0.079 0.081 0.076 0.082 0.083 0.083 0.083 0.083
-9999.0 -9999.0 -9999.0 -9999.0 -9999.0 -9999.0 -9999.0 -9999.0 -9999.0 -9999.0 -9999.0 -9999.0 -9999.0 -9999.0 -9999.0 -9999.0 -9999.0 -9999.0 -9999.0 -9999.0 -9999.0 -9999.0 -9999.0 -9999.0 -9999.0 -9999.0 -9999.0 -9999.0 0.083 0.083 0.083 0.083 0.083 0.083 0.083 0.083 0.083 0.083 0.083 0.076 0.083 0.072 0.0 0.083 0.083 0.0 0.0 0.0 0.083 0.083 0.0 0.083 0.081 0.071 0.083 0.059 0.083 0.083 0.073 0.052 0.083 0.083 0.082 0.059 0.073 0.074 0.079 0.081 0.083 0.083 0.083 0.083 0.083 0.083
-9999.0 -9999.0 -9999.0 -9999.0 -9999.0 -9999.0 -9999.0 -9999.0 -9999.0 -9999.0 -9999.0 -9999.0 -9999.0 -9999.0 -9999.0 -9999.0 -9999.0 -9999.0 -9999.0 -9999.0 -9999.0 -9999.0 -9999.0 -9999.0 -9999.0 -9999.0 -9999.0 0.083 0.083 0.083 0.083 0.0 0.083 0.083 0.083 0.083 0.083 0.083 0.083 0.083 0.082 0.082 0.0 0.083 0.083 0.0 0.0 0.0 0.083 0.0 0.0 0.083 0.079 0.083 0.07 0.065 0.083 0.083 0.083 0.081 0.083 0.056 0.057 0.077 0.083 0.075 0.078 0.083 0.074 0.082 0.083 0.075 0.083 0.083
-9999.0 -9999.0 -9999.0 -9999.0 -9999.0 -9999.0 -9999.0 -9999.0 -9999.0 -9999.0 -9999.0 -9999.0 -9999.0 -9999.0 -9999.0 -9999.0 -9999.0 -9999.0 -9999.0 -9999.0 -9999.0 -9999.0 -9999.0 -9999.0 -9999.0 -9999.0 -9999.0 -9999.0 0.083 0.083 0.083 0.083 0.083 0.083 0.083 0.083 0.083 0.083 0.083 0.083 0.083 0.081 0.083 0.0 0.044 0.0 0.0 0.0 0.0 0.0 0.083 0.083 0.0 0.074 0.083 0.083 0.083 0.083 0.081 0.054 0.063 0.075 0.076 0.083 0.078 0.081 0.083 0.083 0.058 0.079 0.078 0.078 0.083 0.083
-9999.0 -9999.0 -9999.0 -9999.0 -9999.0 -9999.0 -9999.0 -9999.0 -9999.0 -9999.0 -9999.0 -9999.0 -9999.0 -9999.0 -9999.0 -9999.0 -9999.0 -9999.0 -9999.0 -9999.0 -9999.0 -9999.0 -9999.0 -9999.0 -9999.0 -9999.0 -9999.0 -9999.0 0.083 0.083 0.073 0.083 0.083 0.083 0.081 0.083 0.083 0.083 0.083 0.083 0.083 0.083 0.0 0.0 0.011 0.0 0.0 0.0 0.0 0.058 0.083 0.083 0.0 0.078 0.083 0.083 0.083 0.083 0.063 0.082 0.083 0.06 0.076 0.083 0.083 0.083 0.083 0.077 0.078 0.08 0.079 0.083 0.083 0.083
-9999.0 -9999.0 -9999.0 -9999.0 -9999.0 -9999.0 -9999.0 -9999.0 -9999.0 -9999.0 -9999.0 -9999.0 -9999.0 -9999.0 -9999.0 -9999.0 -9999.0 -9999.0 -9999.0 -9999.0 -9999.0 -9999.0 -9999.0 -9999.0 -9999.0 -9999.0 -9999.0 -9999.0 0.083 0.083 0.083 0.083 0.083 0.075 0.083 0.083 0.083 0.083 0.083 0.083 0.083 0.083 0.083 0.0 0.0 0.0 0.0 0.0 0.0 0.0 0.0 0.0 0.0 0.053 0.083 0.083 0.082 0.083 0.083 0.083 0.083 0.056 0.081 0.083 0.077 0.083 0.083 0.071 0.073 0.075 0.083 0.081 0.083 0.083
-9999.0 -9999.0 -9999.0 -9999.0 -9999.0 -9999.0 -9999.0 -9999.0 -9999.0 -9999.0 -9999.0 -9999.0 -9999.0 -9999.0 -9999.0 -9999.0 -9999.0 -9999.0 -9999.0 -9999.0 -9999.0 -9999.0 -9999.0 -9999.0 -9999.0 -9999.0 -9999.0 0.083 0.083 0.083 0.083 0.079 0.083 0.083 0.081 0.083 0.083 0.083 0.083 0.083 0.083 0.083 0.083 0.083 0.0 0.0 0.0 0.0 0.0 0.0 0.0 0.0 0.054 0.0 0.073 0.083 0.083 0.083 0.083 0.083 0.058 0.037 0.081 0.078 0.08 0.083 0.083 0.083 0.072 0.077 0.076 0.078 0.083 0.083
-9999.0 -9999.0 -9999.0 -9999.0 -9999.0 -9999.0 -9999.0 -9999.0 -9999.0 -9999.0 -9999.0 -9999.0 -9999.0 -9999.0 -9999.0 -9999.0 -9999.0 -9999.0 -9999.0 -9999.0 -9999.0 -9999.0 -9999.0 -9999.0 -9999.0 -9999.0 -9999.0 0.083 0.083 0.083 0.083 0.079 0.083 0.083 0.083 0.081 0.083 0.083 0.083 0.083 0.083 0.074 0.081 0.063 0.083 0.0 0.0 0.0 0.0 0.0 0.0 0.0 0.07 0.0 0.0 0.073 0.071 0.083 0.083 0.069 0.047 0.083 0.08 0.083 0.083 0.083 0.083 0.076 0.083 0.075 0.076 0.077 0.083 0.079
