static/jobfarm/user_models/minyf/common/HOME-GBHM/输出文件/Output/Grids/GWst20020223.asc
ncols 221
nrows 204
xllcorner -627000.0
yllcorner 3955000.0
cellsize 900.0
NODATA_value -9999.0
[rows 33 to 65 of 204, columns 74 to 147 of 221]
0.083 0.0 0.083 0.083 0.083 0.083 0.083 0.083 0.083 0.083 0.083 0.083 0.071 0.083 0.083 0.0 0.08 0.083 0.031 0.065 0.081 0.078 0.0 0.066 0.075 0.077 0.074 0.079 0.001 0.078 0.083 0.083 0.083 0.063 0.0 0.015 0.0 0.083 0.083 0.0 0.083 0.083 0.083 0.083 0.083 0.083 -9999.0 -9999.0 -9999.0 -9999.0 -9999.0 -9999.0 -9999.0 -9999.0 -9999.0 -9999.0 -9999.0 -9999.0 -9999.0 -9999.0 -9999.0 -9999.0 -9999.0 -9999.0 -9999.0 -9999.0 -9999.0 -9999.0 -9999.0 -9999.0 -9999.0 -9999.0 -9999.0 -9999.0
0.083 0.073 0.083 0.083 0.083 0.083 0.083 0.083 0.083 0.083 0.083 0.083 0.073 0.083 0.083 0.036 0.083 0.08 0.042 0.076 0.0 0.0 0.074 0.064 0.076 0.079 0.0 0.032 0.078 0.081 0.079 0.038 0.083 0.083 0.0 0.083 0.083 0.078 0.083 0.0 0.083 0.058 0.083 0.083 0.083 -9999.0 -9999.0 -9999.0 -9999.0 -9999.0 -9999.0 -9999.0 -9999.0 -9999.0 -9999.0 -9999.0 -9999.0 -9999.0 -9999.0 -9999.0 -9999.0 -9999.0 -9999.0 -9999.0 -9999.0 -9999.0 -9999.0 -9999.0 -9999.0 -9999.0 -9999.0 -9999.0 -9999.0 -9999.0
0.083 0.066 0.083 0.081 0.083 0.083 0.083 0.083 0.083 0.083 0.083 0.083 0.083 0.083 0.083 0.083 0.077 0.077 0.066 0.078 0.083 0.061 0.074 0.078 0.083 0.083 0.067 0.0 0.076 0.064 0.072 0.081 0.083 0.077 0.069 0.083 0.083 0.083 0.073 0.032 0.0 0.0 0.07 0.083 0.083 -9999.0 -9999.0 -9999.0 -9999.0 -9999.0 -9999.0 -9999.0 -9999.0 -9999.0 -9999.0 -9999.0 -9999.0 -9999.0 -9999.0 -9999.0 -9999.0 -9999.0 -9999.0 -9999.0 -9999.0 -9999.0 -9999.0 -9999.0 -9999.0 -9999.0 -9999.0 -9999.0 -9999.0 -9999.0
0.083 0.0 0.041 0.0 0.083 0.083 0.083 0.083 0.083 0.083 0.083 0.083 0.053 0.075 0.081 0.083 0.071 0.0 0.083 0.0 0.083 0.071 0.071 0.017 0.0 0.083 0.083 0.083 0.076 0.079 0.062 0.081 0.083 0.083 0.083 0.075 0.064 0.083 0.0 0.083 0.083 0.077 0.078 0.07 0.083 0.083 -9999.0 -9999.0 -9999.0 -9999.0 -9999.0 -9999.0 -9999.0 -9999.0 -9999.0 -9999.0 -9999.0 -9999.0 -9999.0 -9999.0 -9999.0 -9999.0 -9999.0 -9999.0 -9999.0 -9999.0 -9999.0 -9999.0 -9999.0 -9999.0 -9999.0 -9999.0 -9999.0 -9999.0
0.0 0.083 0.0 0.042 0.083 0.083 0.083 0.082 0.083 0.083 0.082 0.083 0.077 0.082 0.08 0.083 0.083 0.073 0.067 0.0 0.083 0.083 0.083 0.083 0.083 0.083 0.083 0.083 0.08 0.0 0.083 0.081 0.083 0.083 0.069 0.083 0.0 0.083 0.0 0.083 0.083 0.083 0.06 0.069 0.083 0.083 -9999.0 -9999.0 -9999.0 -9999.0 -9999.0 -9999.0 -9999.0 -9999.0 -9999.0 -9999.0 -9999.0 -9999.0 -9999.0 -9999.0 -9999.0 -9999.0 -9999.0 -9999.0 -9999.0 -9999.0 -9999.0 -9999.0 -9999.0 -9999.0 -9999.0 -9999.0 -9999.0 -9999.0
0.0 0.0 0.083 0.061 0.083 0.083 0.083 0.083 0.083 0.083 0.083 0.083 0.083 0.083 0.081 0.07 0.083 0.083 0.083 0.083 0.083 0.083 0.083 0.083 0.083 0.083 0.083 0.083 0.077 0.0 0.071 0.079 0.0 0.066 0.072 0.083 0.0 0.0 0.083 0.083 0.083 0.083 0.083 0.083 0.073 0.083 0.083 0.083 0.083 0.083 0.081 0.082 -9999.0 -9999.0 -9999.0 -9999.0 -9999.0 -9999.0 -9999.0 -9999.0 -9999.0 -9999.0 -9999.0 -9999.0 -9999.0 -9999.0 -9999.0 -9999.0 -9999.0 -9999.0 -9999.0 -9999.0 -9999.0 -9999.0
0.083 0.0 0.083 0.083 0.082 0.083 0.083 0.083 0.083 0.083 0.081 0.031 0.083 0.083 0.049 0.083 0.073 0.083 0.083 0.083 0.083 0.083 0.083 0.083 0.083 0.083 0.083 0.083 0.082 0.083 0.083 0.083 0.0 0.066 0.052 0.0 0.083 0.0 0.083 0.08 0.082 0.082 0.0 0.071 0.083 0.083 0.082 0.083 0.083 0.083 0.083 0.083 0.083 -9999.0 -9999.0 -9999.0 -9999.0 -9999.0 -9999.0 -9999.0 -9999.0 -9999.0 -9999.0 -9999.0 -9999.0 -9999.0 -9999.0 -9999.0 -9999.0 -9999.0 -9999.0 -9999.0 -9999.0 -9999.0
0.083 0.083 0.083 0.0 0.083 0.082 0.083 0.083 0.083 0.083 0.081 0.083 0.058 0.071 0.083 0.066 0.083 0.082 0.0 0.049 0.083 0.083 0.083 0.083 0.083 0.083 0.083 0.083 0.065 0.083 0.083 0.083 0.081 0.054 0.05 0.045 0.083 0.0 0.083 0.0 0.0 0.0 0.083 0.083 0.083 0.083 0.083 0.083 0.083 0.083 0.083 0.07 0.083 -9999.0 -9999.0 -9999.0 -9999.0 -9999.0 -9999.0 -9999.0 -9999.0 -9999.0 -9999.0 -9999.0 -9999.0 -9999.0 -9999.0 -9999.0 -9999.0 -9999.0 -9999.0 -9999.0 -9999.0 -9999.0
0.0 0.0 0.0 0.083 0.083 0.082 0.083 0.083 0.083 0.082 0.078 0.078 0.067 0.083 0.074 0.073 0.083 0.04 0.083 0.0 0.083 0.083 0.083 0.083 0.083 0.083 0.083 0.083 0.083 0.056 0.075 0.083 0.083 0.083 0.0 0.066 0.083 0.0 0.083 0.0 0.0 0.083 0.083 0.083 0.083 0.0 0.083 0.083 0.079 0.083 0.083 0.083 0.083 0.083 -9999.0 -9999.0 -9999.0 -9999.0 -9999.0 -9999.0 -9999.0 -9999.0 -9999.0 -9999.0 -9999.0 -9999.0 -9999.0 -9999.0 -9999.0 -9999.0 -9999.0 -9999.0 -9999.0 -9999.0
0.083 0.0 0.02 0.025 0.0 0.0 0.0 0.053 0.083 0.083 0.08 0.076 0.083 0.061 0.083 0.083 0.083 0.076 0.077 0.074 0.083 0.083 0.083 0.083 0.073 0.083 0.083 0.083 0.083 0.083 0.077 0.083 0.082 0.082 0.082 0.0 0.0 0.0 0.0 0.0 0.047 0.083 0.025 0.07 0.051 0.02 0.08 0.0 0.083 0.073 0.079 0.083 0.074 -9999.0 -9999.0 -9999.0 -9999.0 -9999.0 -9999.0 -9999.0 -9999.0 -9999.0 -9999.0 -9999.0 -9999.0 -9999.0 -9999.0 -9999.0 -9999.0 -9999.0 -9999.0 -9999.0 -9999.0 -9999.0
0.0 0.08 0.0 0.0 0.04 0.0 0.0 0.0 0.003 0.083 0.083 0.063 0.057 0.083 0.083 0.067 0.083 0.083 0.083 0.077 0.043 0.051 0.0 0.083 0.083 0.083 0.08 0.083 0.083 0.083 0.075 0.083 0.082 0.0 0.076 0.0 0.0 0.064 0.036 0.081 0.0 0.0 0.0 0.056 0.078 0.083 0.078 0.083 0.083 0.083 0.0 0.079 0.083 -9999.0 -9999.0 -9999.0 -9999.0 -9999.0 -9999.0 -9999.0 -9999.0 -9999.0 -9999.0 -9999.0 -9999.0 -9999.0 -9999.0 -9999.0 -9999.0 -9999.0 -9999.0 -9999.0 -9999.0 -9999.0
0.083 0.051 0.0 0.0 0.0 0.0 0.0 0.0 0.0 0.083 0.083 0.072 0.058 0.083 0.083 0.083 0.083 0.083 0.083 0.083 0.075 0.0 0.0 0.06 0.083 0.083 0.083 0.083 0.083 0.083 0.073 0.074 0.081 0.077 0.07 0.036 0.0 0.0 0.0 0.0 0.083 0.0 0.0 0.0 0.0 0.083 0.0 0.0 0.0 0.083 0.083 0.083 0.079 -9999.0 -9999.0 -9999.0 -9999.0 -9999.0 -9999.0 -9999.0 -9999.0 -9999.0 -9999.0 -9999.0 -9999.0 -9999.0 -9999.0 -9999.0 -9999.0 -9999.0 -9999.0 -9999.0 -9999.0 -9999.0
0.081 0.0 0.083 0.083 0.0 0.083 0.0 0.0 0.0 0.055 0.083 0.083 0.069 0.083 0.083 0.083 0.083 0.083 0.083 0.076 0.071 0.0 0.073 0.073 0.083 0.083 0.083 0.083 0.083 0.083 0.068 0.078 0.075 0.077 0.0 0.0 0.032 0.053 0.05 0.082 0.0 0.083 0.022 0.022 0.083 0.001 0.083 0.083 0.083 0.083 0.083 0.083 0.081 0.081 -9999.0 -9999.0 -9999.0 -9999.0 -9999.0 -9999.0 -9999.0 -9999.0 -9999.0 -9999.0 -9999.0 -9999.0 -9999.0 -9999.0 -9999.0 -9999.0 -9999.0 -9999.0 -9999.0 -9999.0
0.0 0.0 0.083 0.051 0.0 0.0 0.0 0.0 0.0 0.083 0.083 0.083 0.083 0.074 0.083 0.083 0.083 0.077 0.083 0.0 0.0 0.075 0.083 0.083 0.083 0.083 0.078 0.083 0.083 0.083 0.083 0.073 0.078 0.076 0.0 0.0 0.032 0.053 0.079 0.083 0.0 0.083 0.073 0.075 0.083 0.064 0.083 0.083 0.078 0.068 0.083 0.083 0.08 0.081 0.079 -9999.0 -9999.0 0.083 0.083 -9999.0 -9999.0 -9999.0 -9999.0 -9999.0 -9999.0 -9999.0 -9999.0 -9999.0 -9999.0 -9999.0 -9999.0 -9999.0 -9999.0 -9999.0
0.0 0.0 0.008 0.0 0.083 0.0 0.076 0.083 0.083 0.083 0.077 0.077 0.08 0.083 0.083 0.083 0.083 0.064 0.0 0.0 0.075 0.083 0.076 0.072 0.083 0.083 0.083 0.083 0.083 0.083 0.083 0.052 0.081 0.082 0.0 0.083 0.033 0.0 0.068 0.0 0.0 0.074 0.0 0.083 0.083 0.082 0.05 0.05 0.052 0.083 0.083 0.0 0.083 0.083 0.083 -9999.0 -9999.0 0.083 0.077 -9999.0 -9999.0 -9999.0 -9999.0 -9999.0 -9999.0 -9999.0 -9999.0 -9999.0 -9999.0 -9999.0 -9999.0 -9999.0 -9999.0 -9999.0
0.08 0.082 0.081 0.083 0.081 0.083 0.083 0.083 0.083 0.083 0.083 0.083 0.083 0.078 0.081 0.077 0.083 0.083 0.083 0.083 0.083 0.081 0.083 0.071 0.083 0.083 0.083 0.079 0.083 0.083 0.083 0.083 0.0 0.049 0.08 0.048 0.033 0.056 0.0 0.0 0.0 0.0 0.0 0.061 0.0 0.0 0.0 0.0 0.0 0.0 0.0 0.0 0.083 0.083 0.082 0.076 0.083 0.083 0.083 -9999.0 -9999.0 -9999.0 -9999.0 -9999.0 -9999.0 -9999.0 -9999.0 -9999.0 -9999.0 -9999.0 -9999.0 -9999.0 -9999.0 -9999.0
0.083 0.081 0.083 0.083 0.082 0.083 0.083 0.083 0.083 0.083 0.083 0.081 0.083 0.083 0.083 0.083 0.083 0.083 0.064 0.083 0.069 0.081 0.079 0.083 0.083 0.081 0.083 0.083 0.083 0.083 0.083 0.083 0.059 0.043 0.08 0.081 0.079 0.065 0.03 0.0 0.0 0.058 0.069 0.0 0.0 0.0 0.06 0.059 0.075 0.083 0.079 0.082 0.083 0.083 0.083 0.08 0.082 0.083 0.083 -9999.0 -9999.0 -9999.0 -9999.0 -9999.0 -9999.0 -9999.0 -9999.0 -9999.0 -9999.0 -9999.0 -9999.0 -9999.0 -9999.0 -9999.0
0.078 0.083 0.078 0.074 0.083 0.083 0.083 0.083 0.081 0.076 0.083 0.083 0.083 0.083 0.083 0.079 0.079 0.083 0.083 0.083 0.083 0.064 0.083 0.071 0.072 0.073 0.076 0.083 0.083 0.083 0.083 0.083 0.083 0.083 0.083 0.083 0.081 0.018 0.035 0.082 0.0 0.082 0.0 0.0 0.0 0.0 0.06 0.039 0.078 0.078 0.083 0.082 0.068 0.082 0.067 0.042 0.083 0.0 0.077 0.077 0.083 0.083 -9999.0 -9999.0 -9999.0 -9999.0 -9999.0 -9999.0 -9999.0 -9999.0 -9999.0 -9999.0 -9999.0 -9999.0
0.079 0.083 0.083 0.082 0.082 0.083 0.083 0.083 0.072 0.079 0.082 0.081 0.081 0.073 0.083 0.081 0.079 0.077 0.078 0.08 0.079 0.083 0.083 0.083 0.077 0.083 0.076 0.073 0.083 0.083 0.083 0.083 0.0 0.083 0.083 0.05 0.025 0.083 0.083 0.083 0.0 0.0 0.0 0.0 0.0 0.081 0.039 0.054 0.06 0.063 0.081 0.083 0.082 0.083 0.062 0.083 0.0 0.073 0.083 0.078 0.083 0.079 -9999.0 -9999.0 -9999.0 -9999.0 -9999.0 -9999.0 -9999.0 -9999.0 -9999.0 -9999.0 -9999.0 -9999.0
0.076 0.078 0.079 0.083 0.082 0.082 0.082 0.077 0.083 0.083 0.083 0.083 0.083 0.083 0.083 0.083 0.083 0.069 0.083 0.041 0.073 0.083 0.083 0.083 0.083 0.083 0.083 0.08 0.083 0.083 0.083 0.076 0.083 0.08 0.083 0.083 0.083 0.05 0.019 0.068 0.0 0.083 0.0 0.0 0.0 0.0 0.0 0.0 0.083 0.064 0.083 0.083 0.083 0.083 0.0 0.0 0.0 0.083 0.083 0.077 0.0 0.083 -9999.0 -9999.0 -9999.0 -9999.0 -9999.0 -9999.0 -9999.0 -9999.0 -9999.0 -9999.0 -9999.0 -9999.0
0.079 0.0 0.083 0.083 0.083 0.083 0.066 0.078 0.083 0.075 0.083 0.083 0.083 0.072 0.076 0.083 0.083 0.083 0.083 0.083 0.083 0.083 0.083 0.079 0.069 0.083 0.083 0.083 0.083 0.083 0.083 0.083 0.083 0.047 0.08 0.083 0.068 0.0 0.077 0.046 0.0 0.083 0.0 0.0 0.0 0.0 0.0 0.051 0.064 0.083 0.083 0.083 0.083 0.083 0.083 0.083 0.083 0.082 0.083 0.082 0.083 -9999.0 -9999.0 -9999.0 -9999.0 -9999.0 -9999.0 -9999.0 -9999.0 -9999.0 -9999.0 -9999.0 -9999.0 -9999.0
0.0 0.0 0.0 0.083 0.066 0.083 0.083 0.083 0.083 0.083 0.078 0.083 0.077 0.082 0.078 0.083 0.072 0.083 0.081 0.083 0.083 0.074 0.083 0.083 0.025 0.07 0.072 0.07 0.083 0.083 0.077 0.0 0.044 0.0 0.083 0.06 0.062 0.054 0.05 0.076 0.082 0.081 0.081 0.083 0.081 0.08 0.078 0.078 0.058 0.08 0.079 0.078 0.078 0.078 0.074 0.083 0.064 0.083 0.083 0.077 0.083 -9999.0 -9999.0 -9999.0 -9999.0 -9999.0 -9999.0 -9999.0 -9999.0 -9999.0 -9999.0 -9999.0 -9999.0 -9999.0
0.0 0.0 0.083 0.083 0.083 0.083 0.083 0.083 0.083 0.073 0.083 0.083 0.079 0.076 0.079 0.08 0.071 0.075 0.074 0.072 0.071 0.083 0.083 0.083 0.083 0.083 0.083 0.071 0.083 0.072 0.0 0.0 0.083 0.083 0.083 0.065 0.067 0.078 0.059 0.061 0.082 0.08 0.08 0.083 0.08 0.08 0.078 0.08 0.08 0.082 0.083 0.08 0.08 0.081 0.074 0.082 0.083 0.083 0.083 0.083 0.083 0.083 -9999.0 -9999.0 -9999.0 -9999.0 -9999.0 -9999.0 -9999.0 -9999.0 -9999.0 -9999.0 -9999.0 -9999.0
0.014 0.051 0.0 0.083 0.083 0.023 0.05 0.083 0.083 0.083 0.083 0.083 0.083 0.083 0.07 0.069 0.083 0.083 0.074 0.083 0.073 0.07 0.083 0.0 0.064 0.083 0.083 0.08 0.083 0.066 0.083 0.071 0.052 0.052 0.083 0.083 0.083 0.077 0.058 0.06 0.083 0.079 0.083 0.083 0.079 0.083 0.061 0.061 0.065 0.078 0.083 0.083 0.015 0.083 0.083 0.083 0.083 0.083 0.083 0.083 0.083 0.083 0.061 0.081 0.083 -9999.0 -9999.0 -9999.0 -9999.0 -9999.0 -9999.0 -9999.0 -9999.0 -9999.0
0.083 0.0 0.0 0.0 0.067 0.083 0.083 0.062 0.043 0.04 0.077 0.083 0.079 0.0 0.071 0.083 0.083 0.083 0.083 0.083 0.075 0.076 0.061 0.083 0.0 0.0 0.083 0.08 0.0 0.08 0.081 0.054 0.052 0.06 0.073 0.083 0.083 0.05 0.057 0.051 0.052 0.081 0.083 0.083 0.082 0.083 0.045 0.06 0.062 0.067 0.083 0.083 0.083 0.083 0.083 0.039 0.083 0.083 0.077 0.08 0.079 0.078 0.083 0.083 0.083 0.083 -9999.0 -9999.0 -9999.0 -9999.0 -9999.0 -9999.0 -9999.0 -9999.0
0.083 0.083 0.0 0.083 0.083 0.083 0.023 0.049 0.022 0.071 0.081 0.078 0.083 0.083 0.083 0.083 0.083 0.083 0.083 0.083 0.083 0.083 0.052 0.073 0.083 0.078 0.0 0.048 0.083 0.0 0.054 0.083 0.0 0.05 0.065 0.066 0.067 0.083 0.071 0.078 0.061 0.075 0.083 0.0 0.081 0.082 0.083 0.069 0.083 0.083 0.083 0.083 0.0 0.083 0.083 0.083 0.083 0.083 0.083 0.082 0.075 0.078 0.083 0.083 0.083 0.083 -9999.0 -9999.0 -9999.0 -9999.0 -9999.0 -9999.0 -9999.0 -9999.0
0.083 0.0 0.038 0.025 0.083 0.024 0.053 0.075 0.081 0.043 0.082 0.083 0.077 0.077 0.083 0.083 0.083 0.083 0.079 0.083 0.083 0.083 0.083 0.083 0.082 0.083 0.071 0.0 0.0 0.0 0.049 0.0 0.0 0.0 0.059 0.063 0.063 0.057 0.083 0.073 0.07 0.074 0.083 0.083 0.0 0.083 0.0 0.083 0.071 0.0 0.083 0.0 0.0 0.0 0.083 0.032 0.083 0.083 0.083 0.083 0.083 0.083 0.077 0.076 0.083 0.083 -9999.0 -9999.0 -9999.0 -9999.0 -9999.0 -9999.0 -9999.0 -9999.0
0.083 0.052 0.0 0.0 0.061 0.083 0.083 0.083 0.083 0.078 0.079 0.077 0.082 0.083 0.077 0.083 0.07 0.076 0.069 0.083 0.083 0.052 0.072 0.082 0.083 0.0 0.0 0.032 0.069 0.03 0.0 0.083 0.0 0.039 0.046 0.051 0.08 0.049 0.083 0.083 0.083 0.083 0.083 0.083 0.083 0.0 0.083 0.079 0.038 0.063 0.083 0.062 0.083 0.083 0.083 0.083 0.083 0.079 0.083 0.083 0.083 0.083 0.082 0.083 0.083 0.083 -9999.0 -9999.0 0.083 -9999.0 -9999.0 -9999.0 -9999.0 -9999.0
0.0 0.0 0.0 0.0 0.083 0.083 0.083 0.083 0.054 0.083 0.083 0.08 0.077 0.083 0.083 0.083 0.083 0.077 0.083 0.083 0.067 0.083 0.063 0.083 0.081 0.08 0.046 0.083 0.083 0.039 0.044 0.0 0.083 0.0 0.044 0.039 0.049 0.055 0.077 0.075 0.048 0.083 0.083 0.083 0.083 0.083 0.061 0.044 0.083 0.083 0.066 0.062 0.058 0.083 0.083 0.083 0.083 0.083 0.083 0.083 0.083 0.083 0.083 0.083 0.083 0.073 0.073 0.067 0.068 0.083 0.083 -9999.0 -9999.0 -9999.0
0.083 0.077 0.0 0.0 0.073 0.072 0.083 0.082 0.082 0.083 0.083 0.083 0.083 0.083 0.083 0.083 0.083 0.067 0.04 0.064 0.064 0.083 0.055 0.073 0.083 0.083 0.083 0.083 0.083 0.083 0.083 0.083 0.083 0.0 0.041 0.034 0.052 0.083 0.052 0.083 0.083 0.083 0.083 0.083 0.083 0.083 0.073 0.071 0.063 0.083 0.062 0.063 0.055 0.083 0.083 0.083 0.083 0.081 0.067 0.066 0.069 0.083 0.083 0.083 0.063 0.083 0.07 0.067 0.068 0.083 0.083 0.083 -9999.0 0.083
0.0 0.065 0.064 0.083 0.071 0.065 0.081 0.076 0.063 0.083 0.083 0.083 0.083 0.083 0.083 0.083 0.077 0.06 0.05 0.056 0.057 0.083 0.055 0.063 0.083 0.083 0.083 0.083 0.083 0.083 0.083 0.083 0.083 0.063 0.0 0.041 0.042 0.049 0.083 0.055 0.083 0.083 0.083 0.065 0.074 0.083 0.067 0.063 0.066 0.083 0.06 0.062 0.068 0.083 0.083 0.083 0.083 0.083 0.083 0.071 0.074 0.073 0.083 0.073 0.068 0.083 0.0 0.078 0.073 0.082 0.083 0.083 0.083 0.083
0.059 0.0 0.0 0.056 0.083 0.077 0.073 0.083 0.083 0.083 0.083 0.083 0.083 0.067 0.083 0.071 0.083 0.051 0.059 0.083 0.038 0.083 0.062 0.02 0.083 0.083 0.078 0.083 0.083 0.0 0.035 0.083 0.083 0.083 0.075 0.04 0.041 0.075 0.083 0.083 0.083 0.083 0.083 0.083 0.083 0.083 0.066 0.064 0.059 0.083 0.083 0.078 0.068 0.083 0.076 0.083 0.083 0.083 0.083 0.08 0.081 0.078 0.083 0.083 0.075 0.083 0.076 0.073 0.071 0.083 0.083 0.083 0.083 0.078
0.0 0.0 0.083 0.083 0.054 0.083 0.083 0.083 0.083 0.083 0.083 0.08 0.083 0.083 0.083 0.081 0.06 0.083 0.083 0.078 0.083 0.066 0.083 0.072 0.072 0.083 0.083 0.083 0.036 0.048 0.016 0.048 0.083 0.083 0.078 0.074 0.039 0.047 0.047 0.083 0.083 0.064 0.083 0.083 0.083 0.082 0.064 0.083 0.083 0.061 0.083 0.079 0.083 0.083 0.072 0.083 0.076 0.083 0.083 0.081 0.078 0.079 0.083 0.083 0.083 0.079 0.075 0.083 0.083 0.083 0.083 0.07 0.064 0.083
