static/jobfarm/user_models/minyf/common/HOME-GBHM/输出文件/Output/Grids/GWst20020224.asc
ncols 221
nrows 204
xllcorner -627000.0
yllcorner 3955000.0
cellsize 900.0
NODATA_value -9999.0
[rows 33 to 65 of 204, columns 0 to 74 of 221]
-9999.0 -9999.0 -9999.0 -9999.0 -9999.0 -9999.0 -9999.0 -9999.0 -9999.0 -9999.0 -9999.0 -9999.0 -9999.0 -9999.0 -9999.0 -9999.0 -9999.0 -9999.0 -9999.0 -9999.0 -9999.0 -9999.0 -9999.0 -9999.0 -9999.0 -9999.0 -9999.0 -9999.0 -9999.0 -9999.0 -9999.0 -9999.0 -9999.0 -9999.0 0.083 0.083 0.083 0.083 0.083 0.083 0.083 0.067 0.083 0.083 0.083 0.083 0.083 0.0 0.077 0.045 0.083 0.053 0.056 0.062 0.063 0.083 0.083 0.083 0.083 0.083 0.083 0.083 0.083 0.083 0.083 0.083 0.083 0.083 0.083 0.083 0.083 0.083 0.083 0.083 0.083
-9999.0 -9999.0 -9999.0 -9999.0 -9999.0 -9999.0 -9999.0 -9999.0 -9999.0 -9999.0 -9999.0 -9999.0 -9999.0 -9999.0 -9999.0 -9999.0 -9999.0 -9999.0 -9999.0 -9999.0 -9999.0 -9999.0 -9999.0 -9999.0 -9999.0 -9999.0 -9999.0 -9999.0 -9999.0 -9999.0 -9999.0 -9999.0 -9999.0 0.083 0.083 0.083 0.083 0.083 0.083 0.083 0.073 0.082 0.07 0.083 0.083 0.083 0.083 0.083 0.083 0.083 0.07 0.063 0.053 0.081 0.031 0.044 0.047 0.048 0.048 0.083 0.083 0.083 0.083 0.083 0.083 0.083 0.083 0.083 0.083 0.076 0.083 0.083 0.083 0.083 0.083
-9999.0 -9999.0 -9999.0 -9999.0 -9999.0 -9999.0 -9999.0 -9999.0 -9999.0 -9999.0 -9999.0 -9999.0 -9999.0 -9999.0 -9999.0 -9999.0 -9999.0 -9999.0 -9999.0 -9999.0 -9999.0 -9999.0 -9999.0 -9999.0 -9999.0 -9999.0 -9999.0 -9999.0 -9999.0 -9999.0 -9999.0 -9999.0 -9999.0 0.083 0.083 0.083 0.083 0.0 0.083 0.055 0.08 0.079 0.083 0.083 0.083 0.083 0.083 0.083 0.067 0.083 0.083 0.077 0.068 0.055 0.082 0.083 0.047 0.049 0.051 0.05 0.083 0.083 0.0 0.083 0.083 0.083 0.083 0.083 0.083 0.083 0.083 0.083 0.083 0.083 0.083
-9999.0 -9999.0 -9999.0 -9999.0 -9999.0 -9999.0 -9999.0 -9999.0 -9999.0 -9999.0 -9999.0 -9999.0 -9999.0 -9999.0 -9999.0 -9999.0 -9999.0 -9999.0 -9999.0 -9999.0 -9999.0 -9999.0 -9999.0 -9999.0 -9999.0 -9999.0 -9999.0 -9999.0 -9999.0 -9999.0 -9999.0 -9999.0 -9999.0 -9999.0 0.083 0.083 0.083 0.0 0.0 0.0 0.066 0.083 0.082 0.083 0.083 0.083 0.083 0.083 0.083 0.083 0.083 0.079 0.074 0.083 0.038 0.046 0.024 0.07 0.047 0.048 0.083 0.0 0.0 0.083 0.083 0.083 0.083 0.083 0.083 0.083 0.083 0.083 0.083 0.083 0.083
-9999.0 -9999.0 -9999.0 -9999.0 -9999.0 -9999.0 -9999.0 -9999.0 -9999.0 -9999.0 -9999.0 -9999.0 -9999.0 -9999.0 -9999.0 -9999.0 -9999.0 -9999.0 -9999.0 -9999.0 -9999.0 -9999.0 -9999.0 -9999.0 -9999.0 -9999.0 -9999.0 -9999.0 -9999.0 -9999.0 -9999.0 -9999.0 -9999.0 -9999.0 -9999.0 0.083 0.083 0.083 0.0 0.083 0.083 0.083 0.053 0.061 0.083 0.083 0.083 0.078 0.083 0.083 0.081 0.081 0.083 0.083 0.083 0.054 0.048 0.052 0.053 0.06 0.051 0.0 0.061 0.058 0.083 0.083 0.083 0.029 0.083 0.083 0.083 0.083 0.083 0.083 0.083
-9999.0 -9999.0 -9999.0 -9999.0 -9999.0 -9999.0 -9999.0 -9999.0 -9999.0 -9999.0 -9999.0 -9999.0 -9999.0 -9999.0 -9999.0 -9999.0 -9999.0 -9999.0 -9999.0 -9999.0 -9999.0 -9999.0 -9999.0 -9999.0 -9999.0 -9999.0 -9999.0 -9999.0 -9999.0 -9999.0 -9999.0 -9999.0 -9999.0 -9999.0 -9999.0 0.083 0.083 0.0 0.001 0.083 0.083 0.083 0.083 0.083 0.083 0.083 0.083 0.083 0.083 0.083 0.066 0.083 0.0 0.083 0.083 0.083 0.083 0.047 0.047 0.083 0.0 0.0 0.083 0.0 0.083 0.083 0.078 0.083 0.083 0.083 0.083 0.083 0.083 0.083 0.083
-9999.0 -9999.0 -9999.0 -9999.0 -9999.0 -9999.0 -9999.0 -9999.0 -9999.0 -9999.0 -9999.0 -9999.0 -9999.0 -9999.0 -9999.0 -9999.0 -9999.0 -9999.0 -9999.0 -9999.0 -9999.0 -9999.0 -9999.0 -9999.0 -9999.0 -9999.0 -9999.0 -9999.0 -9999.0 -9999.0 -9999.0 -9999.0 -9999.0 -9999.0 -9999.0 0.083 0.083 0.083 0.083 0.083 0.083 0.077 0.083 0.083 0.083 0.083 0.083 0.083 0.082 0.083 0.083 0.083 0.083 0.083 0.083 0.083 0.083 0.083 0.083 0.083 0.077 0.052 0.083 0.083 0.083 0.083 0.076 0.083 0.083 0.083 0.083 0.083 0.083 0.083 0.083
-9999.0 -9999.0 -9999.0 -9999.0 -9999.0 -9999.0 -9999.0 -9999.0 -9999.0 -9999.0 -9999.0 -9999.0 -9999.0 -9999.0 -9999.0 -9999.0 -9999.0 -9999.0 -9999.0 -9999.0 -9999.0 -9999.0 -9999.0 -9999.0 -9999.0 -9999.0 -9999.0 -9999.0 -9999.0 -9999.0 -9999.0 -9999.0 -9999.0 -9999.0 0.083 0.083 0.083 0.083 0.083 0.083 0.083 0.083 0.083 0.083 0.083 0.083 0.083 0.083 0.083 0.083 0.083 0.083 0.083 0.083 0.083 0.083 0.083 0.083 0.083 0.083 0.076 0.083 0.083 0.083 0.083 0.083 0.083 0.083 0.083 0.083 0.083 0.083 0.083 0.083 0.083
-9999.0 -9999.0 -9999.0 -9999.0 -9999.0 -9999.0 -9999.0 -9999.0 -9999.0 -9999.0 -9999.0 -9999.0 -9999.0 -9999.0 -9999.0 -9999.0 -9999.0 -9999.0 -9999.0 -9999.0 -9999.0 -9999.0 -9999.0 -9999.0 -9999.0 -9999.0 -9999.0 -9999.0 -9999.0 -9999.0 -9999.0 -9999.0 -9999.0 -9999.0 -9999.0 0.083 0.083 0.083 0.083 0.08 0.078 0.08 0.083 0.08 0.083 0.083 0.083 0.083 0.083 0.083 0.083 0.083 0.083 0.083 0.083 0.083 0.083 0.083 0.083 0.083 0.083 0.083 0.083 0.083 0.083 0.083 0.083 0.083 0.083 0.083 0.083 0.083 0.083 0.083 0.083
-9999.0 -9999.0 -9999.0 -9999.0 -9999.0 -9999.0 -9999.0 -9999.0 -9999.0 -9999.0 -9999.0 -9999.0 -9999.0 -9999.0 -9999.0 -9999.0 -9999.0 -9999.0 -9999.0 -9999.0 -9999.0 -9999.0 -9999.0 -9999.0 -9999.0 -9999.0 -9999.0 -9999.0 -9999.0 -9999.0 -9999.0 -9999.0 -9999.0 -9999.0 -9999.0 0.083 0.083 0.077 0.083 0.083 0.083 0.083 0.083 0.072 0.083 0.083 0.083 0.083 0.083 0.083 0.083 0.078 0.083 0.083 0.083 0.083 0.083 0.083 0.083 0.083 0.079 0.083 0.083 0.083 0.083 0.083 0.079 0.083 0.083 0.083 0.083 0.083 0.083 0.083 0.083
-9999.0 -9999.0 -9999.0 -9999.0 -9999.0 -9999.0 -9999.0 -9999.0 -9999.0 -9999.0 -9999.0 -9999.0 -9999.0 -9999.0 -9999.0 -9999.0 -9999.0 -9999.0 -9999.0 -9999.0 -9999.0 0.083 -9999.0 -9999.0 -9999.0 -9999.0 -9999.0 -9999.0 -9999.0 -9999.0 -9999.0 -9999.0 -9999.0 -9999.0 0.083 0.083 0.074 0.078 0.078 0.083 0.077 0.083 0.082 0.083 0.08 0.08 0.081 0.081 0.083 0.083 0.083 0.083 0.083 0.083 0.083 0.083 0.083 0.083 0.083 0.083 0.083 0.083 0.083 0.083 0.083 0.083 0.083 0.083 0.083 0.083 0.083 0.083 0.083 0.083 0.083
-9999.0 -9999.0 -9999.0 -9999.0 -9999.0 -9999.0 -9999.0 -9999.0 -9999.0 -9999.0 -9999.0 -9999.0 -9999.0 -9999.0 -9999.0 -9999.0 0.08 0.048 0.083 0.083 0.083 0.083 0.083 0.083 0.063 0.081 0.083 -9999.0 -9999.0 -9999.0 -9999.0 -9999.0 -9999.0 -9999.0 0.083 0.083 0.083 0.079 0.082 0.08 0.075 0.075 0.077 0.077 0.077 0.081 0.083 0.083 0.083 0.083 0.083 0.083 0.083 0.083 0.083 0.083 0.083 0.083 0.083 0.083 0.083 0.083 0.083 0.083 0.083 0.083 0.075 0.083 0.083 0.083 0.083 0.083 0.083 0.083 0.083
-9999.0 -9999.0 -9999.0 -9999.0 -9999.0 -9999.0 -9999.0 -9999.0 -9999.0 -9999.0 -9999.0 -9999.0 -9999.0 -9999.0 0.075 0.059 0.006 0.083 0.083 0.083 0.083 0.083 0.083 0.083 0.083 0.076 0.083 0.083 -9999.0 -9999.0 -9999.0 -9999.0 0.083 0.083 0.083 0.083 0.069 0.064 0.083 0.081 0.079 0.069 0.081 0.081 0.082 0.08 0.082 0.083 0.083 0.083 0.083 0.083 0.083 0.083 0.083 0.083 0.083 0.083 0.083 0.083 0.083 0.083 0.083 0.083 0.083 0.083 0.073 0.083 0.083 0.083 0.083 0.083 0.083 0.083 0.083
-9999.0 -9999.0 -9999.0 -9999.0 -9999.0 -9999.0 -9999.0 -9999.0 -9999.0 -9999.0 -9999.0 -9999.0 -9999.0 -9999.0 0.066 0.0 0.0 0.083 0.083 0.083 0.083 0.083 0.083 0.083 0.083 0.083 0.083 0.072 0.073 0.074 0.082 0.083 0.083 0.083 0.083 0.083 0.066 0.066 0.07 0.043 0.043 0.068 0.083 0.068 0.006 0.081 0.075 0.081 0.083 0.083 0.083 0.083 0.083 0.083 0.083 0.083 0.083 0.083 0.083 0.083 0.083 0.083 0.083 0.083 0.083 0.083 0.083 0.083 0.077 0.083 0.083 0.077 0.083 0.083 0.083
-9999.0 -9999.0 -9999.0 -9999.0 -9999.0 -9999.0 -9999.0 -9999.0 -9999.0 -9999.0 -9999.0 -9999.0 0.077 0.076 0.009 0.083 0.0 0.0 0.083 0.0 0.083 0.083 0.083 0.083 0.083 0.077 0.071 0.075 0.074 0.071 0.078 0.083 0.083 0.083 0.083 0.083 0.073 0.083 0.083 0.043 0.043 0.082 0.047 0.04 0.064 0.065 0.064 0.078 0.083 0.083 0.083 0.083 0.083 0.083 0.083 0.083 0.083 0.083 0.083 0.083 0.083 0.083 0.083 0.083 0.083 0.083 0.075 0.074 0.077 0.083 0.083 0.083 0.083 0.083 0.083
-9999.0 -9999.0 -9999.0 -9999.0 -9999.0 -9999.0 -9999.0 -9999.0 -9999.0 -9999.0 -9999.0 -9999.0 -9999.0 0.083 0.083 0.083 0.082 0.083 0.0 0.082 0.0 0.0 0.083 0.083 0.083 0.083 0.083 0.083 0.083 0.073 0.061 0.079 0.083 0.083 0.083 0.083 0.083 0.0 0.083 0.0 0.0 0.0 0.0 0.0 0.071 0.0 0.0 0.083 0.08 0.076 0.083 0.083 0.083 0.083 0.083 0.083 0.083 0.083 0.083 0.083 0.083 0.083 0.083 0.083 0.081 0.083 0.083 0.083 0.083 0.083 0.083 0.083 0.076 0.083 0.083
-9999.0 -9999.0 -9999.0 -9999.0 -9999.0 -9999.0 -9999.0 -9999.0 -9999.0 -9999.0 -9999.0 -9999.0 -9999.0 0.083 0.083 0.083 0.083 0.083 0.0 0.0 0.0 0.0 0.0 0.0 0.0 0.083 0.083 0.083 0.083 0.083 0.083 0.083 0.083 0.083 0.083 0.083 0.083 0.0 0.05 0.0 0.0 0.0 0.0 0.067 0.0 0.0 0.0 0.083 0.083 0.081 0.083 0.083 0.083 0.0 0.004 0.083 0.083 0.083 0.083 0.083 0.083 0.083 0.083 0.083 0.078 0.083 0.083 0.083 0.083 0.083 0.083 0.083 0.07 0.083 0.083
-9999.0 -9999.0 -9999.0 -9999.0 -9999.0 -9999.0 -9999.0 -9999.0 -9999.0 -9999.0 -9999.0 -9999.0 -9999.0 0.083 0.083 0.083 0.079 0.0 0.06 0.043 0.0 0.0 0.0 0.0 0.046 0.083 0.083 0.083 0.083 0.083 0.083 0.083 0.083 0.083 0.083 0.083 0.0 0.0 0.0 0.0 0.0 0.0 0.0 0.0 0.0 0.0 0.0 0.083 0.083 0.083 0.083 0.083 0.083 0.003 0.004 0.001 0.083 0.083 0.083 0.083 0.083 0.083 0.076 0.076 0.074 0.083 0.083 0.083 0.083 0.083 0.083 0.083 0.083 0.075 0.083
-9999.0 -9999.0 -9999.0 -9999.0 -9999.0 -9999.0 -9999.0 -9999.0 -9999.0 -9999.0 -9999.0 -9999.0 -9999.0 0.083 0.083 0.083 0.083 0.0 0.0 0.0 0.0 0.0 0.0 0.0 0.076 0.083 0.083 0.083 0.081 0.083 0.083 0.083 0.083 0.083 0.0 0.0 0.0 0.0 0.0 0.0 0.0 0.0 0.0 0.0 0.0 0.0 0.0 0.0 0.083 0.083 0.083 0.083 0.004 0.004 0.004 0.004 0.083 0.083 0.083 0.083 0.08 0.083 0.067 0.076 0.083 0.083 0.083 0.083 0.083 0.083 0.083 0.083 0.076 0.0 0.083
-9999.0 -9999.0 -9999.0 -9999.0 -9999.0 -9999.0 -9999.0 -9999.0 -9999.0 -9999.0 -9999.0 -9999.0 0.083 0.083 0.07 0.083 0.083 0.064 0.0 0.0 0.0 0.083 0.0 0.036 0.066 0.083 0.083 0.083 0.083 0.083 0.083 0.083 0.083 0.0 0.0 0.0 0.0 0.0 0.0 0.0 0.0 0.0 0.0 0.083 0.0 0.0 0.0 0.0 0.083 0.083 0.083 0.083 0.083 0.083 0.083 0.083 0.083 0.083 0.083 0.083 0.078 0.083 0.083 0.083 0.083 0.078 0.083 0.083 0.083 0.083 0.083 0.083 0.0 0.079 0.074
-9999.0 -9999.0 -9999.0 -9999.0 -9999.0 -9999.0 -9999.0 -9999.0 -9999.0 0.083 0.083 0.083 0.083 0.083 0.083 0.083 0.083 0.083 0.083 0.0 0.0 0.0 0.0 0.047 0.083 0.083 0.083 0.083 0.083 0.083 0.083 0.083 0.083 0.083 0.05 0.0 0.0 0.083 0.0 0.076 0.0 0.0 0.0 0.0 0.0 0.0 0.0 0.0 0.0 0.08 0.04 0.083 0.083 0.083 0.083 0.083 0.083 0.083 0.076 0.083 0.083 0.083 0.083 0.083 0.083 0.083 0.082 0.083 0.083 0.0 0.083 0.083 0.0 0.073 0.083
-9999.0 -9999.0 -9999.0 -9999.0 -9999.0 -9999.0 -9999.0 -9999.0 -9999.0 0.083 0.083 0.083 0.079 0.083 0.083 0.083 0.083 0.083 0.083 0.0 0.0 0.0 0.0 0.079 0.063 0.083 0.083 0.083 0.083 0.083 0.083 0.083 0.073 0.083 0.083 0.083 0.0 0.0 0.0 0.0 0.0 0.0 0.0 0.041 0.0 0.0 0.0 0.0 0.083 0.0 0.0 0.083 0.083 0.083 0.083 0.083 0.0 0.0 0.082 0.083 0.083 0.083 0.083 0.083 0.083 0.083 0.083 0.083 0.083 0.0 0.0 0.0 0.0 0.0 0.0
-9999.0 -9999.0 -9999.0 -9999.0 -9999.0 -9999.0 -9999.0 -9999.0 -9999.0 0.083 0.075 0.083 0.083 0.083 0.083 0.083 0.083 0.083 0.083 0.073 0.0 0.0 0.0 0.0 0.083 0.083 0.083 0.083 0.083 0.083 0.083 0.076 0.083 0.083 0.0 0.0 0.0 0.0 0.0 0.0 0.083 0.0 0.0 0.0 0.06 0.0 0.0 0.0 0.0 0.083 0.083 0.083 0.083 0.083 0.0 0.0 0.0 0.072 0.076 0.083 0.083 0.083 0.083 0.083 0.083 0.083 0.083 0.083 0.083 0.0 0.0 0.069 0.0 0.0 0.0
-9999.0 -9999.0 -9999.0 -9999.0 -9999.0 -9999.0 -9999.0 -9999.0 -9999.0 0.073 0.083 0.079 0.083 0.083 0.083 0.083 0.083 0.083 0.083 0.083 0.083 0.0 0.083 0.083 0.083 0.083 0.078 0.083 0.076 0.083 0.083 0.081 0.074 0.073 0.07 0.068 0.0 0.0 0.0 0.083 0.0 0.083 0.0 0.0 0.0 0.0 0.0 0.0 0.0 0.083 0.083 0.083 0.083 0.0 0.0 0.0 0.0 0.016 0.083 0.083 0.083 0.083 0.083 0.083 0.083 0.083 0.083 0.083 0.083 0.0 0.0 0.0 0.0 0.0 0.0
-9999.0 -9999.0 -9999.0 -9999.0 -9999.0 -9999.0 -9999.0 -9999.0 -9999.0 0.083 0.083 0.078 0.083 0.083 0.083 0.073 0.077 0.083 0.083 0.083 0.083 0.083 0.083 0.083 0.083 0.074 0.073 0.076 0.079 0.083 0.083 0.072 0.071 0.083 0.071 0.07 0.0 0.0 0.0 0.0 0.0 0.0 0.0 0.0 0.0 0.0 0.0 0.0 0.056 0.0 0.083 0.083 0.083 0.0 0.0 0.0 0.0 0.083 0.083 0.083 0.083 0.083 0.083 0.083 0.083 0.083 0.083 0.083 0.0 0.0 0.0 0.0 0.0 0.0 0.0
-9999.0 -9999.0 -9999.0 -9999.0 -9999.0 -9999.0 -9999.0 -9999.0 0.083 0.083 0.083 0.081 0.083 0.083 0.083 0.083 0.083 0.083 0.083 0.083 0.083 0.083 0.083 0.083 0.072 0.059 0.083 0.073 0.082 0.081 0.082 0.082 0.081 0.08 0.069 0.071 0.0 0.0 0.0 0.0 0.0 0.0 0.0 0.0 0.0 0.083 0.0 0.0 0.083 0.083 0.083 0.083 0.083 0.083 0.0 0.0 0.083 0.083 0.083 0.083 0.083 0.083 0.083 0.083 0.083 0.083 0.083 0.0 0.0 0.0 0.0 0.0 0.0 0.0 0.0
-9999.0 -9999.0 -9999.0 -9999.0 -9999.0 -9999.0 -9999.0 -9999.0 0.083 0.083 0.083 0.083 0.083 0.083 0.066 0.083 0.079 0.068 0.083 0.083 0.083 0.083 0.083 0.083 0.076 0.083 0.082 0.083 0.083 0.083 0.079 0.08 0.071 0.069 0.068 0.083 0.079 0.074 0.074 0.0 0.0 0.0 0.0 0.081 0.083 0.083 0.0 0.081 0.083 0.083 0.083 0.083 0.083 0.083 0.0 0.083 0.083 0.083 0.083 0.083 0.083 0.0 0.0 0.083 0.083 0.083 0.083 0.0 0.0 0.0 0.0 0.0 0.083 0.0 0.0
-9999.0 -9999.0 -9999.0 -9999.0 -9999.0 -9999.0 -9999.0 -9999.0 0.073 0.073 0.077 0.076 0.075 0.083 0.072 0.083 0.083 0.083 0.083 0.083 0.083 0.083 0.083 0.083 0.083 0.083 0.083 0.083 0.083 0.082 0.076 0.083 0.079 0.08 0.076 0.076 0.083 0.083 0.08 0.083 0.083 0.083 0.0 0.083 0.083 0.083 0.015 0.061 0.083 0.083 0.083 0.083 0.083 0.083 0.083 0.083 0.083 0.083 0.083 0.083 0.083 0.0 0.0 0.083 0.083 0.083 0.082 0.0 0.0 0.0 0.0 0.023 0.0 0.0 0.0
-9999.0 -9999.0 -9999.0 -9999.0 -9999.0 -9999.0 -9999.0 -9999.0 -9999.0 0.076 0.035 0.075 0.068 0.083 0.075 0.083 0.083 0.083 0.083 0.083 0.083 0.083 0.083 0.083 0.083 0.083 0.083 0.083 0.083 0.083 0.083 0.08 0.079 0.037 0.078 0.05 0.083 0.083 0.067 0.083 0.062 0.08 0.064 0.063 0.012 0.083 0.019 0.055 0.083 0.083 0.083 0.083 0.083 0.083 0.083 0.083 0.083 0.083 0.083 0.083 0.083 0.083 0.083 0.083 0.083 0.0 0.0 0.0 0.0 0.0 0.0 0.0 0.037 0.0 0.0
-9999.0 -9999.0 -9999.0 -9999.0 -9999.0 -9999.0 -9999.0 -9999.0 -9999.0 -9999.0 0.083 0.083 0.07 0.067 0.083 0.064 0.083 0.083 0.083 0.083 0.083 0.083 0.083 0.083 0.083 0.083 0.083 0.083 0.083 0.083 0.065 0.06 0.06 0.0 0.074 0.053 0.083 0.083 0.065 0.068 0.075 0.078 0.072 0.083 0.072 0.0 0.083 0.069 0.083 0.079 0.083 0.083 0.083 0.083 0.083 0.083 0.083 0.083 0.083 0.083 0.083 0.083 0.083 0.083 0.083 0.0 0.0 0.0 0.0 0.0 0.0 0.0 0.027 0.0 0.06
-9999.0 -9999.0 -9999.0 -9999.0 -9999.0 -9999.0 -9999.0 -9999.0 -9999.0 -9999.0 -9999.0 0.083 0.083 0.075 0.083 0.083 0.082 0.056 0.083 0.083 0.083 0.083 0.083 0.083 0.083 0.083 0.076 0.083 0.083 0.083 0.083 0.083 0.083 0.079 0.0 0.043 0.083 0.083 0.083 0.072 0.076 0.075 0.071 0.083 0.075 0.083 0.079 0.083 0.083 0.083 0.076 0.083 0.083 0.083 0.081 0.083 0.083 0.083 0.083 0.083 0.083 0.083 0.083 0.083 0.0 0.0 0.083 0.083 0.0 0.083 0.083 0.0 0.037 0.044 0.0
-9999.0 -9999.0 -9999.0 -9999.0 -9999.0 -9999.0 -9999.0 -9999.0 -9999.0 -9999.0 -9999.0 0.083 0.083 0.083 0.063 0.083 0.083 0.083 0.083 0.083 0.083 0.083 0.083 0.083 0.083 0.083 0.083 0.083 0.083 0.08 0.065 0.083 0.083 0.0 0.083 0.082 0.054 0.061 0.048 0.067 0.083 0.081 0.065 0.074 0.069 0.083 0.083 0.083 0.083 0.083 0.083 0.083 0.077 0.083 0.083 0.083 0.083 0.078 0.083 0.083 0.083 0.083 0.083 0.083 0.083 0.083 0.083 0.083 0.083 0.083 0.083 0.083 0.036 0.0 0.054
-9999.0 -9999.0 -9999.0 -9999.0 -9999.0 -9999.0 -9999.0 -9999.0 -9999.0 -9999.0 -9999.0 -9999.0 0.083 0.083 0.083 0.083 0.071 0.083 0.083 0.083 0.083 0.083 0.083 0.082 0.083 0.083 0.083 0.083 0.083 0.083 0.083 0.083 0.079 0.06 0.06 0.077 0.064 0.032 0.042 0.073 0.069 0.076 0.083 0.067 0.065 0.083 0.083 0.083 0.083 0.083 0.083 0.083 0.08 0.083 0.083 0.083 0.083 0.079 0.083 0.083 0.083 0.083 0.083 0.083 0.083 0.083 0.083 0.083 0.083 0.083 0.083 0.083 0.083 0.079 0.0
