static/jobfarm/user_models/minyf/common/HOME-GBHM/输出文件/Output/Grids/GWst20020226.asc
ncols 221
nrows 204
xllcorner -627000.0
yllcorner 3955000.0
cellsize 900.0
NODATA_value -9999.0
[rows 33 to 65 of 204, columns 0 to 72 of 221]
-9999.0 -9999.0 -9999.0 -9999.0 -9999.0 -9999.0 -9999.0 -9999.0 -9999.0 -9999.0 -9999.0 -9999.0 -9999.0 -9999.0 -9999.0 -9999.0 -9999.0 -9999.0 -9999.0 -9999.0 -9999.0 -9999.0 -9999.0 -9999.0 -9999.0 -9999.0 -9999.0 -9999.0 -9999.0 -9999.0 -9999.0 -9999.0 -9999.0 -9999.0 0.083 0.083 0.083 0.083 0.083 0.077 0.08 0.061 0.083 0.077 0.074 0.074 0.083 0.083 0.076 0.083 0.074 0.006 0.083 0.083 0.014 0.082 0.046 0.047 0.081 0.015 0.083 0.012 0.029 0.033 0.047 0.067 0.08 0.064 0.067 0.073 0.07 0.071 0.074
-9999.0 -9999.0 -9999.0 -9999.0 -9999.0 -9999.0 -9999.0 -9999.0 -9999.0 -9999.0 -9999.0 -9999.0 -9999.0 -9999.0 -9999.0 -9999.0 -9999.0 -9999.0 -9999.0 -9999.0 -9999.0 -9999.0 -9999.0 -9999.0 -9999.0 -9999.0 -9999.0 -9999.0 -9999.0 -9999.0 -9999.0 -9999.0 -9999.0 0.083 0.083 0.083 0.083 0.083 0.083 0.057 0.072 0.083 0.07 0.082 0.076 0.073 0.083 0.048 0.081 0.078 0.044 0.009 0.006 0.041 0.083 0.028 0.027 0.029 0.029 0.013 0.083 0.0 0.023 0.023 0.013 0.012 0.035 0.05 0.054 0.029 0.064 0.07 0.073
-9999.0 -9999.0 -9999.0 -9999.0 -9999.0 -9999.0 -9999.0 -9999.0 -9999.0 -9999.0 -9999.0 -9999.0 -9999.0 -9999.0 -9999.0 -9999.0 -9999.0 -9999.0 -9999.0 -9999.0 -9999.0 -9999.0 -9999.0 -9999.0 -9999.0 -9999.0 -9999.0 -9999.0 -9999.0 -9999.0 -9999.0 -9999.0 -9999.0 0.082 0.083 0.083 0.083 0.083 0.083 0.083 0.071 0.078 0.081 0.081 0.082 0.069 0.081 0.075 0.039 0.079 0.036 0.049 0.081 0.061 0.083 0.083 0.065 0.03 0.03 0.029 0.007 0.083 0.083 0.023 0.023 0.015 0.001 0.05 0.05 0.008 0.063 0.052 0.044
-9999.0 -9999.0 -9999.0 -9999.0 -9999.0 -9999.0 -9999.0 -9999.0 -9999.0 -9999.0 -9999.0 -9999.0 -9999.0 -9999.0 -9999.0 -9999.0 -9999.0 -9999.0 -9999.0 -9999.0 -9999.0 -9999.0 -9999.0 -9999.0 -9999.0 -9999.0 -9999.0 -9999.0 -9999.0 -9999.0 -9999.0 -9999.0 -9999.0 -9999.0 0.081 0.083 0.083 0.083 0.004 0.0 0.066 0.081 0.077 0.08 0.066 0.082 0.076 0.075 0.058 0.077 0.078 0.058 0.068 0.064 0.083 0.014 0.083 0.083 -0.02 0.028 0.008 0.083 0.083 0.083 0.083 0.083 0.083 0.083 0.083 0.083 0.049 0.04 0.038
-9999.0 -9999.0 -9999.0 -9999.0 -9999.0 -9999.0 -9999.0 -9999.0 -9999.0 -9999.0 -9999.0 -9999.0 -9999.0 -9999.0 -9999.0 -9999.0 -9999.0 -9999.0 -9999.0 -9999.0 -9999.0 -9999.0 -9999.0 -9999.0 -9999.0 -9999.0 -9999.0 -9999.0 -9999.0 -9999.0 -9999.0 -9999.0 -9999.0 -9999.0 -9999.0 0.083 0.07 0.068 0.0 0.04 0.076 0.081 0.054 0.063 0.083 0.068 0.055 0.074 0.075 0.065 0.064 0.055 0.083 0.033 0.032 0.029 0.083 0.083 0.083 0.027 0.083 0.083 0.008 0.009 0.015 0.032 0.031 0.029 0.083 0.083 0.083 0.083 0.083
-9999.0 -9999.0 -9999.0 -9999.0 -9999.0 -9999.0 -9999.0 -9999.0 -9999.0 -9999.0 -9999.0 -9999.0 -9999.0 -9999.0 -9999.0 -9999.0 -9999.0 -9999.0 -9999.0 -9999.0 -9999.0 -9999.0 -9999.0 -9999.0 -9999.0 -9999.0 -9999.0 -9999.0 -9999.0 -9999.0 -9999.0 -9999.0 -9999.0 -9999.0 -9999.0 0.082 0.078 0.0 0.0 0.071 0.082 0.08 0.066 0.064 0.082 0.077 0.048 0.031 0.037 0.067 0.069 0.083 0.083 0.035 0.033 0.031 0.031 -0.019 0.03 0.083 0.083 0.083 0.008 0.083 0.083 0.03 0.052 0.017 0.007 0.083 0.067 0.083 0.068
-9999.0 -9999.0 -9999.0 -9999.0 -9999.0 -9999.0 -9999.0 -9999.0 -9999.0 -9999.0 -9999.0 -9999.0 -9999.0 -9999.0 -9999.0 -9999.0 -9999.0 -9999.0 -9999.0 -9999.0 -9999.0 -9999.0 -9999.0 -9999.0 -9999.0 -9999.0 -9999.0 -9999.0 -9999.0 -9999.0 -9999.0 -9999.0 -9999.0 -9999.0 -9999.0 0.058 0.082 0.071 0.082 0.081 0.056 0.063 0.048 0.078 0.078 0.031 0.072 0.03 0.053 0.083 0.068 0.061 0.066 0.044 0.031 0.075 0.041 0.031 0.06 0.083 0.063 0.083 0.083 0.042 0.04 0.037 0.076 0.06 0.039 0.049 0.083 0.036 0.083
-9999.0 -9999.0 -9999.0 -9999.0 -9999.0 -9999.0 -9999.0 -9999.0 -9999.0 -9999.0 -9999.0 -9999.0 -9999.0 -9999.0 -9999.0 -9999.0 -9999.0 -9999.0 -9999.0 -9999.0 -9999.0 -9999.0 -9999.0 -9999.0 -9999.0 -9999.0 -9999.0 -9999.0 -9999.0 -9999.0 -9999.0 -9999.0 -9999.0 -9999.0 0.068 0.069 0.047 0.077 0.08 0.074 0.078 0.078 0.083 0.083 0.083 0.02 0.083 0.077 0.07 0.072 0.083 0.035 0.039 0.042 0.041 0.055 0.039 0.076 0.02 0.083 0.062 0.056 0.032 0.031 0.033 0.025 0.078 0.056 0.046 0.018 0.049 0.016 0.083
-9999.0 -9999.0 -9999.0 -9999.0 -9999.0 -9999.0 -9999.0 -9999.0 -9999.0 -9999.0 -9999.0 -9999.0 -9999.0 -9999.0 -9999.0 -9999.0 -9999.0 -9999.0 -9999.0 -9999.0 -9999.0 -9999.0 -9999.0 -9999.0 -9999.0 -9999.0 -9999.0 -9999.0 -9999.0 -9999.0 -9999.0 -9999.0 -9999.0 -9999.0 -9999.0 0.06 0.007 -0.336 0.083 0.079 0.056 0.053 0.079 0.073 0.083 0.083 0.083 0.035 0.083 0.083 0.083 0.072 0.078 0.081 0.082 0.083 0.083 0.014 0.02 0.083 0.026 0.048 0.016 0.083 0.083 0.083 0.064 0.072 0.02 0.071 0.021 0.083 0.047
-9999.0 -9999.0 -9999.0 -9999.0 -9999.0 -9999.0 -9999.0 -9999.0 -9999.0 -9999.0 -9999.0 -9999.0 -9999.0 -9999.0 -9999.0 -9999.0 -9999.0 -9999.0 -9999.0 -9999.0 -9999.0 -9999.0 -9999.0 -9999.0 -9999.0 -9999.0 -9999.0 -9999.0 -9999.0 -9999.0 -9999.0 -9999.0 -9999.0 -9999.0 -9999.0 0.083 0.047 0.049 0.083 0.083 0.083 0.083 0.083 0.065 0.083 0.083 0.083 0.083 0.083 0.03 0.083 0.078 0.07 0.022 0.044 0.083 0.083 0.028 0.082 0.083 0.025 0.023 0.023 0.083 0.083 0.083 0.066 0.077 0.066 0.079 0.069 0.083 0.083
-9999.0 -9999.0 -9999.0 -9999.0 -9999.0 -9999.0 -9999.0 -9999.0 -9999.0 -9999.0 -9999.0 -9999.0 -9999.0 -9999.0 -9999.0 -9999.0 -9999.0 -9999.0 -9999.0 -9999.0 -9999.0 0.044 -9999.0 -9999.0 -9999.0 -9999.0 -9999.0 -9999.0 -9999.0 -9999.0 -9999.0 -9999.0 -9999.0 -9999.0 0.083 0.083 0.067 0.083 0.083 0.076 0.07 0.083 0.074 0.083 0.065 0.044 0.072 0.047 0.021 0.031 0.048 0.083 0.043 0.083 0.083 0.025 0.083 0.024 -0.022 0.083 0.083 0.083 0.083 0.083 0.083 0.083 0.065 0.069 0.056 0.077 0.074 0.054 0.083
-9999.0 -9999.0 -9999.0 -9999.0 -9999.0 -9999.0 -9999.0 -9999.0 -9999.0 -9999.0 -9999.0 -9999.0 -9999.0 -9999.0 -9999.0 -9999.0 0.066 0.065 0.043 0.08 0.044 0.045 0.043 0.031 0.051 0.07 0.068 -9999.0 -9999.0 -9999.0 -9999.0 -9999.0 -9999.0 -9999.0 0.083 0.083 0.028 0.083 0.066 0.079 0.075 0.068 0.07 0.069 0.052 0.045 0.053 0.033 0.03 0.031 0.028 0.083 0.083 0.083 0.083 0.083 0.025 0.083 0.083 0.083 0.083 0.083 0.025 0.083 0.083 0.046 0.062 0.079 0.039 0.056 0.052 0.073 0.03
-9999.0 -9999.0 -9999.0 -9999.0 -9999.0 -9999.0 -9999.0 -9999.0 -9999.0 -9999.0 -9999.0 -9999.0 -9999.0 -9999.0 0.075 0.044 0.045 0.05 0.071 0.041 0.083 0.065 0.065 0.03 0.067 0.067 0.068 0.071 -9999.0 -9999.0 -9999.0 -9999.0 0.083 0.083 0.083 0.083 0.042 0.031 0.07 0.045 0.043 0.081 0.074 0.074 0.046 0.071 0.035 0.083 0.083 0.083 0.083 0.044 0.046 0.029 0.083 0.083 0.003 0.083 0.083 0.083 -0.03 0.058 0.083 0.083 0.083 0.059 0.061 0.072 0.083 0.083 0.083 0.068 0.07
-9999.0 -9999.0 -9999.0 -9999.0 -9999.0 -9999.0 -9999.0 -9999.0 -9999.0 -9999.0 -9999.0 -9999.0 -9999.0 -9999.0 0.065 -0.005 0.03 0.078 0.083 0.083 0.083 0.031 0.031 0.028 0.083 0.083 0.083 0.05 0.044 0.045 0.082 0.083 0.083 0.083 0.083 0.083 0.022 0.022 0.026 0.036 0.037 0.024 0.051 0.009 0.046 0.073 0.054 0.047 0.02 0.031 0.045 0.045 0.039 0.042 0.083 0.083 0.083 0.083 0.083 0.083 0.083 0.064 0.083 0.083 0.031 0.083 0.083 0.083 0.07 0.064 0.083 0.057 0.028
-9999.0 -9999.0 -9999.0 -9999.0 -9999.0 -9999.0 -9999.0 -9999.0 -9999.0 -9999.0 -9999.0 -9999.0 0.077 0.075 0.065 0.073 0.083 0.083 0.083 0.018 0.047 0.083 0.083 0.083 0.023 0.034 0.026 0.046 0.024 0.034 0.049 0.083 0.083 0.083 0.055 0.083 0.022 0.083 0.005 0.037 0.037 0.049 0.053 0.051 0.064 0.045 0.064 0.064 0.027 0.021 0.045 0.046 0.028 0.083 0.083 0.083 0.083 0.083 0.083 0.083 0.083 0.083 0.083 0.083 0.053 0.047 0.062 0.061 0.07 0.045 0.083 0.064 0.032
-9999.0 -9999.0 -9999.0 -9999.0 -9999.0 -9999.0 -9999.0 -9999.0 -9999.0 -9999.0 -9999.0 -9999.0 -9999.0 0.083 0.083 0.049 0.067 0.05 0.083 0.054 0.083 0.083 0.083 0.076 -0.67 0.016 0.037 0.026 0.03 0.036 0.029 0.043 0.029 0.083 0.051 0.052 0.083 0.083 0.042 0.083 0.083 0.083 0.083 0.019 0.036 0.026 0.027 0.036 0.053 0.055 0.05 0.028 0.016 0.029 0.083 0.083 0.083 0.083 0.083 0.083 0.083 0.083 0.083 0.083 0.008 -0.018 0.083 0.083 0.083 0.083 0.083 0.083 0.05
-9999.0 -9999.0 -9999.0 -9999.0 -9999.0 -9999.0 -9999.0 -9999.0 -9999.0 -9999.0 -9999.0 -9999.0 -9999.0 0.083 0.083 0.049 0.049 0.049 0.083 0.083 0.083 0.083 0.083 0.083 0.083 -0.56 -0.244 0.043 0.019 0.083 0.019 0.083 0.029 0.083 0.028 0.016 0.083 0.083 0.054 0.083 0.083 0.083 0.083 0.041 0.083 0.026 0.083 0.022 0.083 0.047 0.054 0.036 0.037 0.0 0.004 0.083 0.083 0.083 0.083 0.083 0.083 0.083 0.016 0.014 0.015 -0.021 0.081 0.083 0.083 0.083 0.083 0.083 0.067
-9999.0 -9999.0 -9999.0 -9999.0 -9999.0 -9999.0 -9999.0 -9999.0 -9999.0 -9999.0 -9999.0 -9999.0 -9999.0 0.055 0.043 0.043 0.073 0.083 0.032 0.028 0.083 0.083 0.083 0.083 0.028 -0.459 0.015 0.083 0.083 0.083 0.021 0.031 0.025 0.083 0.083 0.083 0.042 0.041 0.083 0.083 0.083 0.083 0.026 0.083 0.026 0.083 0.083 0.023 0.083 0.017 0.017 0.038 0.051 0.0 0.004 0.0 0.018 0.083 0.083 0.083 0.083 0.083 0.014 0.023 0.012 0.0 0.082 0.082 0.083 0.083 0.083 0.083 0.053
-9999.0 -9999.0 -9999.0 -9999.0 -9999.0 -9999.0 -9999.0 -9999.0 -9999.0 -9999.0 -9999.0 -9999.0 -9999.0 0.054 0.042 0.083 0.083 0.083 0.083 0.083 0.083 0.083 0.083 0.083 0.027 0.021 0.024 0.058 0.065 0.083 0.083 0.083 0.083 0.083 0.018 0.021 0.038 0.083 0.083 0.083 0.083 0.083 0.026 0.083 0.042 0.083 0.005 0.083 0.054 0.083 0.083 0.083 0.004 0.004 0.004 0.004 0.083 0.083 0.083 0.083 0.006 0.083 0.012 0.014 0.035 -0.04 0.077 0.081 0.08 0.082 0.083 0.083 0.058
-9999.0 -9999.0 -9999.0 -9999.0 -9999.0 -9999.0 -9999.0 -9999.0 -9999.0 -9999.0 -9999.0 -9999.0 0.083 0.06 0.043 0.079 0.044 0.046 0.083 0.083 0.083 0.053 0.083 0.068 0.057 0.036 0.054 0.083 0.034 0.083 0.021 0.044 0.083 0.083 0.083 0.012 0.083 0.083 0.083 0.083 0.083 0.083 0.083 0.039 0.083 0.083 0.083 0.029 0.076 0.031 0.066 0.051 0.083 0.017 0.083 0.083 0.083 0.083 0.083 0.083 0.016 0.083 -0.061 0.035 0.083 0.016 0.051 0.076 0.057 0.083 0.083 0.083 0.083
-9999.0 -9999.0 -9999.0 -9999.0 -9999.0 -9999.0 -9999.0 -9999.0 -9999.0 0.083 0.083 0.05 0.083 0.083 0.083 0.049 0.047 0.045 0.083 0.083 0.083 0.083 0.083 0.066 0.062 0.037 0.082 0.072 0.071 0.049 0.083 0.083 0.052 0.013 0.004 0.083 0.083 0.075 0.083 0.047 0.083 0.083 0.083 0.083 0.083 0.083 0.083 0.083 0.083 0.083 0.004 0.043 0.038 0.064 0.034 0.083 0.049 0.035 0.075 0.083 0.021 0.083 0.083 0.083 0.026 0.083 0.078 0.072 0.07 0.083 0.083 0.083 0.083
-9999.0 -9999.0 -9999.0 -9999.0 -9999.0 -9999.0 -9999.0 -9999.0 -9999.0 0.083 0.083 0.083 0.043 0.043 0.048 0.083 0.052 0.049 0.083 0.083 0.083 0.083 0.026 0.024 0.054 0.049 0.036 0.069 0.065 0.062 0.083 0.007 0.049 0.049 0.048 0.054 0.058 0.083 0.083 0.083 0.083 0.083 0.083 0.058 0.083 0.083 0.083 0.083 0.0 0.083 0.083 0.052 0.043 0.083 0.048 0.083 -0.109 -0.112 0.082 0.019 0.083 0.083 0.083 0.083 0.083 0.058 0.083 0.039 0.083 0.022 0.083 0.083 0.083
-9999.0 -9999.0 -9999.0 -9999.0 -9999.0 -9999.0 -9999.0 -9999.0 -9999.0 0.068 0.058 0.052 0.048 0.081 0.063 0.028 0.083 0.083 0.083 0.05 0.083 0.083 0.04 0.041 0.083 0.083 -0.664 -0.769 -0.605 0.083 0.083 0.062 0.062 0.049 0.04 0.083 0.083 0.083 0.083 0.083 0.053 0.083 0.083 0.083 0.058 0.083 0.014 0.083 0.083 0.083 0.083 0.083 0.083 0.083 -0.107 0.083 0.083 0.03 0.029 0.011 0.083 0.083 0.083 0.083 0.083 0.083 0.083 0.083 0.083 0.083 0.083 0.043 0.083
-9999.0 -9999.0 -9999.0 -9999.0 -9999.0 -9999.0 -9999.0 -9999.0 -9999.0 0.057 0.083 0.068 0.083 0.066 0.083 0.025 0.027 0.083 0.083 0.083 0.083 0.083 0.021 0.053 0.083 0.041 0.044 0.055 0.061 -0.839 0.083 0.066 0.06 0.047 0.041 0.038 0.035 0.083 0.083 0.053 0.083 0.075 0.083 0.083 0.083 0.083 0.083 0.083 0.083 0.083 0.083 0.083 0.083 0.083 0.083 0.083 0.083 -0.106 0.083 0.005 0.083 0.083 0.083 0.083 0.083 0.083 0.083 0.083 0.083 0.083 0.083 0.083 0.083
-9999.0 -9999.0 -9999.0 -9999.0 -9999.0 -9999.0 -9999.0 -9999.0 -9999.0 0.067 0.083 0.078 0.083 0.083 0.083 0.056 0.071 0.038 0.035 0.083 0.083 0.083 0.083 0.02 0.083 0.045 0.044 0.081 0.052 0.022 -1.087 0.058 0.048 0.045 0.043 0.041 0.083 0.035 0.083 0.083 0.083 0.083 0.083 0.083 0.083 0.083 0.083 0.083 0.034 0.083 0.083 0.083 0.083 0.083 0.083 0.083 0.083 0.083 0.083 0.071 0.083 0.083 0.083 0.083 0.083 0.083 0.044 0.083 0.083 0.083 0.083 0.083 0.083
-9999.0 -9999.0 -9999.0 -9999.0 -9999.0 -9999.0 -9999.0 -9999.0 0.083 0.063 0.068 0.069 0.083 0.02 0.083 0.083 0.083 0.083 0.083 0.083 0.083 0.083 0.031 0.035 0.06 0.05 0.083 0.044 0.04 0.039 0.054 0.055 0.046 0.042 0.038 0.04 0.04 0.034 0.022 0.083 0.083 0.083 0.083 0.083 0.008 0.083 0.083 0.083 -0.063 0.083 0.083 0.043 0.083 0.083 -0.102 0.083 0.083 0.083 0.083 0.083 0.083 0.083 0.048 0.083 0.083 0.083 0.083 0.083 0.083 0.083 0.083 0.083 0.083
-9999.0 -9999.0 -9999.0 -9999.0 -9999.0 -9999.0 -9999.0 -9999.0 0.083 0.083 0.083 0.071 0.042 0.065 0.047 0.029 0.058 0.051 0.083 0.083 0.083 0.012 0.083 0.051 0.064 0.083 0.078 0.082 0.083 0.083 0.043 0.053 0.069 0.066 0.037 0.083 0.079 0.074 0.074 0.009 0.012 0.083 0.083 0.083 0.083 0.083 0.083 0.039 0.041 0.057 0.048 0.044 0.045 0.083 0.083 0.032 0.083 0.083 0.061 0.083 0.083 0.083 0.083 0.083 0.083 0.083 0.083 0.083 0.083 0.083 0.029 0.083 0.069
-9999.0 -9999.0 -9999.0 -9999.0 -9999.0 -9999.0 -9999.0 -9999.0 0.077 0.078 0.077 0.076 0.064 0.077 0.055 0.07 0.055 0.066 0.083 0.034 0.083 0.083 0.083 0.029 0.072 0.078 0.083 0.083 0.081 0.08 0.077 0.082 0.071 0.052 0.048 0.072 0.083 0.083 0.076 0.083 0.078 0.083 0.083 0.083 0.083 0.044 0.083 0.058 0.03 0.05 0.045 0.056 0.083 0.083 0.075 0.083 0.032 0.083 0.083 0.083 0.083 0.083 0.083 0.083 0.001 0.083 0.032 0.083 0.083 0.083 0.083 0.083 0.083
-9999.0 -9999.0 -9999.0 -9999.0 -9999.0 -9999.0 -9999.0 -9999.0 -9999.0 0.073 0.083 0.071 0.064 0.071 0.057 0.063 0.056 0.022 0.083 0.083 0.064 0.052 0.024 0.027 0.011 0.074 0.083 0.083 0.081 0.082 0.058 0.077 0.071 0.083 0.049 0.028 0.056 0.083 0.064 0.083 0.054 0.075 0.056 0.046 0.083 0.058 0.083 0.059 -0.111 0.06 0.083 0.083 0.083 0.083 0.083 0.06 0.028 0.083 0.083 -0.055 0.083 0.083 -2.475 -7.337 0.083 0.083 0.083 0.083 0.083 0.083 0.083 0.01 0.036
-9999.0 -9999.0 -9999.0 -9999.0 -9999.0 -9999.0 -9999.0 -9999.0 -9999.0 -9999.0 0.083 0.075 0.066 0.063 0.064 0.038 0.053 0.083 0.083 0.053 0.083 0.035 0.032 0.028 0.01 0.072 0.074 0.083 0.083 0.082 0.061 0.042 0.042 0.083 0.043 0.032 0.052 0.052 0.062 0.065 0.072 0.075 0.081 0.083 0.053 0.083 0.08 0.068 0.083 0.075 0.083 0.068 0.083 0.083 0.069 0.074 0.055 0.019 0.019 0.033 0.083 0.083 -6.654 0.083 0.083 0.083 0.083 0.083 0.083 0.083 0.083 0.083 0.038
-9999.0 -9999.0 -9999.0 -9999.0 -9999.0 -9999.0 -9999.0 -9999.0 -9999.0 -9999.0 -9999.0 0.083 0.069 0.062 0.063 0.065 0.044 0.009 0.083 0.083 0.083 0.083 0.066 0.083 0.075 0.076 0.072 0.083 0.083 0.083 0.083 0.062 0.072 0.067 0.083 0.034 0.048 0.049 0.048 0.069 0.073 0.083 0.064 0.083 0.081 0.083 0.069 0.036 0.083 0.083 0.057 0.083 0.083 0.083 0.067 0.026 0.052 0.072 0.052 0.083 0.073 -0.389 0.083 0.083 0.083 0.083 -0.434 -0.237 0.083 -0.409 0.08 0.083 0.036
-9999.0 -9999.0 -9999.0 -9999.0 -9999.0 -9999.0 -9999.0 -9999.0 -9999.0 -9999.0 -9999.0 0.058 0.083 0.071 0.072 0.05 0.067 0.083 0.083 0.083 0.083 0.083 0.083 0.083 0.083 0.083 0.083 0.07 0.069 0.077 0.055 0.083 0.083 0.083 0.083 0.083 0.083 0.083 0.048 0.056 0.083 0.078 0.061 0.047 0.061 0.074 0.075 0.076 -0.089 -0.122 0.083 0.083 0.053 0.083 0.075 0.072 0.08 0.078 0.036 0.034 0.052 -0.39 0.013 0.083 0.083 0.083 0.083 0.083 -0.182 -0.15 -0.267 0.083 0.043
-9999.0 -9999.0 -9999.0 -9999.0 -9999.0 -9999.0 -9999.0 -9999.0 -9999.0 -9999.0 -9999.0 -9999.0 0.071 0.083 0.075 0.049 0.046 0.083 0.033 0.083 0.083 0.083 0.083 0.049 0.074 0.077 0.077 0.083 0.076 0.081 0.083 0.083 0.071 0.048 0.049 0.066 0.06 0.083 0.041 0.059 0.065 0.074 0.059 0.064 0.062 0.082 0.083 0.075 -0.078 -0.116 -0.113 0.059 0.055 0.083 0.067 0.02 0.079 0.06 0.083 0.062 0.034 -1.388 0.083 0.083 0.083 -4.063 -2.574 0.083 0.035 0.033 -0.107 -0.725 0.064
