static/jobfarm/user_models/minyf/common/HOME-GBHM/输出文件/Output/Grids/prec20020222.asc
ncols 221
nrows 204
xllcorner -627000.0
yllcorner 3955000.0
cellsize 900.0
NODATA_value -9999.0
[rows 132 to 164 of 204, columns 74 to 147 of 221]
0.219 0.22 0.221 0.219 0.223 0.137 0.137 0.138 0.139 0.139 0.139 0.14 0.14 0.14 0.141 0.229 0.228 0.227 0.226 0.226 0.225 0.225 0.224 0.223 0.222 0.222 0.221 0.221 0.22 0.22 0.219 0.219 0.218 0.217 0.217 0.216 0.216 0.215 0.215 0.215 0.214 0.213 0.213 0.234 0.233 0.232 0.232 0.231 0.231 0.231 0.231 0.23 0.229 0.228 0.228 0.229 0.228 0.228 0.227 0.227 0.225 0.223 0.222 0.223 0.223 0.222 0.222 0.221 0.221 0.221 0.22 0.219 0.219 0.218
0.219 0.22 0.221 0.218 0.223 0.136 0.137 0.137 0.138 0.138 0.139 0.139 0.139 0.139 0.14 0.228 0.228 0.227 0.226 0.225 0.225 0.224 0.223 0.223 0.222 0.221 0.22 0.22 0.219 0.218 0.218 0.217 0.217 0.216 0.216 0.215 0.215 0.214 0.213 0.213 0.213 0.212 0.211 0.211 0.232 0.232 0.231 0.231 0.23 0.23 0.23 0.229 0.229 0.227 0.227 0.228 0.227 0.227 0.226 0.226 0.224 0.223 0.221 0.22 0.222 0.221 0.221 0.22 0.22 0.22 0.219 0.218 0.217 0.216
0.218 0.219 0.219 0.218 0.222 0.136 0.137 0.137 0.138 0.138 0.138 0.137 0.138 0.138 0.139 0.227 0.227 0.226 0.226 0.225 0.225 0.223 0.223 0.222 0.221 0.221 0.22 0.219 0.218 0.217 0.217 0.216 0.216 0.215 0.215 0.214 0.213 0.213 0.212 0.212 0.211 0.211 0.21 0.209 0.208 0.231 0.23 0.23 0.229 0.229 0.229 0.228 0.227 0.226 0.227 0.227 0.226 0.226 0.225 0.225 0.224 0.223 0.221 0.22 0.22 0.22 0.22 0.219 0.219 0.218 0.218 0.217 0.216 0.215
0.217 0.217 0.218 0.218 0.218 0.134 0.136 0.137 0.137 0.137 0.137 0.137 0.138 0.138 0.138 0.226 0.226 0.226 0.226 0.225 0.225 0.224 0.224 0.222 0.221 0.22 0.219 0.218 0.217 0.217 0.216 0.215 0.215 0.214 0.214 0.213 0.212 0.212 0.211 0.21 0.21 0.209 0.209 0.208 0.207 0.207 0.229 0.229 0.228 0.228 0.227 0.227 0.226 0.225 0.226 0.225 0.225 0.225 0.224 0.224 0.223 0.222 0.22 0.219 0.219 0.219 0.219 0.218 0.218 0.217 0.217 0.216 0.215 0.214
0.216 0.217 0.218 0.219 0.131 0.131 0.133 0.135 0.136 0.136 0.137 0.137 0.137 0.138 0.137 0.225 0.225 0.224 0.224 0.224 0.224 0.224 0.223 0.222 0.222 0.22 0.219 0.217 0.216 0.216 0.215 0.214 0.214 0.213 0.212 0.212 0.211 0.21 0.21 0.209 0.208 0.208 0.207 0.207 0.206 0.205 0.205 0.228 0.228 0.227 0.226 0.226 0.225 0.224 0.224 0.224 0.224 0.223 0.223 0.222 0.222 0.221 0.221 0.219 0.217 0.218 0.218 0.217 0.217 0.216 0.216 0.215 0.214 0.213
-9999.0 0.216 0.217 0.218 0.132 0.131 0.131 0.133 0.134 0.135 0.136 0.136 0.136 0.137 0.137 0.225 0.224 0.223 0.223 0.222 0.222 0.222 0.223 0.222 0.22 0.22 0.218 0.217 0.215 0.215 0.214 0.213 0.213 0.212 0.211 0.211 0.21 0.209 0.209 0.208 0.207 0.207 0.206 0.205 0.205 0.204 0.204 0.227 0.227 0.226 0.226 0.224 0.224 0.224 0.223 0.223 0.223 0.223 0.222 0.221 0.221 0.22 0.22 0.219 0.218 0.216 0.217 0.216 0.216 0.215 0.214 0.213 0.213 0.212
-9999.0 0.216 0.217 0.218 0.131 0.132 0.131 0.13 0.132 0.134 0.135 0.135 0.136 0.136 0.136 0.225 0.224 0.222 0.222 0.221 0.221 0.22 0.221 0.221 0.221 0.22 0.218 0.216 0.215 0.214 0.213 0.212 0.212 0.211 0.21 0.21 0.209 0.208 0.208 0.207 0.206 0.206 0.205 0.204 0.204 0.203 0.202 0.202 0.226 0.225 0.225 0.224 0.223 0.223 0.223 0.222 0.222 0.221 0.221 0.22 0.219 0.219 0.219 0.218 0.217 0.215 0.215 0.215 0.215 0.214 0.213 0.212 0.212 0.211
-9999.0 -9999.0 0.217 0.218 0.131 0.131 0.131 0.13 0.129 0.133 0.134 0.134 0.135 0.135 0.135 0.224 0.222 0.222 0.222 0.221 0.22 0.219 0.219 0.218 0.219 0.219 0.217 0.215 0.213 0.213 0.212 0.211 0.211 0.21 0.209 0.209 0.208 0.207 0.207 0.206 0.205 0.205 0.204 0.203 0.203 0.202 0.201 0.201 0.2 0.225 0.224 0.223 0.222 0.222 0.222 0.221 0.221 0.22 0.22 0.219 0.218 0.218 0.217 0.217 0.216 0.214 0.214 0.214 0.214 0.213 0.212 0.211 0.211 0.21
-9999.0 -9999.0 0.216 0.218 0.13 0.13 0.131 0.13 0.128 0.132 0.133 0.133 0.133 0.134 0.133 0.222 0.221 0.221 0.221 0.221 0.219 0.218 0.217 0.216 0.217 0.216 0.216 0.214 0.212 0.212 0.211 0.21 0.21 0.209 0.208 0.208 0.207 0.206 0.206 0.205 0.204 0.203 0.203 0.202 0.201 0.201 0.2 0.2 0.199 0.198 0.223 0.223 0.221 0.221 0.221 0.22 0.22 0.219 0.219 0.218 0.217 0.217 0.216 0.215 0.214 0.213 0.213 0.213 0.213 0.212 0.211 0.211 0.21 0.209
-9999.0 -9999.0 0.215 0.217 0.129 0.13 0.13 0.13 0.127 0.131 0.131 0.132 0.133 0.132 0.132 0.221 0.22 0.221 0.221 0.221 0.219 0.218 0.216 0.215 0.214 0.214 0.214 0.213 0.212 0.211 0.21 0.209 0.209 0.208 0.207 0.207 0.206 0.205 0.205 0.204 0.203 0.202 0.202 0.201 0.2 0.2 0.199 0.198 0.198 0.197 0.196 0.222 0.221 0.22 0.22 0.219 0.219 0.218 0.218 0.217 0.217 0.216 0.215 0.214 0.213 0.212 0.212 0.212 0.212 0.211 0.21 0.21 0.209 0.209
-9999.0 -9999.0 -9999.0 -9999.0 -9999.0 0.129 -9999.0 0.129 0.126 0.13 0.13 0.13 0.131 0.131 0.131 0.22 0.22 0.22 0.22 0.22 0.217 0.218 0.216 0.214 0.213 0.212 0.212 0.212 0.211 0.21 0.209 0.208 0.208 0.207 0.206 0.206 0.205 0.204 0.204 0.203 0.202 0.201 0.201 0.2 0.199 0.199 0.198 0.197 0.197 0.196 0.195 0.194 0.22 0.219 0.219 0.218 0.218 0.217 0.217 0.216 0.216 0.215 0.214 0.213 0.212 0.212 0.211 0.211 0.211 0.21 0.21 0.209 0.208 0.208
-9999.0 -9999.0 -9999.0 -9999.0 -9999.0 -9999.0 -9999.0 0.125 0.126 0.129 0.129 0.129 0.13 0.13 0.13 0.22 0.219 0.22 0.22 0.219 0.217 0.217 0.216 0.215 0.213 0.212 0.211 0.211 0.21 0.209 0.208 0.207 0.207 0.206 0.205 0.205 0.204 0.203 0.202 0.202 0.201 0.2 0.2 0.199 0.198 0.198 0.197 0.196 0.195 0.195 0.194 0.193 0.192 0.218 0.218 0.217 0.217 0.217 0.216 0.215 0.215 0.214 0.213 0.212 0.212 0.211 0.21 0.21 0.21 0.209 0.209 0.208 0.208 0.207
-9999.0 -9999.0 -9999.0 -9999.0 -9999.0 -9999.0 -9999.0 -9999.0 -9999.0 0.128 0.128 0.129 0.129 0.129 0.129 0.22 0.219 0.218 0.219 0.218 0.217 0.216 0.215 0.214 0.213 0.211 0.21 0.209 0.209 0.208 0.207 0.206 0.206 0.205 0.204 0.204 0.203 0.202 0.201 0.201 0.2 0.199 0.198 0.198 0.197 0.196 0.196 0.195 0.194 0.194 0.193 0.192 0.191 0.218 0.217 0.217 0.216 0.216 0.215 0.215 0.214 0.213 0.213 0.212 0.211 0.21 0.209 0.209 0.209 0.209 0.208 0.207 0.207 0.206
-9999.0 -9999.0 -9999.0 -9999.0 -9999.0 -9999.0 -9999.0 -9999.0 -9999.0 -9999.0 0.128 0.128 0.128 0.128 0.128 0.218 0.219 0.217 0.217 0.217 0.216 0.215 0.214 0.213 0.212 0.211 0.21 0.209 0.208 0.207 0.206 0.205 0.205 0.204 0.203 0.203 0.202 0.201 0.2 0.2 0.199 0.198 0.197 0.197 0.196 0.195 0.195 0.194 0.193 0.193 0.192 0.191 0.19 0.189 0.216 0.216 0.215 0.215 0.214 0.214 0.213 0.213 0.212 0.211 0.21 0.21 0.209 0.208 0.207 0.207 0.207 0.207 0.206 0.205
-9999.0 -9999.0 -9999.0 -9999.0 -9999.0 -9999.0 -9999.0 -9999.0 -9999.0 -9999.0 -9999.0 0.127 0.127 0.128 0.128 0.218 0.217 0.216 0.216 0.216 0.216 0.215 0.213 0.212 0.211 0.21 0.209 0.208 0.207 0.207 0.206 0.205 0.204 0.203 0.202 0.202 0.201 0.2 0.199 0.199 0.198 0.197 0.196 0.196 0.195 0.194 0.194 0.193 0.192 0.192 0.191 0.19 0.189 0.188 0.187 0.215 0.214 0.214 0.213 0.213 0.212 0.212 0.211 0.21 0.21 0.209 0.208 0.207 0.206 0.206 0.206 0.205 0.205 0.204
-9999.0 -9999.0 -9999.0 -9999.0 -9999.0 -9999.0 -9999.0 -9999.0 -9999.0 -9999.0 -9999.0 -9999.0 0.127 0.127 0.127 0.218 0.216 0.216 0.216 0.215 0.215 0.215 0.213 0.212 0.21 0.209 0.208 0.207 0.207 0.206 0.205 0.204 0.203 0.202 0.201 0.201 0.2 0.199 0.198 0.198 0.197 0.196 0.195 0.195 0.194 0.193 0.193 0.192 0.191 0.19 0.19 0.189 0.188 0.187 0.187 0.186 0.214 0.213 0.213 0.212 0.211 0.211 0.21 0.21 0.209 0.208 0.207 0.207 0.206 0.205 0.204 0.204 0.204 0.203
-9999.0 -9999.0 -9999.0 -9999.0 -9999.0 -9999.0 -9999.0 -9999.0 -9999.0 -9999.0 -9999.0 -9999.0 -9999.0 -9999.0 -9999.0 -9999.0 0.216 0.215 0.215 0.214 0.214 0.213 0.213 0.21 0.21 0.209 0.207 0.207 0.206 0.206 0.204 0.203 0.202 0.201 0.2 0.2 0.199 0.198 0.197 0.197 0.196 0.195 0.194 0.194 0.193 0.192 0.192 0.191 0.19 0.189 0.189 0.188 0.187 0.187 0.186 0.185 0.184 0.212 0.212 0.211 0.211 0.21 0.21 0.209 0.208 0.208 0.207 0.206 0.205 0.204 0.204 0.203 0.203 0.202
-9999.0 -9999.0 -9999.0 -9999.0 -9999.0 -9999.0 -9999.0 -9999.0 -9999.0 -9999.0 -9999.0 -9999.0 -9999.0 -9999.0 -9999.0 -9999.0 -9999.0 -9999.0 -9999.0 -9999.0 0.213 0.212 0.211 0.21 0.209 0.208 0.208 0.207 0.206 0.205 0.204 0.203 0.201 0.2 0.199 0.199 0.198 0.197 0.197 0.196 0.195 0.194 0.194 0.193 0.192 0.192 0.191 0.19 0.189 0.188 0.188 0.187 0.186 0.186 0.185 0.184 0.183 0.182 0.211 0.21 0.21 0.209 0.209 0.208 0.208 0.207 0.206 0.205 0.205 0.204 0.203 0.202 0.202 0.202
-9999.0 -9999.0 -9999.0 -9999.0 -9999.0 -9999.0 -9999.0 -9999.0 -9999.0 -9999.0 -9999.0 -9999.0 -9999.0 -9999.0 -9999.0 -9999.0 -9999.0 -9999.0 -9999.0 -9999.0 -9999.0 0.212 0.211 0.209 0.209 0.208 0.208 0.207 0.206 0.204 0.203 0.202 0.201 0.199 0.198 0.198 0.197 0.196 0.196 0.195 0.194 0.193 0.193 0.192 0.191 0.191 0.19 0.189 0.188 0.188 0.187 0.186 0.185 0.184 0.183 0.182 0.182 0.181 0.18 0.21 0.209 0.208 0.208 0.207 0.207 0.206 0.205 0.205 0.204 0.203 0.202 0.202 0.201 0.201
-9999.0 -9999.0 -9999.0 -9999.0 -9999.0 -9999.0 -9999.0 -9999.0 -9999.0 -9999.0 -9999.0 -9999.0 -9999.0 -9999.0 -9999.0 -9999.0 -9999.0 -9999.0 -9999.0 -9999.0 -9999.0 -9999.0 0.21 0.209 0.209 0.207 0.207 0.206 0.204 0.203 0.202 0.201 0.2 0.199 0.198 0.197 0.196 0.195 0.195 0.194 0.193 0.192 0.192 0.191 0.19 0.19 0.189 0.188 0.188 0.187 0.186 0.185 0.184 0.183 0.182 0.181 0.181 0.18 0.179 0.178 0.208 0.208 0.207 0.206 0.206 0.205 0.205 0.204 0.203 0.203 0.202 0.201 0.201 0.2
-9999.0 -9999.0 -9999.0 -9999.0 -9999.0 -9999.0 -9999.0 -9999.0 -9999.0 -9999.0 -9999.0 -9999.0 -9999.0 -9999.0 -9999.0 -9999.0 -9999.0 -9999.0 -9999.0 -9999.0 -9999.0 -9999.0 -9999.0 0.209 0.207 0.206 0.205 0.203 0.202 0.202 0.201 0.2 0.199 0.198 0.197 0.196 0.195 0.195 0.194 0.193 0.192 0.192 0.191 0.191 0.19 0.189 0.189 0.188 0.187 0.186 0.185 0.184 0.183 0.182 0.181 0.18 0.18 0.179 0.178 0.177 0.177 0.207 0.206 0.206 0.205 0.205 0.204 0.203 0.203 0.202 0.201 0.2 0.199 0.199
-9999.0 -9999.0 -9999.0 -9999.0 -9999.0 -9999.0 -9999.0 -9999.0 -9999.0 -9999.0 -9999.0 -9999.0 -9999.0 -9999.0 -9999.0 -9999.0 -9999.0 -9999.0 -9999.0 -9999.0 -9999.0 -9999.0 -9999.0 0.208 0.206 0.205 0.203 0.202 0.202 0.201 0.2 0.198 0.197 0.197 0.196 0.195 0.194 0.194 0.193 0.192 0.192 0.191 0.19 0.19 0.189 0.188 0.188 0.187 0.186 0.186 0.185 0.184 0.182 0.181 0.18 0.179 0.179 0.178 0.177 0.176 0.176 0.175 0.174 0.205 0.204 0.204 0.203 0.203 0.202 0.201 0.201 0.199 0.199 0.198
-9999.0 -9999.0 -9999.0 -9999.0 -9999.0 -9999.0 -9999.0 -9999.0 -9999.0 -9999.0 -9999.0 -9999.0 -9999.0 -9999.0 -9999.0 -9999.0 -9999.0 -9999.0 -9999.0 -9999.0 -9999.0 -9999.0 -9999.0 -9999.0 0.206 0.205 0.203 0.202 0.2 0.199 0.198 0.197 0.197 0.196 0.195 0.194 0.193 0.193 0.192 0.191 0.191 0.19 0.189 0.189 0.189 0.188 0.187 0.187 0.186 0.185 0.184 0.183 0.182 0.181 0.18 0.179 0.178 0.177 0.176 0.175 0.175 0.174 0.173 0.172 0.204 0.203 0.202 0.202 0.201 0.2 0.2 0.199 0.198 0.197
-9999.0 -9999.0 -9999.0 -9999.0 -9999.0 -9999.0 -9999.0 -9999.0 -9999.0 -9999.0 -9999.0 -9999.0 -9999.0 -9999.0 -9999.0 -9999.0 -9999.0 -9999.0 -9999.0 -9999.0 -9999.0 -9999.0 -9999.0 -9999.0 -9999.0 -9999.0 -9999.0 0.202 0.2 0.199 0.198 0.197 0.196 0.195 0.194 0.193 0.193 0.192 0.191 0.191 0.19 0.189 0.189 0.188 0.188 0.188 0.187 0.186 0.185 0.184 0.183 0.183 0.181 0.18 0.179 0.178 0.177 0.176 0.175 0.175 0.174 0.173 0.172 0.171 -9999.0 0.202 0.202 0.201 0.2 0.2 0.199 0.198 0.197 0.196
-9999.0 -9999.0 -9999.0 -9999.0 -9999.0 -9999.0 -9999.0 -9999.0 -9999.0 -9999.0 -9999.0 -9999.0 -9999.0 -9999.0 -9999.0 -9999.0 -9999.0 -9999.0 -9999.0 -9999.0 -9999.0 -9999.0 -9999.0 -9999.0 -9999.0 -9999.0 -9999.0 -9999.0 -9999.0 0.198 0.197 0.197 0.196 0.194 0.193 0.193 0.192 0.191 0.191 0.191 0.19 0.189 0.188 0.187 0.187 0.187 0.186 0.185 0.185 0.183 0.182 0.182 0.181 0.18 0.179 0.178 0.176 0.175 0.174 0.174 0.173 0.172 0.172 -9999.0 -9999.0 -9999.0 0.201 0.2 0.2 0.199 0.198 0.198 0.197 0.196
-9999.0 -9999.0 -9999.0 -9999.0 -9999.0 -9999.0 -9999.0 -9999.0 -9999.0 -9999.0 -9999.0 -9999.0 -9999.0 -9999.0 -9999.0 -9999.0 -9999.0 -9999.0 -9999.0 -9999.0 -9999.0 -9999.0 -9999.0 -9999.0 -9999.0 -9999.0 -9999.0 -9999.0 -9999.0 -9999.0 0.197 0.196 0.195 0.194 0.193 0.192 0.191 0.191 0.19 0.19 0.189 0.189 0.188 0.187 0.186 0.186 0.185 0.184 0.184 0.183 0.182 0.181 0.18 0.179 0.179 0.177 0.176 0.175 0.174 0.173 0.172 0.171 -9999.0 -9999.0 -9999.0 -9999.0 -9999.0 0.2 0.199 0.198 0.198 0.197 0.196 0.195
-9999.0 -9999.0 -9999.0 -9999.0 -9999.0 -9999.0 -9999.0 -9999.0 -9999.0 -9999.0 -9999.0 -9999.0 -9999.0 -9999.0 -9999.0 -9999.0 -9999.0 -9999.0 -9999.0 -9999.0 -9999.0 -9999.0 -9999.0 -9999.0 -9999.0 -9999.0 -9999.0 -9999.0 -9999.0 -9999.0 -9999.0 0.195 0.195 0.194 0.193 0.192 0.191 0.19 0.19 0.189 0.189 0.189 0.188 0.186 0.185 0.185 0.184 0.183 0.183 0.182 0.181 0.18 0.18 0.178 0.178 0.177 0.175 0.174 0.173 0.172 0.171 -9999.0 -9999.0 -9999.0 -9999.0 -9999.0 -9999.0 -9999.0 -9999.0 0.198 0.197 0.196 0.196 0.195
-9999.0 -9999.0 -9999.0 -9999.0 -9999.0 -9999.0 -9999.0 -9999.0 -9999.0 -9999.0 -9999.0 -9999.0 -9999.0 -9999.0 -9999.0 -9999.0 -9999.0 -9999.0 -9999.0 -9999.0 -9999.0 -9999.0 -9999.0 -9999.0 -9999.0 -9999.0 -9999.0 -9999.0 -9999.0 -9999.0 -9999.0 0.0 0.194 0.193 0.192 0.192 0.191 0.19 0.189 0.189 0.188 0.188 0.187 0.186 0.184 0.184 0.183 0.182 0.181 0.181 0.18 0.18 0.179 0.177 0.177 0.175 0.175 0.173 0.172 0.171 -9999.0 -9999.0 -9999.0 -9999.0 -9999.0 -9999.0 -9999.0 -9999.0 -9999.0 -9999.0 0.196 0.196 0.195 0.194
-9999.0 -9999.0 -9999.0 -9999.0 -9999.0 -9999.0 -9999.0 -9999.0 -9999.0 -9999.0 -9999.0 -9999.0 -9999.0 -9999.0 -9999.0 -9999.0 -9999.0 -9999.0 -9999.0 -9999.0 -9999.0 -9999.0 -9999.0 -9999.0 -9999.0 -9999.0 -9999.0 -9999.0 -9999.0 -9999.0 -9999.0 -9999.0 0.0 0.0 0.0 0.191 0.19 0.19 0.189 0.188 0.188 0.187 0.186 0.185 0.184 0.183 0.182 0.181 0.18 0.18 0.18 0.18 0.179 0.177 0.176 0.174 0.174 0.173 0.172 0.17 0.169 0.169 -9999.0 -9999.0 -9999.0 -9999.0 -9999.0 -9999.0 -9999.0 -9999.0 -9999.0 -9999.0 -9999.0 0.194
-9999.0 -9999.0 -9999.0 -9999.0 -9999.0 -9999.0 -9999.0 -9999.0 -9999.0 -9999.0 -9999.0 -9999.0 -9999.0 -9999.0 -9999.0 -9999.0 -9999.0 -9999.0 -9999.0 -9999.0 -9999.0 -9999.0 -9999.0 -9999.0 -9999.0 -9999.0 -9999.0 -9999.0 -9999.0 -9999.0 -9999.0 -9999.0 -9999.0 -9999.0 0.0 0.0 0.0 0.0 0.189 0.188 0.187 0.186 0.184 0.184 0.183 0.182 0.181 0.179 0.179 0.179 0.179 0.179 0.178 0.177 0.176 0.174 0.173 0.172 0.171 0.17 0.169 0.168 0.167 -9999.0 -9999.0 -9999.0 -9999.0 -9999.0 -9999.0 -9999.0 -9999.0 -9999.0 -9999.0 -9999.0
-9999.0 -9999.0 -9999.0 -9999.0 -9999.0 -9999.0 -9999.0 -9999.0 -9999.0 -9999.0 -9999.0 -9999.0 -9999.0 -9999.0 -9999.0 -9999.0 -9999.0 -9999.0 -9999.0 -9999.0 -9999.0 -9999.0 -9999.0 -9999.0 -9999.0 -9999.0 -9999.0 -9999.0 -9999.0 -9999.0 -9999.0 -9999.0 -9999.0 -9999.0 0.0 0.0 0.0 0.0 0.0 0.0 0.0 0.185 0.182 0.182 0.182 0.18 0.18 0.177 0.177 0.178 0.178 0.178 0.177 0.176 0.175 0.174 0.173 0.172 0.17 0.169 0.168 0.167 0.167 0.166 -9999.0 -9999.0 -9999.0 -9999.0 -9999.0 -9999.0 -9999.0 -9999.0 -9999.0 -9999.0
-9999.0 -9999.0 -9999.0 -9999.0 -9999.0 -9999.0 -9999.0 -9999.0 -9999.0 -9999.0 -9999.0 -9999.0 -9999.0 -9999.0 -9999.0 -9999.0 -9999.0 -9999.0 -9999.0 -9999.0 -9999.0 -9999.0 -9999.0 -9999.0 -9999.0 -9999.0 -9999.0 -9999.0 -9999.0 -9999.0 -9999.0 -9999.0 -9999.0 -9999.0 -9999.0 -9999.0 -9999.0 -9999.0 -9999.0 0.0 0.0 0.0 0.0 0.0 0.178 0.178 0.177 0.179 0.177 0.175 0.176 0.177 0.176 0.175 0.174 0.173 0.172 0.171 0.17 0.169 0.167 0.166 0.165 0.165 0.165 -9999.0 -9999.0 -9999.0 -9999.0 -9999.0 -9999.0 -9999.0 -9999.0 -9999.0
-9999.0 -9999.0 -9999.0 -9999.0 -9999.0 -9999.0 -9999.0 -9999.0 -9999.0 -9999.0 -9999.0 -9999.0 -9999.0 -9999.0 -9999.0 -9999.0 -9999.0 -9999.0 -9999.0 -9999.0 -9999.0 -9999.0 -9999.0 -9999.0 -9999.0 -9999.0 -9999.0 -9999.0 -9999.0 -9999.0 -9999.0 -9999.0 -9999.0 -9999.0 -9999.0 -9999.0 -9999.0 -9999.0 -9999.0 -9999.0 -9999.0 0.0 0.0 0.0 0.0 0.0 0.0 0.0 0.177 0.175 0.173 0.174 0.175 0.173 0.173 0.172 0.171 0.17 0.169 0.168 0.167 0.166 0.164 0.164 0.164 0.163 0.162 -9999.0 -9999.0 -9999.0 -9999.0 -9999.0 -9999.0 -9999.0
