static/jobfarm/user_models/minyf/common/HOME-GBHM/输出文件/Output/Grids/prec20020222.asc
ncols 221
nrows 204
xllcorner -627000.0
yllcorner 3955000.0
cellsize 900.0
NODATA_value -9999.0
[rows 99 to 131 of 204, columns 74 to 147 of 221]
0.16 0.161 0.162 0.163 0.164 0.166 0.167 0.168 0.169 0.229 0.23 0.231 0.232 0.234 0.235 0.236 0.149 0.149 0.15 0.151 0.152 0.152 0.152 0.152 0.152 0.18 0.179 0.182 0.183 0.183 0.184 0.185 0.186 0.186 0.186 0.184 0.183 0.186 0.188 0.187 0.187 0.188 0.189 0.19 0.19 0.19 0.19 0.191 0.192 0.191 0.191 0.194 0.195 0.194 0.195 0.195 0.196 0.196 0.195 0.191 0.194 0.196 0.197 0.197 0.197 0.197 0.197 0.198 0.198 0.198 0.198 0.198 0.198 0.199
0.16 0.161 0.162 0.163 0.164 0.165 0.167 0.168 0.169 0.171 0.231 0.231 0.232 0.234 0.235 0.147 0.147 0.149 0.149 0.15 0.151 0.151 0.151 0.151 0.151 0.178 0.18 0.182 0.183 0.183 0.184 0.185 0.185 0.185 0.184 0.182 0.186 0.187 0.188 0.188 0.189 0.189 0.189 0.189 0.189 0.19 0.19 0.19 0.191 0.192 0.19 0.193 0.194 0.195 0.194 0.194 0.194 0.195 0.194 0.19 0.194 0.196 0.197 0.197 0.197 0.197 0.197 0.197 0.197 0.197 0.198 0.198 0.198 0.254
0.159 0.16 0.161 0.162 0.164 0.165 0.166 0.168 0.169 0.17 0.231 0.232 0.233 0.233 0.235 0.146 0.147 0.148 0.149 0.149 0.15 0.15 0.15 0.15 0.149 0.15 0.18 0.181 0.182 0.183 0.184 0.184 0.184 0.184 0.181 0.185 0.187 0.187 0.188 0.188 0.189 0.189 0.189 0.189 0.189 0.189 0.189 0.19 0.19 0.19 0.19 0.192 0.193 0.194 0.194 0.193 0.193 0.193 0.193 0.19 0.194 0.196 0.196 0.197 0.197 0.197 0.197 0.197 0.197 0.197 0.197 0.197 0.254 0.253
0.159 0.16 0.161 0.162 0.163 0.165 0.166 0.167 0.168 0.17 0.231 0.232 0.233 0.234 0.145 0.146 0.147 0.148 0.148 0.148 0.149 0.149 0.148 0.148 0.15 0.151 0.18 0.181 0.182 0.182 0.183 0.183 0.183 0.181 0.184 0.185 0.186 0.187 0.187 0.188 0.189 0.189 0.189 0.189 0.189 0.189 0.189 0.189 0.189 0.189 0.189 0.192 0.193 0.193 0.193 0.193 0.193 0.192 0.19 0.189 0.194 0.195 0.195 0.196 0.196 0.196 0.196 0.197 0.197 0.197 0.196 0.254 0.253 0.252
0.159 0.16 0.161 0.162 0.164 0.165 0.166 0.167 0.168 0.169 0.171 0.232 0.233 0.235 0.145 0.146 0.146 0.147 0.146 0.146 0.147 0.147 0.148 0.149 0.15 0.151 0.151 0.18 0.18 0.181 0.182 0.182 0.18 0.182 0.184 0.185 0.185 0.186 0.187 0.187 0.188 0.188 0.186 0.189 0.189 0.189 0.188 0.189 0.189 0.189 0.189 0.191 0.192 0.192 0.193 0.192 0.192 0.191 0.19 0.188 0.193 0.194 0.195 0.196 0.196 0.196 0.196 0.196 0.196 0.255 0.254 0.254 0.253 0.252
0.157 0.158 0.161 0.163 0.164 0.165 0.166 0.167 0.168 0.169 0.17 0.232 0.233 0.234 0.144 0.145 0.145 0.145 0.146 0.146 0.147 0.147 0.148 0.149 0.149 0.15 0.15 0.179 0.178 0.178 0.179 0.179 0.182 0.183 0.184 0.184 0.185 0.185 0.186 0.187 0.187 0.186 0.183 0.187 0.188 0.189 0.189 0.188 0.189 0.189 0.188 0.19 0.191 0.191 0.192 0.192 0.192 0.191 0.189 0.187 0.192 0.193 0.194 0.195 0.195 0.196 0.196 0.196 0.256 0.255 0.254 0.254 0.253 0.252
0.158 0.158 0.159 0.162 0.164 0.165 0.166 0.167 0.168 0.169 0.17 0.232 0.233 0.143 0.144 0.144 0.144 0.146 0.146 0.146 0.147 0.147 0.148 0.148 0.148 0.149 0.148 0.148 0.18 0.18 0.181 0.181 0.183 0.183 0.183 0.184 0.184 0.185 0.185 0.187 0.186 0.182 0.186 0.188 0.188 0.189 0.189 0.189 0.188 0.188 0.189 0.188 0.188 0.189 0.191 0.192 0.192 0.191 0.186 0.189 0.192 0.192 0.193 0.193 0.194 0.195 0.195 0.255 0.254 0.254 0.253 0.253 0.252 0.251
0.159 0.16 0.159 0.162 0.164 0.165 0.167 0.167 0.168 0.169 0.17 0.233 0.234 0.143 0.143 0.144 0.144 0.144 0.145 0.145 0.145 0.147 0.147 0.146 0.147 0.147 0.148 0.149 0.18 0.18 0.181 0.182 0.182 0.182 0.183 0.183 0.184 0.185 0.185 0.186 0.185 0.181 0.186 0.187 0.188 0.188 0.189 0.189 0.189 0.189 0.189 0.188 0.188 0.188 0.189 0.19 0.191 0.191 0.188 0.186 0.191 0.191 0.191 0.193 0.193 0.255 0.254 0.254 0.253 0.253 0.252 0.252 0.251 0.251
0.159 0.16 0.161 0.16 0.163 0.165 0.166 0.167 0.168 0.169 0.169 0.233 0.142 0.142 0.143 0.143 0.143 0.144 0.144 0.145 0.145 0.145 0.145 0.146 0.146 0.147 0.148 0.149 0.179 0.18 0.181 0.181 0.182 0.182 0.182 0.183 0.184 0.184 0.185 0.185 0.182 0.181 0.184 0.186 0.187 0.186 0.187 0.189 0.189 0.188 0.189 0.187 0.188 0.188 0.188 0.188 0.189 0.19 0.188 0.185 0.19 0.19 0.19 0.192 0.253 0.253 0.253 0.252 0.252 0.252 0.251 0.251 0.25 0.25
0.159 0.16 0.161 0.16 0.163 0.165 0.166 0.167 0.168 0.168 0.169 0.17 0.142 0.142 0.142 0.143 0.143 0.144 0.144 0.145 0.145 0.146 0.146 0.146 0.147 0.147 0.147 0.148 0.149 0.179 0.18 0.179 0.181 0.181 0.181 0.181 0.183 0.182 0.182 0.182 0.183 0.184 0.181 0.185 0.186 0.186 0.187 0.188 0.187 0.183 0.185 0.188 0.189 0.188 0.188 0.187 0.188 0.189 0.187 0.185 0.187 0.19 0.252 0.253 0.252 0.251 0.251 0.251 0.251 0.25 0.25 0.25 0.249 0.249
0.158 0.159 0.16 0.161 0.161 0.164 0.166 0.167 0.168 0.168 0.169 0.17 0.141 0.142 0.142 0.142 0.143 0.144 0.144 0.145 0.145 0.146 0.146 0.146 0.147 0.147 0.147 0.147 0.148 0.178 0.178 0.179 0.179 0.18 0.18 0.18 0.181 0.181 0.181 0.182 0.184 0.183 0.18 0.184 0.185 0.185 0.186 0.187 0.187 0.184 0.183 0.187 0.188 0.188 0.188 0.188 0.187 0.187 0.184 0.186 0.188 0.251 0.252 0.252 0.251 0.251 0.25 0.249 0.249 0.249 0.249 0.248 0.248 0.247
0.157 0.159 0.16 0.161 0.161 0.162 0.165 0.167 0.168 0.168 0.169 0.117 0.141 0.141 0.142 0.142 0.143 0.144 0.145 0.145 0.145 0.146 0.146 0.146 0.147 0.147 0.147 0.147 0.147 0.148 0.179 0.18 0.18 0.181 0.181 0.182 0.181 0.182 0.182 0.183 0.183 0.184 0.182 0.18 0.183 0.185 0.185 0.186 0.186 0.186 0.182 0.184 0.187 0.187 0.187 0.187 0.187 0.186 0.184 0.245 0.249 0.249 0.25 0.25 0.25 0.249 0.249 0.248 0.248 0.248 0.248 0.247 0.247 0.246
0.157 0.158 0.159 0.161 0.162 0.162 0.164 0.166 0.167 0.168 0.169 0.117 0.141 0.141 0.141 0.142 0.142 0.143 0.144 0.144 0.145 0.145 0.146 0.146 0.147 0.147 0.147 0.147 0.147 0.147 0.179 0.179 0.18 0.18 0.181 0.181 0.181 0.181 0.182 0.182 0.182 0.182 0.181 0.18 0.182 0.183 0.184 0.184 0.185 0.185 0.182 0.183 0.185 0.186 0.186 0.187 0.186 0.186 0.248 0.244 0.247 0.248 0.249 0.249 0.249 0.248 0.248 0.246 0.246 0.247 0.247 0.246 0.246 0.245
0.157 0.158 0.159 0.16 0.162 0.163 0.163 0.165 0.167 0.168 0.116 0.116 0.116 0.141 0.141 0.141 0.142 0.142 0.143 0.144 0.144 0.145 0.145 0.146 0.146 0.146 0.147 0.147 0.147 0.147 0.147 0.179 0.18 0.18 0.18 0.18 0.18 0.181 0.181 0.182 0.182 0.181 0.181 0.179 0.181 0.183 0.183 0.184 0.184 0.183 0.181 0.184 0.184 0.185 0.186 0.185 0.249 0.249 0.247 0.243 0.245 0.246 0.246 0.247 0.247 0.247 0.246 0.245 0.245 0.246 0.245 0.245 0.244 0.243
0.156 0.157 0.159 0.16 0.162 0.163 0.162 0.165 0.166 0.167 0.115 0.116 0.116 0.14 0.14 0.141 0.141 0.142 0.142 0.143 0.144 0.144 0.145 0.145 0.145 0.146 0.146 0.147 0.146 0.147 0.147 0.179 0.179 0.18 0.18 0.18 0.18 0.18 0.181 0.181 0.181 0.181 0.181 0.179 0.182 0.183 0.183 0.183 0.183 0.183 0.18 0.182 0.184 0.184 0.185 0.25 0.248 0.247 0.246 0.242 0.244 0.246 0.246 0.246 0.246 0.245 0.244 0.244 0.244 0.244 0.244 0.244 0.243 0.242
0.156 0.157 0.158 0.16 0.161 0.162 0.163 0.163 0.166 0.167 0.115 0.115 0.116 0.14 0.14 0.14 0.141 0.141 0.142 0.142 0.143 0.143 0.144 0.144 0.145 0.145 0.146 0.146 0.145 0.147 0.147 0.147 0.179 0.179 0.18 0.179 0.179 0.18 0.18 0.181 0.181 0.181 0.18 0.178 0.181 0.182 0.183 0.183 0.183 0.182 0.18 0.181 0.183 0.249 0.249 0.248 0.247 0.246 0.244 0.241 0.245 0.246 0.246 0.245 0.245 0.244 0.243 0.242 0.243 0.243 0.242 0.241 0.24 0.24
0.155 0.157 0.157 0.159 0.16 0.162 0.163 0.163 0.165 0.114 0.114 0.115 0.115 0.14 0.14 0.14 0.141 0.141 0.141 0.142 0.142 0.143 0.143 0.144 0.144 0.145 0.145 0.145 0.145 0.145 0.146 0.147 0.147 0.179 0.179 0.178 0.179 0.179 0.18 0.18 0.18 0.18 0.18 0.178 0.181 0.182 0.182 0.182 0.182 0.182 0.182 0.245 0.246 0.247 0.248 0.246 0.247 0.244 0.24 0.244 0.245 0.245 0.244 0.243 0.244 0.243 0.243 0.242 0.241 0.241 0.24 0.239 0.239 0.237
0.154 0.156 0.157 0.158 0.16 0.161 0.162 0.163 0.166 0.114 0.114 0.114 0.115 0.139 0.139 0.14 0.14 0.141 0.141 0.141 0.142 0.142 0.143 0.143 0.144 0.144 0.144 0.144 0.144 0.145 0.145 0.146 0.146 0.178 0.178 0.178 0.178 0.178 0.179 0.179 0.18 0.18 0.18 0.177 0.179 0.18 0.181 0.181 0.181 0.248 0.247 0.245 0.244 0.246 0.247 0.246 0.245 0.242 0.239 0.243 0.243 0.243 0.243 0.242 0.242 0.242 0.241 0.241 0.24 0.239 0.237 0.237 0.235 0.234
0.154 0.155 0.157 0.158 0.159 0.161 0.161 0.162 0.165 0.113 0.113 0.114 0.114 0.139 0.139 0.139 0.14 0.141 0.141 0.141 0.141 0.142 0.142 0.143 0.143 0.144 0.144 0.144 0.144 0.144 0.144 0.145 0.145 0.145 0.177 0.177 0.177 0.177 0.178 0.178 0.179 0.179 0.179 0.179 0.177 0.179 0.18 0.249 0.249 0.248 0.247 0.244 0.243 0.244 0.245 0.244 0.243 0.242 0.238 0.241 0.242 0.242 0.242 0.241 0.241 0.24 0.239 0.239 0.239 0.239 0.237 0.235 0.233 0.232
0.154 0.155 0.156 0.158 0.159 0.16 0.161 0.162 0.164 0.112 0.113 0.113 0.114 0.114 0.139 0.139 0.14 0.14 0.141 0.141 0.141 0.141 0.142 0.142 0.143 0.143 0.143 0.143 0.143 0.143 0.144 0.144 0.144 0.145 0.177 0.177 0.177 0.177 0.177 0.178 0.178 0.179 0.179 0.178 0.176 0.248 0.248 0.248 0.247 0.246 0.245 0.244 0.242 0.244 0.245 0.243 0.242 0.241 0.237 0.24 0.24 0.241 0.241 0.241 0.24 0.239 0.238 0.237 0.238 0.238 0.237 0.236 0.233 0.231
0.154 0.155 0.156 0.157 0.159 0.159 0.161 0.162 0.11 0.111 0.112 0.112 0.113 0.113 0.138 0.139 0.14 0.14 0.14 0.141 0.141 0.141 0.141 0.142 0.142 0.142 0.143 0.143 0.142 0.143 0.143 0.144 0.144 0.144 0.144 0.177 0.177 0.176 0.177 0.177 0.178 0.178 0.178 0.248 0.244 0.245 0.247 0.247 0.246 0.245 0.245 0.243 0.241 0.243 0.244 0.242 0.241 0.24 0.236 0.24 0.24 0.24 0.24 0.24 0.239 0.239 0.237 0.236 0.236 0.236 0.236 0.235 0.234 0.23
0.154 0.155 0.156 0.157 0.158 0.159 0.16 0.162 0.11 0.11 0.111 0.112 0.112 0.112 0.138 0.139 0.139 0.139 0.14 0.14 0.14 0.141 0.141 0.141 0.141 0.142 0.142 0.142 0.142 0.143 0.143 0.143 0.143 0.144 0.144 0.176 0.176 0.176 0.176 0.176 0.177 0.248 0.247 0.246 0.243 0.245 0.245 0.245 0.245 0.244 0.244 0.242 0.24 0.241 0.242 0.241 0.239 0.237 0.235 0.239 0.239 0.239 0.239 0.238 0.238 0.237 0.237 0.236 0.235 0.234 0.234 0.233 0.233 0.229
0.153 0.154 0.156 0.157 0.158 0.159 0.16 0.161 0.109 0.11 0.11 0.111 0.111 0.111 0.138 0.138 0.138 0.139 0.139 0.139 0.14 0.14 0.14 0.14 0.14 0.141 0.141 0.141 0.141 0.142 0.142 0.143 0.143 0.143 0.143 0.143 0.176 0.176 0.175 0.247 0.247 0.247 0.247 0.246 0.245 0.242 0.244 0.244 0.244 0.243 0.242 0.239 0.241 0.241 0.241 0.239 0.237 0.235 0.238 0.238 0.238 0.238 0.237 0.237 0.237 0.236 0.236 0.235 0.234 0.233 0.232 0.231 0.23 0.228
0.153 0.154 0.156 0.157 0.158 0.159 0.16 0.108 0.109 0.109 0.11 0.11 0.11 0.111 0.137 0.137 0.138 0.138 0.139 0.139 0.14 0.14 0.14 0.139 0.139 0.14 0.14 0.14 0.141 0.141 0.141 0.142 0.142 0.142 0.142 0.143 0.143 0.248 0.247 0.246 0.246 0.246 0.246 0.245 0.244 0.241 0.243 0.243 0.243 0.243 0.241 0.238 0.24 0.24 0.239 0.238 0.234 0.237 0.237 0.237 0.237 0.236 0.236 0.235 0.236 0.235 0.234 0.233 0.233 0.232 0.231 0.229 0.229 0.227
0.153 0.154 0.156 0.157 0.158 0.159 0.16 0.108 0.108 0.109 0.109 0.109 0.11 0.11 0.137 0.137 0.137 0.138 0.138 0.139 0.139 0.139 0.139 0.139 0.139 0.139 0.139 0.14 0.14 0.14 0.141 0.141 0.141 0.141 0.23 0.23 0.229 0.247 0.246 0.245 0.245 0.244 0.244 0.243 0.243 0.24 0.241 0.242 0.242 0.242 0.24 0.237 0.238 0.239 0.238 0.236 0.233 0.235 0.235 0.235 0.235 0.235 0.234 0.234 0.235 0.234 0.232 0.233 0.232 0.231 0.231 0.23 0.228 0.226
0.152 0.154 0.156 0.157 0.158 0.159 0.16 0.108 0.108 0.108 0.108 0.109 0.109 0.11 0.136 0.136 0.137 0.137 0.137 0.138 0.139 0.139 0.139 0.139 0.139 0.139 0.139 0.139 0.139 0.14 0.14 0.14 0.23 0.229 0.229 0.228 0.228 0.227 0.246 0.244 0.244 0.243 0.242 0.241 0.24 0.242 0.241 0.241 0.241 0.24 0.239 0.237 0.238 0.238 0.237 0.236 0.232 0.233 0.234 0.234 0.234 0.233 0.233 0.233 0.233 0.232 0.231 0.231 0.231 0.231 0.23 0.23 0.228 0.226
0.153 0.154 0.155 0.157 0.158 0.159 0.16 0.107 0.107 0.108 0.108 0.108 0.109 0.109 0.136 0.136 0.136 0.136 0.137 0.137 0.138 0.138 0.139 0.139 0.138 0.138 0.138 0.138 0.138 0.229 0.229 0.229 0.229 0.228 0.228 0.226 0.226 0.226 0.225 0.243 0.243 0.242 0.241 0.239 0.24 0.241 0.24 0.24 0.239 0.239 0.237 0.236 0.237 0.237 0.236 0.235 0.232 0.232 0.232 0.233 0.233 0.232 0.232 0.232 0.231 0.23 0.23 0.23 0.23 0.229 0.229 0.229 0.228 0.226
0.152 0.154 0.155 0.156 0.157 0.158 0.106 0.106 0.107 0.107 0.107 0.108 0.108 0.109 0.109 0.136 0.136 0.136 0.136 0.136 0.137 0.138 0.138 0.138 0.138 0.138 0.229 0.228 0.228 0.228 0.228 0.228 0.228 0.227 0.226 0.225 0.225 0.224 0.224 0.243 0.242 0.241 0.24 0.238 0.24 0.24 0.239 0.239 0.238 0.237 0.235 0.235 0.236 0.236 0.236 0.235 0.231 0.231 0.231 0.232 0.231 0.231 0.231 0.231 0.23 0.229 0.229 0.228 0.228 0.228 0.227 0.227 0.227 0.225
0.153 0.154 0.155 0.156 0.157 0.158 0.106 0.106 0.106 0.106 0.107 0.107 0.108 0.108 0.108 0.135 0.135 0.136 0.136 0.136 0.136 0.136 0.137 0.229 0.229 0.228 0.228 0.227 0.226 0.226 0.226 0.226 0.226 0.225 0.224 0.224 0.223 0.223 0.222 0.222 0.241 0.24 0.24 0.238 0.239 0.239 0.238 0.237 0.237 0.235 0.234 0.235 0.235 0.235 0.235 0.234 0.233 0.229 0.23 0.23 0.23 0.23 0.23 0.229 0.229 0.228 0.227 0.227 0.227 0.226 0.226 0.226 0.225 0.224
0.153 0.154 0.155 0.156 0.157 0.158 0.105 0.105 0.106 0.106 0.107 0.107 0.107 0.108 0.108 0.135 0.135 0.135 0.135 0.229 0.229 0.229 0.228 0.228 0.227 0.227 0.226 0.226 0.225 0.225 0.225 0.225 0.224 0.224 0.223 0.223 0.222 0.221 0.221 0.22 0.219 0.239 0.239 0.237 0.237 0.237 0.237 0.236 0.235 0.234 0.233 0.234 0.234 0.233 0.233 0.233 0.233 0.229 0.228 0.228 0.228 0.228 0.229 0.228 0.228 0.227 0.226 0.226 0.225 0.225 0.225 0.225 0.224 0.223
0.153 0.154 0.155 0.156 0.157 0.158 0.104 0.105 0.106 0.106 0.106 0.107 0.107 0.107 0.107 0.231 0.23 0.23 0.229 0.228 0.227 0.227 0.227 0.226 0.226 0.225 0.225 0.224 0.224 0.223 0.223 0.223 0.222 0.222 0.222 0.221 0.22 0.22 0.219 0.219 0.218 0.238 0.237 0.236 0.236 0.236 0.236 0.235 0.234 0.233 0.233 0.233 0.233 0.232 0.232 0.232 0.231 0.229 0.228 0.226 0.227 0.227 0.227 0.227 0.227 0.226 0.225 0.225 0.224 0.223 0.223 0.223 0.222 0.222
0.152 0.154 0.155 0.156 0.156 0.156 0.104 0.105 0.105 0.106 0.106 0.141 0.142 0.142 0.142 0.23 0.229 0.229 0.228 0.227 0.227 0.226 0.225 0.225 0.224 0.224 0.224 0.223 0.223 0.222 0.222 0.221 0.221 0.22 0.22 0.219 0.219 0.218 0.218 0.217 0.217 0.216 0.236 0.235 0.235 0.235 0.235 0.234 0.233 0.232 0.232 0.232 0.231 0.231 0.231 0.231 0.23 0.229 0.228 0.227 0.225 0.225 0.226 0.226 0.226 0.225 0.224 0.224 0.223 0.223 0.222 0.221 0.221 0.22
0.152 0.154 0.155 0.155 0.155 0.103 0.138 0.139 0.14 0.14 0.14 0.14 0.141 0.141 0.142 0.229 0.229 0.228 0.227 0.227 0.226 0.225 0.224 0.224 0.223 0.223 0.222 0.222 0.221 0.221 0.22 0.22 0.219 0.219 0.218 0.218 0.217 0.217 0.216 0.216 0.215 0.214 0.214 0.235 0.234 0.234 0.234 0.233 0.232 0.232 0.231 0.231 0.23 0.229 0.229 0.229 0.229 0.229 0.228 0.227 0.227 0.223 0.224 0.224 0.225 0.224 0.223 0.223 0.222 0.222 0.221 0.22 0.22 0.219
