static/jobfarm/user_models/minyf/common/HOME-GBHM/输出文件/Output/Grids/prec20020227.asc
ncols 221
nrows 204
xllcorner -627000.0
yllcorner 3955000.0
cellsize 900.0
NODATA_value -9999.0
[rows 132 to 164 of 204, columns 74 to 147 of 221]
0.174 0.172 0.17 0.167 0.167 0.53 0.533 0.536 0.539 0.541 0.542 0.543 0.545 0.547 0.548 0.647 0.648 0.648 0.648 0.65 0.651 0.651 0.652 0.653 0.653 0.655 0.656 0.657 0.659 0.66 0.662 0.663 0.665 0.666 0.668 0.67 0.671 0.673 0.676 0.678 0.68 0.681 0.683 0.544 0.544 0.545 0.547 0.548 0.55 0.553 0.555 0.556 0.557 0.556 0.56 0.564 0.567 0.568 0.57 0.571 0.571 0.569 0.569 0.576 0.579 0.58 0.581 0.584 0.587 0.589 0.591 0.592 0.594 0.595
0.175 0.173 0.171 0.167 0.168 0.536 0.536 0.54 0.542 0.544 0.546 0.547 0.548 0.55 0.552 0.651 0.653 0.653 0.652 0.654 0.655 0.655 0.657 0.657 0.658 0.659 0.66 0.661 0.662 0.663 0.665 0.667 0.668 0.67 0.671 0.673 0.675 0.676 0.678 0.681 0.683 0.684 0.686 0.688 0.547 0.548 0.549 0.551 0.553 0.556 0.558 0.559 0.56 0.558 0.563 0.567 0.569 0.571 0.572 0.573 0.574 0.573 0.573 0.573 0.58 0.582 0.584 0.586 0.589 0.592 0.594 0.595 0.596 0.597
0.176 0.174 0.171 0.168 0.169 0.539 0.543 0.545 0.548 0.548 0.549 0.548 0.551 0.553 0.555 0.655 0.657 0.658 0.659 0.661 0.661 0.66 0.663 0.663 0.662 0.664 0.664 0.664 0.666 0.667 0.668 0.67 0.672 0.673 0.675 0.677 0.678 0.679 0.68 0.683 0.685 0.687 0.689 0.691 0.692 0.551 0.552 0.554 0.555 0.558 0.56 0.56 0.56 0.561 0.566 0.569 0.571 0.573 0.575 0.576 0.578 0.578 0.577 0.576 0.58 0.584 0.587 0.589 0.591 0.594 0.595 0.597 0.598 0.599
0.176 0.174 0.172 0.17 0.167 0.54 0.546 0.55 0.553 0.553 0.554 0.554 0.557 0.557 0.558 0.659 0.66 0.662 0.665 0.667 0.669 0.669 0.671 0.67 0.669 0.669 0.668 0.668 0.67 0.671 0.672 0.674 0.675 0.677 0.678 0.68 0.681 0.682 0.684 0.686 0.688 0.69 0.692 0.693 0.695 0.697 0.555 0.556 0.558 0.559 0.561 0.562 0.562 0.564 0.568 0.571 0.572 0.575 0.578 0.579 0.58 0.581 0.58 0.579 0.582 0.587 0.59 0.592 0.594 0.596 0.597 0.6 0.601 0.602
0.177 0.175 0.173 0.171 0.535 0.534 0.544 0.551 0.555 0.557 0.558 0.559 0.562 0.564 0.563 0.662 0.663 0.665 0.666 0.669 0.672 0.675 0.676 0.676 0.677 0.676 0.675 0.673 0.673 0.675 0.676 0.677 0.679 0.68 0.682 0.683 0.685 0.686 0.687 0.689 0.691 0.693 0.695 0.697 0.698 0.7 0.702 0.559 0.56 0.562 0.563 0.564 0.565 0.567 0.57 0.573 0.575 0.577 0.579 0.58 0.582 0.584 0.586 0.584 0.583 0.589 0.592 0.595 0.596 0.598 0.6 0.602 0.603 0.604
-9999.0 0.176 0.174 0.172 0.543 0.541 0.539 0.548 0.555 0.56 0.563 0.565 0.565 0.567 0.569 0.667 0.666 0.668 0.669 0.671 0.673 0.676 0.681 0.683 0.68 0.681 0.679 0.678 0.678 0.678 0.679 0.681 0.682 0.684 0.685 0.687 0.688 0.689 0.691 0.693 0.694 0.696 0.698 0.7 0.702 0.704 0.705 0.561 0.563 0.564 0.566 0.566 0.567 0.57 0.572 0.575 0.577 0.58 0.581 0.582 0.584 0.586 0.588 0.59 0.59 0.588 0.594 0.597 0.599 0.6 0.602 0.603 0.605 0.607
-9999.0 0.177 0.175 0.173 0.548 0.551 0.547 0.544 0.553 0.56 0.565 0.568 0.569 0.571 0.573 0.672 0.671 0.671 0.672 0.674 0.675 0.677 0.681 0.685 0.688 0.687 0.685 0.682 0.681 0.682 0.683 0.684 0.686 0.687 0.689 0.69 0.692 0.693 0.694 0.696 0.698 0.699 0.701 0.703 0.705 0.707 0.709 0.711 0.565 0.567 0.569 0.569 0.57 0.573 0.575 0.577 0.579 0.581 0.583 0.584 0.586 0.587 0.591 0.593 0.593 0.591 0.595 0.598 0.601 0.602 0.604 0.605 0.607 0.609
-9999.0 -9999.0 0.176 0.174 0.552 0.554 0.555 0.549 0.548 0.563 0.568 0.571 0.572 0.574 0.575 0.675 0.675 0.675 0.678 0.679 0.678 0.679 0.681 0.683 0.69 0.691 0.688 0.685 0.684 0.685 0.686 0.688 0.689 0.691 0.692 0.694 0.695 0.697 0.698 0.7 0.701 0.703 0.705 0.706 0.708 0.71 0.712 0.714 0.716 0.57 0.57 0.571 0.573 0.576 0.578 0.579 0.581 0.583 0.585 0.587 0.588 0.59 0.592 0.594 0.595 0.593 0.597 0.601 0.603 0.605 0.606 0.608 0.61 0.612
-9999.0 -9999.0 0.177 0.176 0.555 0.557 0.56 0.558 0.551 0.566 0.57 0.571 0.572 0.576 0.575 0.676 0.677 0.679 0.683 0.684 0.684 0.683 0.682 0.684 0.688 0.69 0.692 0.689 0.688 0.689 0.69 0.691 0.692 0.694 0.696 0.697 0.699 0.7 0.701 0.703 0.705 0.706 0.708 0.71 0.712 0.714 0.716 0.718 0.72 0.722 0.574 0.575 0.575 0.578 0.58 0.581 0.583 0.585 0.587 0.589 0.59 0.592 0.593 0.594 0.595 0.596 0.599 0.603 0.606 0.607 0.609 0.611 0.613 0.615
-9999.0 -9999.0 0.178 0.177 0.559 0.561 0.563 0.564 0.553 0.567 0.571 0.573 0.577 0.575 0.575 0.68 0.681 0.684 0.689 0.693 0.689 0.687 0.685 0.686 0.687 0.688 0.692 0.693 0.694 0.692 0.693 0.694 0.696 0.697 0.699 0.701 0.702 0.703 0.705 0.706 0.708 0.709 0.711 0.713 0.715 0.717 0.719 0.721 0.723 0.725 0.727 0.578 0.578 0.579 0.582 0.584 0.586 0.588 0.59 0.591 0.593 0.594 0.595 0.596 0.597 0.599 0.6 0.604 0.607 0.61 0.612 0.614 0.616 0.618
-9999.0 -9999.0 -9999.0 -9999.0 -9999.0 0.563 -9999.0 0.565 0.555 0.57 0.571 0.573 0.576 0.578 0.578 0.684 0.686 0.69 0.693 0.694 0.69 0.694 0.692 0.69 0.69 0.69 0.693 0.697 0.697 0.697 0.697 0.698 0.699 0.701 0.702 0.704 0.705 0.707 0.708 0.71 0.711 0.713 0.715 0.716 0.718 0.72 0.722 0.724 0.726 0.728 0.73 0.731 0.58 0.582 0.584 0.586 0.588 0.59 0.592 0.594 0.595 0.596 0.598 0.599 0.6 0.601 0.603 0.606 0.61 0.612 0.615 0.617 0.619 0.621
-9999.0 -9999.0 -9999.0 -9999.0 -9999.0 -9999.0 -9999.0 0.555 0.56 0.572 0.576 0.576 0.578 0.579 0.581 0.687 0.69 0.695 0.698 0.698 0.695 0.697 0.698 0.697 0.695 0.695 0.696 0.698 0.699 0.699 0.7 0.701 0.702 0.704 0.705 0.707 0.709 0.71 0.712 0.713 0.715 0.716 0.718 0.72 0.722 0.724 0.726 0.728 0.73 0.732 0.733 0.734 0.736 0.584 0.586 0.588 0.59 0.592 0.594 0.596 0.597 0.599 0.6 0.602 0.603 0.605 0.606 0.608 0.612 0.615 0.617 0.619 0.621 0.623
-9999.0 -9999.0 -9999.0 -9999.0 -9999.0 -9999.0 -9999.0 -9999.0 -9999.0 0.577 0.578 0.58 0.582 0.583 0.585 0.693 0.694 0.695 0.7 0.702 0.7 0.701 0.703 0.701 0.7 0.7 0.7 0.701 0.702 0.703 0.703 0.705 0.706 0.707 0.709 0.71 0.712 0.713 0.715 0.716 0.718 0.72 0.721 0.723 0.725 0.727 0.729 0.731 0.733 0.735 0.737 0.738 0.74 0.587 0.588 0.59 0.592 0.594 0.596 0.598 0.6 0.601 0.603 0.605 0.606 0.607 0.609 0.61 0.614 0.618 0.62 0.622 0.624 0.626
-9999.0 -9999.0 -9999.0 -9999.0 -9999.0 -9999.0 -9999.0 -9999.0 -9999.0 -9999.0 0.582 0.584 0.585 0.587 0.589 0.695 0.699 0.698 0.7 0.706 0.706 0.705 0.705 0.704 0.704 0.705 0.704 0.705 0.705 0.707 0.708 0.708 0.71 0.711 0.712 0.714 0.715 0.717 0.718 0.72 0.721 0.723 0.725 0.726 0.728 0.73 0.732 0.734 0.736 0.738 0.74 0.742 0.743 0.745 0.591 0.593 0.595 0.596 0.598 0.6 0.602 0.604 0.606 0.607 0.609 0.61 0.612 0.613 0.615 0.619 0.622 0.624 0.627 0.629
-9999.0 -9999.0 -9999.0 -9999.0 -9999.0 -9999.0 -9999.0 -9999.0 -9999.0 -9999.0 -9999.0 0.588 0.589 0.591 0.594 0.701 0.701 0.702 0.706 0.708 0.711 0.709 0.708 0.707 0.707 0.708 0.708 0.709 0.71 0.711 0.712 0.712 0.713 0.715 0.716 0.717 0.718 0.72 0.721 0.723 0.725 0.726 0.728 0.73 0.731 0.733 0.735 0.737 0.739 0.741 0.744 0.745 0.747 0.749 0.75 0.595 0.597 0.599 0.601 0.603 0.605 0.607 0.608 0.61 0.612 0.613 0.614 0.616 0.617 0.619 0.622 0.625 0.628 0.631
-9999.0 -9999.0 -9999.0 -9999.0 -9999.0 -9999.0 -9999.0 -9999.0 -9999.0 -9999.0 -9999.0 -9999.0 0.593 0.595 0.598 0.706 0.703 0.707 0.709 0.71 0.714 0.716 0.714 0.713 0.712 0.712 0.711 0.712 0.714 0.716 0.715 0.716 0.716 0.718 0.719 0.72 0.721 0.723 0.725 0.726 0.728 0.73 0.731 0.733 0.735 0.737 0.739 0.741 0.743 0.745 0.747 0.749 0.751 0.753 0.754 0.756 0.599 0.601 0.603 0.605 0.607 0.609 0.611 0.613 0.614 0.616 0.617 0.619 0.62 0.622 0.624 0.627 0.63 0.633
-9999.0 -9999.0 -9999.0 -9999.0 -9999.0 -9999.0 -9999.0 -9999.0 -9999.0 -9999.0 -9999.0 -9999.0 -9999.0 -9999.0 -9999.0 -9999.0 0.711 0.711 0.712 0.714 0.717 0.716 0.719 0.715 0.716 0.716 0.715 0.717 0.719 0.721 0.72 0.72 0.719 0.721 0.722 0.723 0.725 0.726 0.728 0.73 0.731 0.733 0.735 0.736 0.738 0.74 0.742 0.744 0.746 0.748 0.75 0.752 0.754 0.756 0.758 0.759 0.761 0.603 0.605 0.607 0.609 0.611 0.613 0.615 0.617 0.619 0.62 0.622 0.623 0.624 0.626 0.629 0.632 0.635
-9999.0 -9999.0 -9999.0 -9999.0 -9999.0 -9999.0 -9999.0 -9999.0 -9999.0 -9999.0 -9999.0 -9999.0 -9999.0 -9999.0 -9999.0 -9999.0 -9999.0 -9999.0 -9999.0 -9999.0 0.72 0.721 0.719 0.719 0.721 0.722 0.723 0.725 0.725 0.725 0.726 0.725 0.725 0.724 0.725 0.726 0.728 0.73 0.731 0.733 0.735 0.736 0.738 0.74 0.742 0.744 0.746 0.748 0.749 0.751 0.753 0.755 0.757 0.76 0.761 0.762 0.764 0.766 0.607 0.609 0.611 0.613 0.616 0.618 0.619 0.621 0.623 0.624 0.626 0.627 0.628 0.631 0.634 0.637
-9999.0 -9999.0 -9999.0 -9999.0 -9999.0 -9999.0 -9999.0 -9999.0 -9999.0 -9999.0 -9999.0 -9999.0 -9999.0 -9999.0 -9999.0 -9999.0 -9999.0 -9999.0 -9999.0 -9999.0 -9999.0 0.725 0.725 0.724 0.727 0.727 0.73 0.73 0.73 0.729 0.73 0.731 0.729 0.727 0.728 0.729 0.731 0.733 0.735 0.737 0.738 0.74 0.741 0.743 0.745 0.748 0.75 0.751 0.753 0.755 0.756 0.758 0.76 0.762 0.764 0.765 0.767 0.769 0.771 0.612 0.613 0.615 0.617 0.619 0.621 0.623 0.625 0.627 0.628 0.63 0.631 0.634 0.637 0.639
-9999.0 -9999.0 -9999.0 -9999.0 -9999.0 -9999.0 -9999.0 -9999.0 -9999.0 -9999.0 -9999.0 -9999.0 -9999.0 -9999.0 -9999.0 -9999.0 -9999.0 -9999.0 -9999.0 -9999.0 -9999.0 -9999.0 0.731 0.731 0.732 0.731 0.734 0.733 0.732 0.732 0.732 0.732 0.733 0.732 0.732 0.733 0.735 0.737 0.738 0.74 0.742 0.743 0.745 0.747 0.749 0.752 0.754 0.755 0.757 0.76 0.76 0.761 0.763 0.765 0.766 0.768 0.77 0.772 0.774 0.777 0.616 0.618 0.62 0.622 0.624 0.626 0.628 0.629 0.631 0.633 0.634 0.635 0.639 0.641
-9999.0 -9999.0 -9999.0 -9999.0 -9999.0 -9999.0 -9999.0 -9999.0 -9999.0 -9999.0 -9999.0 -9999.0 -9999.0 -9999.0 -9999.0 -9999.0 -9999.0 -9999.0 -9999.0 -9999.0 -9999.0 -9999.0 -9999.0 0.736 0.734 0.733 0.732 0.731 0.731 0.735 0.736 0.734 0.734 0.735 0.735 0.737 0.738 0.74 0.742 0.744 0.745 0.747 0.749 0.752 0.755 0.756 0.759 0.761 0.763 0.764 0.765 0.766 0.767 0.768 0.769 0.771 0.773 0.775 0.777 0.78 0.782 0.62 0.622 0.624 0.626 0.628 0.63 0.632 0.634 0.636 0.638 0.637 0.64 0.642
-9999.0 -9999.0 -9999.0 -9999.0 -9999.0 -9999.0 -9999.0 -9999.0 -9999.0 -9999.0 -9999.0 -9999.0 -9999.0 -9999.0 -9999.0 -9999.0 -9999.0 -9999.0 -9999.0 -9999.0 -9999.0 -9999.0 -9999.0 0.738 0.736 0.735 0.734 0.732 0.736 0.736 0.737 0.736 0.736 0.737 0.738 0.74 0.742 0.744 0.746 0.747 0.749 0.751 0.753 0.756 0.758 0.76 0.763 0.765 0.767 0.768 0.769 0.77 0.771 0.772 0.773 0.774 0.776 0.778 0.78 0.783 0.785 0.787 0.79 0.626 0.628 0.63 0.632 0.634 0.636 0.638 0.64 0.64 0.642 0.644
-9999.0 -9999.0 -9999.0 -9999.0 -9999.0 -9999.0 -9999.0 -9999.0 -9999.0 -9999.0 -9999.0 -9999.0 -9999.0 -9999.0 -9999.0 -9999.0 -9999.0 -9999.0 -9999.0 -9999.0 -9999.0 -9999.0 -9999.0 -9999.0 0.741 0.741 0.738 0.737 0.736 0.737 0.738 0.739 0.739 0.74 0.741 0.743 0.745 0.747 0.749 0.75 0.754 0.755 0.756 0.759 0.763 0.765 0.767 0.769 0.77 0.772 0.773 0.775 0.775 0.776 0.777 0.778 0.779 0.781 0.784 0.786 0.788 0.79 0.793 0.795 0.63 0.632 0.634 0.636 0.638 0.64 0.642 0.643 0.644 0.646
-9999.0 -9999.0 -9999.0 -9999.0 -9999.0 -9999.0 -9999.0 -9999.0 -9999.0 -9999.0 -9999.0 -9999.0 -9999.0 -9999.0 -9999.0 -9999.0 -9999.0 -9999.0 -9999.0 -9999.0 -9999.0 -9999.0 -9999.0 -9999.0 -9999.0 -9999.0 -9999.0 0.744 0.742 0.742 0.742 0.743 0.744 0.744 0.745 0.746 0.748 0.751 0.753 0.756 0.758 0.759 0.76 0.763 0.766 0.771 0.773 0.775 0.774 0.776 0.779 0.781 0.781 0.782 0.783 0.782 0.783 0.785 0.787 0.789 0.792 0.793 0.796 0.798 -9999.0 0.634 0.636 0.638 0.64 0.642 0.644 0.645 0.647 0.648
-9999.0 -9999.0 -9999.0 -9999.0 -9999.0 -9999.0 -9999.0 -9999.0 -9999.0 -9999.0 -9999.0 -9999.0 -9999.0 -9999.0 -9999.0 -9999.0 -9999.0 -9999.0 -9999.0 -9999.0 -9999.0 -9999.0 -9999.0 -9999.0 -9999.0 -9999.0 -9999.0 -9999.0 -9999.0 0.744 0.747 0.748 0.749 0.748 0.749 0.75 0.753 0.755 0.757 0.761 0.763 0.765 0.765 0.767 0.77 0.773 0.776 0.778 0.78 0.78 0.782 0.785 0.786 0.788 0.788 0.788 0.787 0.788 0.79 0.793 0.796 0.799 0.801 -9999.0 -9999.0 -9999.0 0.638 0.64 0.642 0.644 0.646 0.648 0.649 0.65
-9999.0 -9999.0 -9999.0 -9999.0 -9999.0 -9999.0 -9999.0 -9999.0 -9999.0 -9999.0 -9999.0 -9999.0 -9999.0 -9999.0 -9999.0 -9999.0 -9999.0 -9999.0 -9999.0 -9999.0 -9999.0 -9999.0 -9999.0 -9999.0 -9999.0 -9999.0 -9999.0 -9999.0 -9999.0 -9999.0 0.751 0.753 0.754 0.754 0.754 0.754 0.757 0.759 0.762 0.765 0.766 0.771 0.77 0.771 0.773 0.776 0.779 0.781 0.783 0.785 0.786 0.788 0.79 0.792 0.794 0.793 0.793 0.793 0.794 0.796 0.799 0.802 -9999.0 -9999.0 -9999.0 -9999.0 -9999.0 0.642 0.645 0.647 0.649 0.65 0.652 0.654
-9999.0 -9999.0 -9999.0 -9999.0 -9999.0 -9999.0 -9999.0 -9999.0 -9999.0 -9999.0 -9999.0 -9999.0 -9999.0 -9999.0 -9999.0 -9999.0 -9999.0 -9999.0 -9999.0 -9999.0 -9999.0 -9999.0 -9999.0 -9999.0 -9999.0 -9999.0 -9999.0 -9999.0 -9999.0 -9999.0 -9999.0 0.754 0.758 0.759 0.759 0.76 0.762 0.763 0.767 0.769 0.771 0.775 0.777 0.775 0.776 0.779 0.782 0.784 0.786 0.788 0.789 0.792 0.794 0.794 0.797 0.799 0.798 0.798 0.798 0.8 0.802 -9999.0 -9999.0 -9999.0 -9999.0 -9999.0 -9999.0 -9999.0 -9999.0 0.649 0.651 0.653 0.655 0.657
-9999.0 -9999.0 -9999.0 -9999.0 -9999.0 -9999.0 -9999.0 -9999.0 -9999.0 -9999.0 -9999.0 -9999.0 -9999.0 -9999.0 -9999.0 -9999.0 -9999.0 -9999.0 -9999.0 -9999.0 -9999.0 -9999.0 -9999.0 -9999.0 -9999.0 -9999.0 -9999.0 -9999.0 -9999.0 -9999.0 -9999.0 1.342 0.763 0.764 0.764 0.767 0.767 0.768 0.771 0.772 0.775 0.779 0.781 0.78 0.78 0.782 0.785 0.786 0.788 0.79 0.793 0.798 0.799 0.797 0.799 0.799 0.801 0.801 0.801 0.803 -9999.0 -9999.0 -9999.0 -9999.0 -9999.0 -9999.0 -9999.0 -9999.0 -9999.0 -9999.0 0.653 0.655 0.657 0.659
-9999.0 -9999.0 -9999.0 -9999.0 -9999.0 -9999.0 -9999.0 -9999.0 -9999.0 -9999.0 -9999.0 -9999.0 -9999.0 -9999.0 -9999.0 -9999.0 -9999.0 -9999.0 -9999.0 -9999.0 -9999.0 -9999.0 -9999.0 -9999.0 -9999.0 -9999.0 -9999.0 -9999.0 -9999.0 -9999.0 -9999.0 -9999.0 1.346 1.349 1.349 0.772 0.771 0.775 0.777 0.778 0.78 0.782 0.783 0.784 0.785 0.786 0.787 0.787 0.789 0.794 0.798 0.803 0.804 0.804 0.802 0.802 0.804 0.806 0.806 0.807 0.808 0.81 -9999.0 -9999.0 -9999.0 -9999.0 -9999.0 -9999.0 -9999.0 -9999.0 -9999.0 -9999.0 -9999.0 0.661
-9999.0 -9999.0 -9999.0 -9999.0 -9999.0 -9999.0 -9999.0 -9999.0 -9999.0 -9999.0 -9999.0 -9999.0 -9999.0 -9999.0 -9999.0 -9999.0 -9999.0 -9999.0 -9999.0 -9999.0 -9999.0 -9999.0 -9999.0 -9999.0 -9999.0 -9999.0 -9999.0 -9999.0 -9999.0 -9999.0 -9999.0 -9999.0 -9999.0 -9999.0 1.353 1.353 1.347 1.353 0.784 0.783 0.785 0.784 0.783 0.785 0.788 0.788 0.789 0.786 0.789 0.797 0.804 0.807 0.808 0.809 0.809 0.808 0.808 0.81 0.81 0.811 0.811 0.813 0.818 -9999.0 -9999.0 -9999.0 -9999.0 -9999.0 -9999.0 -9999.0 -9999.0 -9999.0 -9999.0 -9999.0
-9999.0 -9999.0 -9999.0 -9999.0 -9999.0 -9999.0 -9999.0 -9999.0 -9999.0 -9999.0 -9999.0 -9999.0 -9999.0 -9999.0 -9999.0 -9999.0 -9999.0 -9999.0 -9999.0 -9999.0 -9999.0 -9999.0 -9999.0 -9999.0 -9999.0 -9999.0 -9999.0 -9999.0 -9999.0 -9999.0 -9999.0 -9999.0 -9999.0 -9999.0 1.355 1.355 1.353 1.356 1.354 1.348 1.344 0.786 0.78 0.783 0.79 0.785 0.792 0.784 0.787 0.798 0.805 0.81 0.812 0.813 0.814 0.815 0.815 0.814 0.815 0.815 0.815 0.816 0.821 0.824 -9999.0 -9999.0 -9999.0 -9999.0 -9999.0 -9999.0 -9999.0 -9999.0 -9999.0 -9999.0
-9999.0 -9999.0 -9999.0 -9999.0 -9999.0 -9999.0 -9999.0 -9999.0 -9999.0 -9999.0 -9999.0 -9999.0 -9999.0 -9999.0 -9999.0 -9999.0 -9999.0 -9999.0 -9999.0 -9999.0 -9999.0 -9999.0 -9999.0 -9999.0 -9999.0 -9999.0 -9999.0 -9999.0 -9999.0 -9999.0 -9999.0 -9999.0 -9999.0 -9999.0 -9999.0 -9999.0 -9999.0 -9999.0 -9999.0 1.316 1.316 1.316 1.316 1.316 0.781 0.783 0.785 0.797 0.794 0.791 0.8 0.81 0.814 0.813 0.815 0.818 0.819 0.819 0.819 0.819 0.819 0.82 0.821 0.826 0.831 -9999.0 -9999.0 -9999.0 -9999.0 -9999.0 -9999.0 -9999.0 -9999.0 -9999.0
-9999.0 -9999.0 -9999.0 -9999.0 -9999.0 -9999.0 -9999.0 -9999.0 -9999.0 -9999.0 -9999.0 -9999.0 -9999.0 -9999.0 -9999.0 -9999.0 -9999.0 -9999.0 -9999.0 -9999.0 -9999.0 -9999.0 -9999.0 -9999.0 -9999.0 -9999.0 -9999.0 -9999.0 -9999.0 -9999.0 -9999.0 -9999.0 -9999.0 -9999.0 -9999.0 -9999.0 -9999.0 -9999.0 -9999.0 -9999.0 -9999.0 1.326 1.342 1.326 1.335 1.33 1.337 1.342 0.803 0.799 0.796 0.807 0.813 0.81 0.816 0.819 0.821 0.822 0.822 0.822 0.823 0.823 0.823 0.828 0.833 0.836 0.839 -9999.0 -9999.0 -9999.0 -9999.0 -9999.0 -9999.0 -9999.0
