static/jobfarm/user_models/minyf/common/HOME-GBHM/输出文件/Output/Grids/prec20020227.asc
ncols 221
nrows 204
xllcorner -627000.0
yllcorner 3955000.0
cellsize 900.0
NODATA_value -9999.0
[rows 99 to 131 of 204, columns 74 to 147 of 221]
0.115 0.114 0.113 0.112 0.111 0.11 0.109 0.108 0.107 0.0 0.0 0.0 0.0 0.0 0.0 0.0 0.412 0.413 0.417 0.421 0.424 0.425 0.427 0.427 0.428 0.338 0.338 0.343 0.347 0.348 0.351 0.353 0.355 0.356 0.357 0.354 0.353 0.36 0.363 0.362 0.363 0.366 0.369 0.372 0.373 0.374 0.375 0.377 0.38 0.379 0.38 0.388 0.389 0.389 0.391 0.393 0.395 0.397 0.396 0.388 0.396 0.402 0.404 0.406 0.407 0.408 0.409 0.411 0.412 0.414 0.415 0.417 0.419 0.42
0.116 0.115 0.114 0.113 0.112 0.111 0.11 0.109 0.108 0.107 0.0 0.0 0.0 0.0 0.0 0.409 0.413 0.417 0.42 0.423 0.426 0.428 0.428 0.429 0.431 0.339 0.342 0.347 0.35 0.352 0.354 0.356 0.357 0.358 0.356 0.354 0.362 0.365 0.368 0.369 0.37 0.372 0.373 0.374 0.376 0.377 0.379 0.38 0.382 0.385 0.383 0.39 0.393 0.394 0.394 0.396 0.397 0.398 0.398 0.392 0.401 0.406 0.408 0.41 0.411 0.412 0.414 0.415 0.416 0.418 0.42 0.421 0.422 0.487
0.116 0.116 0.114 0.113 0.112 0.111 0.111 0.11 0.109 0.108 0.0 0.0 0.0 0.0 0.0 0.413 0.417 0.42 0.423 0.426 0.428 0.429 0.43 0.43 0.43 0.435 0.347 0.35 0.353 0.355 0.357 0.358 0.359 0.359 0.355 0.363 0.367 0.37 0.371 0.373 0.375 0.376 0.377 0.378 0.379 0.38 0.382 0.383 0.385 0.386 0.386 0.392 0.394 0.397 0.399 0.399 0.4 0.401 0.4 0.395 0.406 0.411 0.412 0.414 0.416 0.418 0.418 0.42 0.422 0.422 0.423 0.425 0.49 0.491
0.117 0.116 0.115 0.114 0.113 0.112 0.111 0.11 0.11 0.109 0.0 0.0 0.0 0.0 0.414 0.418 0.421 0.424 0.425 0.428 0.429 0.431 0.43 0.432 0.436 0.441 0.351 0.353 0.355 0.357 0.359 0.361 0.36 0.357 0.363 0.368 0.37 0.372 0.374 0.377 0.379 0.38 0.381 0.382 0.383 0.384 0.385 0.386 0.388 0.389 0.39 0.395 0.398 0.401 0.403 0.403 0.403 0.403 0.401 0.398 0.41 0.414 0.416 0.419 0.42 0.422 0.423 0.425 0.427 0.427 0.428 0.496 0.495 0.496
0.118 0.117 0.116 0.115 0.114 0.113 0.112 0.111 0.11 0.109 0.108 0.0 0.0 0.0 0.418 0.421 0.424 0.426 0.424 0.427 0.429 0.431 0.434 0.438 0.442 0.445 0.447 0.355 0.355 0.359 0.36 0.361 0.358 0.363 0.368 0.371 0.373 0.375 0.377 0.379 0.381 0.381 0.38 0.386 0.388 0.388 0.388 0.39 0.391 0.392 0.393 0.399 0.402 0.404 0.406 0.406 0.406 0.406 0.404 0.402 0.413 0.418 0.421 0.423 0.425 0.427 0.428 0.43 0.431 0.5 0.5 0.501 0.501 0.502
0.117 0.117 0.117 0.116 0.115 0.114 0.113 0.112 0.111 0.11 0.109 0.0 0.0 0.0 0.421 0.423 0.424 0.426 0.429 0.431 0.433 0.436 0.44 0.443 0.445 0.449 0.45 0.355 0.355 0.356 0.358 0.36 0.366 0.369 0.372 0.374 0.376 0.377 0.379 0.382 0.384 0.382 0.377 0.386 0.39 0.393 0.393 0.393 0.395 0.396 0.396 0.401 0.404 0.406 0.409 0.411 0.411 0.41 0.408 0.405 0.416 0.42 0.423 0.426 0.429 0.43 0.432 0.434 0.504 0.505 0.505 0.507 0.507 0.507
0.12 0.117 0.116 0.117 0.116 0.115 0.114 0.113 0.112 0.111 0.11 0.0 0.0 0.421 0.423 0.425 0.427 0.432 0.434 0.436 0.438 0.441 0.444 0.446 0.447 0.451 0.448 0.451 0.362 0.363 0.366 0.368 0.371 0.373 0.374 0.376 0.379 0.38 0.383 0.386 0.386 0.378 0.387 0.393 0.395 0.397 0.398 0.399 0.399 0.4 0.402 0.401 0.403 0.406 0.411 0.414 0.416 0.414 0.406 0.414 0.42 0.423 0.425 0.428 0.432 0.434 0.436 0.507 0.508 0.509 0.51 0.511 0.512 0.513
0.121 0.119 0.117 0.117 0.117 0.116 0.115 0.114 0.112 0.111 0.11 0.0 0.0 0.424 0.426 0.429 0.432 0.432 0.434 0.436 0.439 0.444 0.446 0.445 0.447 0.45 0.453 0.459 0.366 0.368 0.37 0.372 0.374 0.376 0.377 0.379 0.382 0.384 0.386 0.388 0.387 0.381 0.392 0.395 0.397 0.399 0.402 0.403 0.404 0.405 0.406 0.407 0.408 0.408 0.412 0.415 0.419 0.42 0.416 0.412 0.424 0.426 0.427 0.432 0.434 0.508 0.509 0.51 0.511 0.513 0.514 0.516 0.517 0.518
0.122 0.121 0.119 0.117 0.117 0.117 0.116 0.115 0.114 0.112 0.111 0.0 0.425 0.427 0.429 0.431 0.433 0.437 0.438 0.441 0.442 0.444 0.446 0.448 0.451 0.455 0.459 0.462 0.368 0.371 0.373 0.374 0.377 0.378 0.38 0.382 0.385 0.387 0.389 0.39 0.385 0.384 0.393 0.398 0.4 0.4 0.403 0.407 0.409 0.409 0.411 0.409 0.412 0.413 0.413 0.415 0.42 0.423 0.42 0.415 0.426 0.428 0.431 0.435 0.508 0.51 0.512 0.514 0.515 0.516 0.518 0.519 0.521 0.522
0.122 0.121 0.12 0.118 0.118 0.117 0.117 0.116 0.114 0.113 0.112 0.111 0.428 0.43 0.433 0.435 0.437 0.44 0.443 0.446 0.448 0.451 0.453 0.455 0.458 0.46 0.462 0.465 0.469 0.373 0.375 0.374 0.378 0.38 0.381 0.383 0.387 0.387 0.388 0.388 0.391 0.394 0.389 0.399 0.402 0.403 0.406 0.41 0.408 0.402 0.407 0.416 0.418 0.417 0.418 0.419 0.421 0.426 0.423 0.418 0.426 0.432 0.508 0.511 0.512 0.513 0.514 0.516 0.518 0.52 0.521 0.523 0.525 0.526
0.123 0.122 0.121 0.119 0.118 0.118 0.117 0.116 0.115 0.114 0.113 0.112 0.432 0.434 0.436 0.438 0.441 0.444 0.447 0.452 0.452 0.456 0.458 0.46 0.463 0.465 0.466 0.468 0.471 0.374 0.376 0.377 0.379 0.381 0.383 0.384 0.386 0.388 0.39 0.393 0.397 0.397 0.392 0.401 0.404 0.406 0.408 0.412 0.414 0.409 0.407 0.417 0.421 0.422 0.423 0.424 0.425 0.426 0.419 0.427 0.433 0.509 0.513 0.515 0.516 0.517 0.518 0.519 0.521 0.523 0.525 0.527 0.528 0.529
0.123 0.122 0.121 0.12 0.118 0.118 0.118 0.117 0.116 0.115 0.114 0.402 0.435 0.437 0.439 0.442 0.445 0.448 0.453 0.456 0.457 0.461 0.463 0.465 0.468 0.47 0.471 0.473 0.474 0.477 0.38 0.383 0.386 0.387 0.389 0.391 0.391 0.395 0.396 0.398 0.401 0.402 0.4 0.397 0.405 0.409 0.411 0.414 0.417 0.417 0.41 0.415 0.423 0.425 0.427 0.428 0.429 0.428 0.424 0.497 0.508 0.511 0.514 0.517 0.519 0.52 0.522 0.523 0.524 0.527 0.529 0.531 0.532 0.533
0.124 0.123 0.122 0.121 0.12 0.118 0.118 0.117 0.117 0.115 0.114 0.406 0.438 0.44 0.442 0.445 0.448 0.452 0.456 0.459 0.461 0.464 0.467 0.47 0.473 0.475 0.476 0.478 0.479 0.482 0.384 0.386 0.389 0.39 0.392 0.394 0.396 0.396 0.399 0.401 0.402 0.403 0.402 0.4 0.406 0.411 0.413 0.415 0.418 0.419 0.413 0.418 0.424 0.427 0.429 0.432 0.432 0.432 0.507 0.501 0.51 0.513 0.517 0.52 0.522 0.523 0.525 0.524 0.527 0.531 0.533 0.535 0.536 0.536
0.124 0.123 0.122 0.122 0.121 0.12 0.118 0.118 0.117 0.116 0.407 0.409 0.41 0.443 0.445 0.448 0.451 0.454 0.457 0.461 0.464 0.468 0.471 0.473 0.475 0.477 0.481 0.483 0.484 0.486 0.489 0.388 0.391 0.393 0.395 0.396 0.397 0.399 0.401 0.403 0.405 0.405 0.405 0.403 0.409 0.413 0.416 0.418 0.42 0.418 0.416 0.425 0.427 0.43 0.432 0.433 0.511 0.511 0.51 0.504 0.51 0.515 0.518 0.522 0.525 0.527 0.527 0.527 0.531 0.534 0.536 0.538 0.539 0.539
0.125 0.124 0.123 0.122 0.122 0.121 0.119 0.118 0.118 0.117 0.41 0.412 0.413 0.446 0.449 0.451 0.453 0.456 0.459 0.463 0.467 0.47 0.473 0.475 0.478 0.482 0.485 0.487 0.487 0.491 0.494 0.393 0.394 0.396 0.398 0.399 0.4 0.402 0.404 0.407 0.408 0.41 0.41 0.406 0.414 0.418 0.42 0.422 0.423 0.424 0.419 0.424 0.431 0.433 0.436 0.514 0.514 0.514 0.514 0.507 0.515 0.521 0.523 0.524 0.527 0.529 0.528 0.531 0.535 0.537 0.539 0.541 0.541 0.542
0.125 0.124 0.123 0.123 0.122 0.121 0.12 0.118 0.118 0.117 0.412 0.414 0.416 0.45 0.452 0.454 0.457 0.459 0.462 0.466 0.469 0.473 0.475 0.478 0.481 0.483 0.487 0.489 0.489 0.495 0.498 0.501 0.397 0.399 0.401 0.401 0.403 0.405 0.407 0.41 0.411 0.412 0.411 0.409 0.417 0.421 0.423 0.425 0.426 0.427 0.422 0.425 0.432 0.513 0.517 0.516 0.516 0.517 0.516 0.51 0.521 0.526 0.527 0.529 0.531 0.532 0.533 0.533 0.536 0.54 0.54 0.542 0.542 0.544
0.126 0.125 0.124 0.123 0.122 0.121 0.12 0.119 0.119 0.415 0.416 0.417 0.419 0.454 0.455 0.457 0.461 0.463 0.466 0.469 0.472 0.476 0.478 0.481 0.484 0.487 0.49 0.492 0.493 0.496 0.501 0.503 0.506 0.402 0.402 0.403 0.405 0.407 0.41 0.412 0.414 0.416 0.416 0.411 0.42 0.424 0.426 0.427 0.428 0.43 0.431 0.506 0.511 0.515 0.518 0.518 0.521 0.518 0.512 0.521 0.526 0.529 0.53 0.531 0.534 0.535 0.537 0.537 0.538 0.54 0.541 0.543 0.544 0.543
0.126 0.125 0.124 0.123 0.123 0.122 0.121 0.12 0.12 0.417 0.419 0.421 0.422 0.457 0.458 0.46 0.464 0.468 0.47 0.472 0.475 0.478 0.481 0.484 0.488 0.49 0.493 0.494 0.496 0.499 0.502 0.505 0.508 0.403 0.405 0.406 0.407 0.41 0.411 0.415 0.417 0.419 0.419 0.414 0.421 0.425 0.427 0.429 0.431 0.513 0.514 0.51 0.51 0.519 0.522 0.523 0.522 0.518 0.515 0.525 0.528 0.531 0.533 0.534 0.535 0.538 0.54 0.542 0.542 0.544 0.541 0.544 0.543 0.542
0.127 0.126 0.125 0.124 0.123 0.122 0.121 0.12 0.12 0.42 0.422 0.424 0.426 0.46 0.461 0.464 0.469 0.472 0.473 0.476 0.478 0.481 0.484 0.487 0.491 0.494 0.496 0.497 0.499 0.501 0.504 0.507 0.511 0.513 0.407 0.409 0.41 0.411 0.413 0.416 0.419 0.421 0.423 0.423 0.419 0.425 0.429 0.515 0.517 0.518 0.517 0.514 0.513 0.519 0.524 0.524 0.524 0.523 0.518 0.527 0.531 0.534 0.536 0.538 0.539 0.54 0.541 0.544 0.547 0.548 0.547 0.545 0.544 0.544
0.127 0.126 0.126 0.125 0.124 0.123 0.122 0.121 0.12 0.421 0.423 0.427 0.429 0.43 0.464 0.468 0.472 0.475 0.478 0.48 0.482 0.485 0.487 0.49 0.494 0.497 0.499 0.5 0.502 0.505 0.507 0.51 0.514 0.516 0.41 0.412 0.413 0.414 0.416 0.418 0.421 0.424 0.425 0.426 0.422 0.513 0.516 0.518 0.519 0.519 0.52 0.518 0.516 0.524 0.527 0.527 0.527 0.526 0.521 0.529 0.533 0.538 0.54 0.542 0.544 0.543 0.543 0.545 0.549 0.552 0.553 0.553 0.55 0.547
0.128 0.127 0.126 0.125 0.125 0.123 0.122 0.122 0.42 0.422 0.425 0.428 0.429 0.43 0.468 0.473 0.475 0.478 0.481 0.484 0.486 0.488 0.491 0.493 0.497 0.5 0.502 0.503 0.505 0.509 0.512 0.514 0.517 0.52 0.522 0.415 0.416 0.417 0.419 0.421 0.424 0.426 0.428 0.514 0.509 0.513 0.518 0.52 0.521 0.522 0.523 0.523 0.519 0.527 0.53 0.53 0.53 0.529 0.524 0.535 0.537 0.541 0.543 0.545 0.546 0.549 0.548 0.548 0.551 0.554 0.557 0.558 0.558 0.551
0.129 0.128 0.127 0.126 0.125 0.124 0.123 0.122 0.421 0.424 0.426 0.429 0.43 0.432 0.473 0.476 0.478 0.481 0.484 0.487 0.489 0.492 0.493 0.495 0.499 0.502 0.504 0.505 0.508 0.513 0.516 0.518 0.521 0.523 0.525 0.417 0.419 0.42 0.421 0.423 0.426 0.515 0.516 0.514 0.512 0.518 0.52 0.522 0.524 0.525 0.526 0.526 0.522 0.527 0.532 0.532 0.531 0.528 0.527 0.539 0.542 0.543 0.545 0.547 0.549 0.551 0.553 0.552 0.554 0.556 0.557 0.559 0.561 0.554
0.129 0.128 0.128 0.127 0.126 0.125 0.124 0.123 0.424 0.426 0.428 0.43 0.433 0.435 0.475 0.478 0.481 0.483 0.486 0.489 0.492 0.495 0.496 0.496 0.501 0.505 0.506 0.508 0.511 0.515 0.518 0.522 0.525 0.527 0.528 0.53 0.421 0.422 0.423 0.513 0.516 0.517 0.519 0.52 0.519 0.516 0.522 0.525 0.527 0.528 0.527 0.524 0.53 0.532 0.534 0.534 0.531 0.529 0.538 0.542 0.544 0.546 0.548 0.549 0.552 0.554 0.556 0.556 0.557 0.558 0.558 0.559 0.56 0.557
0.13 0.129 0.128 0.127 0.127 0.126 0.125 0.425 0.426 0.429 0.431 0.433 0.435 0.437 0.477 0.48 0.483 0.486 0.489 0.492 0.495 0.498 0.5 0.5 0.502 0.506 0.509 0.511 0.514 0.517 0.52 0.523 0.527 0.528 0.531 0.534 0.536 0.515 0.516 0.516 0.517 0.519 0.521 0.522 0.522 0.518 0.525 0.528 0.53 0.531 0.53 0.527 0.533 0.535 0.536 0.535 0.53 0.538 0.542 0.544 0.546 0.548 0.549 0.552 0.555 0.557 0.558 0.558 0.56 0.562 0.562 0.561 0.562 0.561
0.13 0.13 0.129 0.128 0.127 0.126 0.125 0.428 0.43 0.431 0.433 0.435 0.438 0.44 0.48 0.482 0.485 0.488 0.492 0.495 0.499 0.501 0.502 0.503 0.505 0.508 0.511 0.513 0.516 0.519 0.522 0.525 0.529 0.53 0.645 0.647 0.648 0.518 0.519 0.519 0.52 0.521 0.522 0.524 0.525 0.521 0.525 0.529 0.532 0.534 0.533 0.529 0.534 0.538 0.537 0.536 0.533 0.539 0.543 0.546 0.548 0.55 0.551 0.555 0.558 0.56 0.559 0.563 0.563 0.566 0.568 0.568 0.566 0.565
0.131 0.131 0.13 0.129 0.128 0.127 0.126 0.431 0.433 0.434 0.436 0.438 0.44 0.442 0.483 0.485 0.487 0.49 0.494 0.498 0.501 0.504 0.507 0.507 0.508 0.51 0.513 0.515 0.518 0.522 0.525 0.528 0.644 0.646 0.648 0.649 0.65 0.652 0.522 0.521 0.522 0.523 0.523 0.523 0.523 0.529 0.53 0.532 0.534 0.536 0.536 0.532 0.539 0.542 0.542 0.541 0.536 0.54 0.544 0.548 0.55 0.552 0.554 0.556 0.559 0.561 0.562 0.564 0.568 0.57 0.572 0.573 0.573 0.57
0.132 0.132 0.131 0.13 0.129 0.128 0.127 0.434 0.435 0.437 0.438 0.44 0.443 0.445 0.486 0.488 0.49 0.493 0.496 0.499 0.503 0.507 0.51 0.511 0.512 0.513 0.515 0.517 0.52 0.641 0.644 0.646 0.648 0.65 0.651 0.651 0.652 0.656 0.657 0.524 0.525 0.525 0.525 0.524 0.529 0.532 0.533 0.535 0.536 0.537 0.535 0.535 0.542 0.545 0.545 0.545 0.539 0.542 0.546 0.55 0.552 0.554 0.557 0.559 0.561 0.562 0.565 0.567 0.57 0.571 0.574 0.577 0.578 0.578
0.133 0.132 0.131 0.13 0.129 0.128 0.435 0.436 0.437 0.439 0.441 0.443 0.446 0.447 0.45 0.491 0.493 0.496 0.498 0.501 0.504 0.509 0.511 0.514 0.515 0.517 0.638 0.639 0.641 0.644 0.646 0.65 0.652 0.653 0.653 0.654 0.656 0.658 0.66 0.526 0.528 0.529 0.529 0.527 0.531 0.534 0.535 0.537 0.538 0.538 0.536 0.539 0.545 0.547 0.549 0.549 0.542 0.545 0.549 0.553 0.555 0.557 0.56 0.562 0.564 0.565 0.567 0.569 0.572 0.573 0.576 0.579 0.581 0.581
0.134 0.133 0.132 0.131 0.13 0.129 0.437 0.437 0.439 0.441 0.445 0.447 0.449 0.45 0.452 0.494 0.496 0.499 0.501 0.503 0.506 0.509 0.512 0.639 0.641 0.641 0.642 0.643 0.644 0.646 0.648 0.651 0.655 0.656 0.656 0.657 0.659 0.661 0.662 0.664 0.53 0.531 0.531 0.529 0.534 0.536 0.537 0.538 0.54 0.539 0.539 0.543 0.547 0.549 0.551 0.552 0.552 0.546 0.55 0.555 0.557 0.559 0.562 0.565 0.567 0.568 0.568 0.57 0.573 0.575 0.579 0.582 0.583 0.583
0.135 0.134 0.133 0.132 0.131 0.13 0.438 0.439 0.442 0.445 0.448 0.449 0.452 0.453 0.455 0.497 0.499 0.502 0.504 0.634 0.635 0.637 0.64 0.641 0.642 0.644 0.645 0.645 0.647 0.649 0.651 0.655 0.656 0.658 0.66 0.661 0.662 0.663 0.665 0.667 0.668 0.533 0.534 0.532 0.535 0.538 0.539 0.54 0.541 0.541 0.542 0.547 0.549 0.55 0.553 0.555 0.557 0.552 0.551 0.554 0.557 0.561 0.565 0.567 0.569 0.57 0.571 0.573 0.575 0.577 0.58 0.584 0.586 0.586
0.136 0.135 0.134 0.133 0.132 0.13 0.439 0.443 0.447 0.449 0.451 0.452 0.455 0.457 0.458 0.634 0.635 0.636 0.637 0.637 0.638 0.639 0.641 0.642 0.644 0.645 0.647 0.648 0.649 0.651 0.653 0.656 0.658 0.659 0.663 0.662 0.664 0.666 0.667 0.669 0.671 0.534 0.534 0.535 0.537 0.54 0.542 0.543 0.543 0.543 0.545 0.548 0.55 0.552 0.555 0.557 0.558 0.557 0.556 0.555 0.559 0.562 0.566 0.569 0.571 0.573 0.574 0.576 0.578 0.58 0.582 0.585 0.586 0.589
0.136 0.136 0.135 0.134 0.132 0.13 0.444 0.448 0.451 0.452 0.454 0.536 0.538 0.54 0.541 0.639 0.639 0.639 0.64 0.641 0.642 0.643 0.644 0.645 0.646 0.648 0.65 0.651 0.653 0.654 0.656 0.657 0.659 0.66 0.664 0.665 0.668 0.669 0.67 0.673 0.674 0.674 0.537 0.538 0.539 0.542 0.544 0.545 0.545 0.546 0.548 0.55 0.552 0.553 0.556 0.559 0.561 0.561 0.562 0.562 0.56 0.564 0.569 0.572 0.574 0.576 0.577 0.579 0.581 0.583 0.585 0.586 0.588 0.59
0.137 0.136 0.135 0.134 0.131 0.444 0.53 0.533 0.536 0.537 0.538 0.539 0.541 0.543 0.545 0.643 0.643 0.643 0.644 0.645 0.647 0.647 0.647 0.649 0.649 0.651 0.652 0.654 0.655 0.657 0.659 0.66 0.661 0.663 0.665 0.667 0.669 0.671 0.673 0.675 0.677 0.678 0.679 0.541 0.541 0.545 0.546 0.547 0.547 0.55 0.551 0.553 0.554 0.555 0.558 0.561 0.563 0.565 0.567 0.568 0.569 0.564 0.569 0.573 0.577 0.578 0.58 0.582 0.584 0.586 0.588 0.589 0.591 0.593
