static/jobfarm/user_models/minyf/common/HOME-GBHM/输出文件/Output/Grids/prec20020227.asc
ncols 221
nrows 204
xllcorner -627000.0
yllcorner 3955000.0
cellsize 900.0
NODATA_value -9999.0
[rows 66 to 98 of 204, columns 74 to 147 of 221]
0.0 0.0 0.0 0.0 0.0 0.0 0.0 0.0 0.0 0.0 0.0 0.0 0.0 0.0 0.0 0.0 0.0 0.0 0.0 0.0 0.0 0.0 0.0 0.0 0.0 0.0 0.0 0.0 0.0 0.0 0.0 0.0 0.0 0.0 0.0 0.0 0.0 0.258 0.258 0.258 0.259 0.261 0.264 0.265 0.268 0.27 0.27 0.27 0.267 0.274 0.275 0.276 0.276 0.277 0.278 0.28 0.281 0.282 0.283 0.285 0.286 0.288 0.287 0.28 0.287 0.293 0.295 0.297 0.298 0.299 0.302 0.303 0.304 0.303
0.0 0.0 0.0 0.0 0.0 0.0 0.0 0.0 0.0 0.0 0.0 0.0 0.0 0.0 0.0 0.0 0.0 0.0 0.0 0.0 0.0 0.0 0.0 0.0 0.0 0.0 0.0 0.0 0.0 0.0 0.0 0.0 0.0 0.0 0.0 0.0 0.26 0.26 0.26 0.261 0.263 0.264 0.266 0.269 0.271 0.273 0.274 0.275 0.275 0.278 0.278 0.278 0.279 0.28 0.282 0.283 0.285 0.286 0.287 0.288 0.289 0.29 0.288 0.284 0.294 0.297 0.298 0.3 0.301 0.304 0.306 0.307 0.307 0.306
0.0 0.0 0.0 0.0 0.0 0.0 0.0 0.0 0.0 0.0 0.0 0.0 0.0 0.0 0.0 0.0 0.0 0.0 0.0 0.0 0.0 0.0 0.0 0.0 0.0 0.0 0.0 0.0 0.0 0.0 0.0 0.0 0.0 0.0 0.0 0.264 0.261 0.262 0.265 0.266 0.268 0.268 0.27 0.272 0.273 0.276 0.278 0.279 0.28 0.28 0.282 0.281 0.282 0.283 0.285 0.288 0.289 0.289 0.291 0.291 0.292 0.293 0.286 0.293 0.299 0.3 0.301 0.303 0.305 0.307 0.309 0.31 0.31 0.31
0.0 0.0 0.0 0.0 0.0 0.0 0.0 0.0 0.0 0.0 0.0 0.0 0.0 0.0 0.0 0.0 0.0 0.0 0.0 0.0 0.0 0.0 0.0 0.0 0.0 0.0 0.0 0.0 0.0 0.0 0.0 0.0 0.0 0.0 0.266 0.267 0.267 0.269 0.27 0.27 0.272 0.272 0.274 0.275 0.277 0.28 0.282 0.282 0.283 0.284 0.283 0.284 0.285 0.287 0.289 0.291 0.293 0.294 0.295 0.296 0.296 0.296 0.289 0.298 0.302 0.304 0.305 0.306 0.308 0.309 0.312 0.313 0.314 0.314
0.0 0.0 0.0 0.0 0.0 0.0 0.0 0.0 0.0 0.0 0.0 0.0 0.0 0.0 0.0 0.0 0.0 0.0 0.0 0.0 0.0 0.0 0.0 0.0 0.0 0.0 0.0 0.0 0.0 0.0 0.0 0.0 0.0 0.0 0.268 0.27 0.271 0.273 0.274 0.274 0.276 0.277 0.278 0.278 0.28 0.283 0.285 0.285 0.285 0.286 0.286 0.288 0.289 0.29 0.292 0.294 0.296 0.297 0.299 0.3 0.301 0.3 0.293 0.299 0.304 0.307 0.309 0.31 0.311 0.312 0.314 0.315 0.316 0.317
0.0 0.0 0.0 0.0 0.0 0.0 0.0 0.0 0.0 0.0 0.0 0.0 0.0 0.0 0.0 0.0 0.0 0.0 0.0 0.0 0.0 0.0 0.0 0.0 0.0 0.0 0.0 0.0 0.0 0.0 0.0 0.0 0.0 0.269 0.271 0.272 0.273 0.276 0.277 0.278 0.28 0.281 0.281 0.282 0.284 0.286 0.287 0.287 0.288 0.289 0.291 0.292 0.293 0.294 0.296 0.298 0.299 0.301 0.302 0.302 0.303 0.302 0.296 0.305 0.308 0.31 0.312 0.314 0.315 0.316 0.316 0.317 0.319 0.32
0.0 0.0 0.0 0.0 0.0 0.0 0.0 0.0 0.0 0.0 0.0 0.0 0.0 0.0 0.0 0.0 0.0 0.0 0.0 0.0 0.0 0.0 0.0 0.0 0.0 0.0 0.0 0.0 0.0 0.0 0.0 0.0 0.271 0.273 0.274 0.274 0.275 0.278 0.279 0.282 0.283 0.285 0.285 0.286 0.287 0.29 0.291 0.291 0.291 0.293 0.295 0.296 0.297 0.298 0.299 0.301 0.303 0.304 0.304 0.305 0.306 0.303 0.3 0.305 0.311 0.314 0.316 0.317 0.318 0.319 0.318 0.319 0.321 0.324
0.0 0.0 0.0 0.0 0.0 0.0 0.0 0.0 0.0 0.0 0.0 0.0 0.0 0.0 0.0 0.0 0.0 0.0 0.0 0.0 0.0 0.0 0.0 0.0 0.0 0.0 0.0 0.0 0.0 0.0 0.0 0.272 0.273 0.276 0.276 0.276 0.278 0.28 0.281 0.284 0.286 0.288 0.289 0.29 0.292 0.294 0.294 0.294 0.294 0.296 0.298 0.299 0.3 0.301 0.303 0.304 0.305 0.306 0.307 0.308 0.308 0.306 0.303 0.309 0.314 0.316 0.319 0.32 0.32 0.321 0.324 0.326 0.324 0.329
0.0 0.0 0.0 0.0 0.0 0.0 0.0 0.0 0.0 0.0 0.0 0.0 0.0 0.0 0.0 0.0 0.0 0.0 0.0 0.0 0.0 0.0 0.0 0.0 0.0 0.0 0.0 0.0 0.0 0.0 0.272 0.274 0.277 0.279 0.278 0.28 0.281 0.283 0.283 0.286 0.288 0.291 0.292 0.293 0.296 0.297 0.297 0.298 0.298 0.299 0.301 0.302 0.304 0.305 0.306 0.307 0.308 0.31 0.311 0.312 0.313 0.315 0.312 0.308 0.315 0.32 0.322 0.322 0.323 0.326 0.329 0.33 0.33 0.333
0.0 0.0 0.0 0.0 0.0 0.0 0.0 0.0 0.0 0.0 0.0 0.0 0.0 0.0 0.0 0.0 0.0 0.0 0.0 0.0 0.0 0.0 0.0 0.0 0.0 0.0 0.0 0.0 0.0 0.0 0.275 0.277 0.28 0.281 0.282 0.283 0.283 0.285 0.287 0.289 0.29 0.292 0.294 0.296 0.298 0.3 0.3 0.3 0.303 0.303 0.304 0.306 0.307 0.309 0.311 0.312 0.312 0.314 0.315 0.317 0.317 0.319 0.319 0.317 0.313 0.322 0.324 0.326 0.328 0.33 0.332 0.334 0.335 0.337
0.098 0.0 0.0 0.0 0.0 0.0 0.0 0.0 0.0 0.0 0.0 0.0 0.0 0.0 0.0 0.0 0.0 0.0 0.0 0.0 0.0 0.0 0.0 0.0 0.0 0.0 0.0 0.0 0.0 0.276 0.278 0.279 0.282 0.283 0.284 0.285 0.286 0.288 0.289 0.291 0.29 0.291 0.292 0.297 0.299 0.303 0.302 0.299 0.305 0.308 0.308 0.309 0.31 0.313 0.315 0.316 0.317 0.318 0.319 0.32 0.321 0.323 0.323 0.323 0.316 0.326 0.329 0.33 0.332 0.333 0.335 0.337 0.339 0.34
0.099 0.0 0.0 0.0 0.0 0.0 0.0 0.0 0.0 0.0 0.0 0.0 0.0 0.0 0.0 0.0 0.0 0.0 0.0 0.0 0.0 0.0 0.0 0.0 0.0 0.0 0.0 0.0 0.278 0.279 0.28 0.281 0.283 0.284 0.285 0.286 0.288 0.289 0.29 0.292 0.296 0.297 0.299 0.297 0.299 0.3 0.301 0.307 0.309 0.311 0.311 0.312 0.313 0.316 0.318 0.319 0.321 0.322 0.323 0.323 0.325 0.326 0.327 0.325 0.32 0.329 0.332 0.334 0.335 0.337 0.339 0.341 0.343 0.344
0.099 0.0 0.0 0.0 0.0 0.0 0.0 0.0 0.0 0.0 0.0 0.0 0.0 0.0 0.0 0.0 0.0 0.0 0.0 0.0 0.0 0.0 0.0 0.0 0.0 0.0 0.0 0.0 0.281 0.283 0.285 0.286 0.288 0.287 0.29 0.291 0.293 0.295 0.296 0.298 0.3 0.302 0.305 0.303 0.307 0.307 0.31 0.312 0.313 0.314 0.314 0.315 0.317 0.32 0.321 0.323 0.323 0.325 0.326 0.326 0.327 0.327 0.327 0.322 0.326 0.333 0.336 0.337 0.339 0.341 0.343 0.345 0.346 0.348
0.1 0.099 0.0 0.0 0.0 0.0 0.0 0.0 0.0 0.0 0.0 0.0 0.0 0.0 0.0 0.0 0.0 0.0 0.0 0.0 0.0 0.0 0.0 0.0 0.0 0.0 0.0 0.283 0.285 0.287 0.288 0.29 0.292 0.293 0.294 0.295 0.297 0.298 0.3 0.302 0.303 0.306 0.308 0.311 0.312 0.312 0.314 0.315 0.316 0.317 0.318 0.319 0.32 0.323 0.322 0.325 0.325 0.327 0.328 0.328 0.327 0.323 0.324 0.329 0.333 0.337 0.34 0.341 0.343 0.344 0.346 0.349 0.35 0.352
0.1 0.1 0.0 0.0 0.0 0.0 0.0 0.0 0.0 0.0 0.0 0.0 0.0 0.0 0.0 0.0 0.0 0.0 0.0 0.0 0.0 0.0 0.0 0.0 0.0 0.0 0.284 0.286 0.288 0.29 0.291 0.293 0.295 0.296 0.298 0.299 0.3 0.302 0.304 0.305 0.308 0.311 0.313 0.314 0.315 0.316 0.317 0.318 0.319 0.319 0.321 0.322 0.322 0.325 0.327 0.326 0.327 0.328 0.329 0.329 0.325 0.332 0.334 0.337 0.339 0.341 0.343 0.345 0.347 0.349 0.351 0.353 0.354 0.355
0.101 0.1 0.1 0.0 0.0 0.0 0.0 0.0 0.0 0.0 0.0 0.0 0.0 0.0 0.0 0.0 0.0 0.0 0.0 0.0 0.0 0.0 0.0 0.0 0.0 0.0 0.288 0.289 0.29 0.292 0.294 0.295 0.297 0.299 0.301 0.302 0.304 0.305 0.307 0.31 0.312 0.314 0.316 0.317 0.318 0.319 0.319 0.321 0.322 0.322 0.324 0.324 0.325 0.326 0.328 0.329 0.329 0.327 0.325 0.327 0.334 0.338 0.34 0.342 0.344 0.345 0.347 0.349 0.351 0.354 0.356 0.357 0.358 0.359
0.102 0.101 0.101 0.0 0.0 0.0 0.0 0.0 0.0 0.0 0.0 0.0 0.0 0.0 0.0 0.0 0.0 0.0 0.0 0.0 0.0 0.0 0.0 0.0 0.0 0.29 0.292 0.293 0.293 0.294 0.296 0.297 0.298 0.302 0.304 0.304 0.307 0.309 0.31 0.312 0.315 0.318 0.319 0.32 0.32 0.321 0.322 0.324 0.325 0.326 0.326 0.327 0.328 0.329 0.33 0.331 0.33 0.327 0.329 0.336 0.34 0.343 0.345 0.347 0.348 0.349 0.351 0.353 0.355 0.357 0.359 0.36 0.361 0.362
0.103 0.102 0.101 0.1 0.0 0.0 0.0 0.0 0.0 0.0 0.0 0.0 0.0 0.0 0.0 0.0 0.0 0.0 0.0 0.0 0.0 0.0 0.0 0.0 0.29 0.292 0.295 0.297 0.298 0.299 0.3 0.302 0.302 0.303 0.304 0.307 0.309 0.311 0.313 0.315 0.317 0.319 0.322 0.322 0.323 0.324 0.325 0.326 0.328 0.329 0.33 0.331 0.332 0.333 0.334 0.332 0.332 0.331 0.338 0.342 0.345 0.347 0.349 0.351 0.352 0.354 0.355 0.357 0.358 0.36 0.362 0.363 0.364 0.366
0.104 0.103 0.102 0.101 0.0 0.0 0.0 0.0 0.0 0.0 0.0 0.0 0.0 0.0 0.0 0.0 0.0 0.0 0.0 0.0 0.0 0.0 0.0 0.0 0.293 0.295 0.298 0.3 0.302 0.303 0.304 0.307 0.307 0.308 0.308 0.309 0.31 0.313 0.316 0.318 0.32 0.321 0.324 0.324 0.326 0.327 0.328 0.328 0.33 0.331 0.332 0.333 0.335 0.336 0.337 0.336 0.337 0.338 0.336 0.346 0.349 0.351 0.353 0.355 0.356 0.358 0.359 0.36 0.361 0.363 0.365 0.366 0.367 0.369
0.104 0.103 0.103 0.102 0.101 0.0 0.0 0.0 0.0 0.0 0.0 0.0 0.0 0.0 0.0 0.0 0.0 0.0 0.0 0.0 0.0 0.0 0.0 0.295 0.296 0.297 0.3 0.302 0.304 0.307 0.308 0.309 0.312 0.313 0.313 0.315 0.316 0.315 0.316 0.322 0.323 0.325 0.326 0.327 0.329 0.33 0.33 0.331 0.332 0.334 0.335 0.336 0.338 0.339 0.341 0.342 0.344 0.345 0.339 0.349 0.352 0.355 0.357 0.358 0.359 0.361 0.362 0.363 0.365 0.366 0.367 0.369 0.37 0.372
0.105 0.104 0.103 0.102 0.101 0.0 0.0 0.0 0.0 0.0 0.0 0.0 0.0 0.0 0.0 0.0 0.0 0.0 0.0 0.0 0.0 0.0 0.0 0.299 0.301 0.302 0.302 0.305 0.307 0.309 0.311 0.313 0.314 0.316 0.318 0.319 0.321 0.321 0.323 0.325 0.326 0.328 0.331 0.331 0.332 0.332 0.333 0.334 0.335 0.336 0.338 0.339 0.341 0.342 0.344 0.345 0.347 0.349 0.342 0.351 0.355 0.357 0.359 0.361 0.363 0.364 0.365 0.366 0.368 0.37 0.371 0.372 0.373 0.376
0.105 0.104 0.104 0.103 0.102 0.0 0.0 0.0 0.0 0.0 0.0 0.0 0.0 0.0 0.0 0.0 0.0 0.0 0.0 0.0 0.0 0.0 0.3 0.302 0.304 0.306 0.307 0.306 0.309 0.31 0.313 0.316 0.318 0.32 0.321 0.323 0.325 0.325 0.327 0.329 0.33 0.331 0.334 0.334 0.335 0.335 0.336 0.337 0.338 0.339 0.341 0.344 0.345 0.347 0.349 0.349 0.351 0.352 0.346 0.352 0.357 0.36 0.362 0.364 0.366 0.367 0.368 0.37 0.371 0.373 0.375 0.377 0.378 0.379
0.106 0.105 0.104 0.103 0.102 0.102 0.0 0.0 0.0 0.0 0.0 0.0 0.0 0.0 0.0 0.0 0.0 0.0 0.0 0.0 0.0 0.301 0.303 0.305 0.307 0.309 0.31 0.31 0.31 0.312 0.315 0.318 0.32 0.323 0.325 0.327 0.329 0.33 0.331 0.333 0.334 0.335 0.336 0.337 0.337 0.338 0.339 0.341 0.341 0.344 0.347 0.348 0.349 0.351 0.353 0.354 0.355 0.356 0.349 0.358 0.362 0.365 0.367 0.368 0.369 0.37 0.372 0.373 0.375 0.376 0.378 0.38 0.382 0.383
0.107 0.106 0.105 0.104 0.103 0.102 0.0 0.0 0.0 0.0 0.0 0.0 0.0 0.0 0.0 0.0 0.0 0.0 0.0 0.0 0.0 0.306 0.307 0.309 0.31 0.312 0.314 0.315 0.315 0.316 0.316 0.321 0.324 0.326 0.328 0.331 0.332 0.334 0.335 0.337 0.337 0.338 0.339 0.341 0.342 0.342 0.343 0.343 0.347 0.35 0.352 0.353 0.353 0.356 0.358 0.359 0.36 0.361 0.353 0.36 0.367 0.369 0.371 0.373 0.373 0.374 0.375 0.377 0.378 0.38 0.381 0.383 0.385 0.387
0.107 0.107 0.106 0.105 0.104 0.103 0.0 0.0 0.0 0.0 0.0 0.0 0.0 0.0 0.0 0.0 0.0 0.0 0.0 0.0 0.386 0.388 0.31 0.311 0.312 0.314 0.317 0.319 0.32 0.321 0.322 0.321 0.325 0.324 0.328 0.333 0.333 0.337 0.339 0.34 0.34 0.34 0.34 0.343 0.346 0.346 0.345 0.348 0.351 0.353 0.356 0.357 0.358 0.361 0.362 0.364 0.366 0.366 0.362 0.358 0.369 0.374 0.376 0.377 0.378 0.378 0.379 0.38 0.382 0.384 0.385 0.386 0.388 0.39
0.108 0.107 0.106 0.106 0.105 0.104 0.103 0.0 0.0 0.0 0.0 0.0 0.0 0.0 0.0 0.0 0.0 0.0 0.0 0.0 0.39 0.393 0.312 0.314 0.315 0.316 0.318 0.322 0.324 0.325 0.326 0.327 0.325 0.327 0.328 0.33 0.331 0.339 0.341 0.342 0.343 0.343 0.341 0.343 0.345 0.346 0.352 0.355 0.353 0.352 0.357 0.361 0.362 0.365 0.366 0.368 0.368 0.368 0.36 0.367 0.374 0.378 0.38 0.381 0.382 0.382 0.382 0.384 0.385 0.387 0.389 0.391 0.392 0.393
0.109 0.108 0.107 0.106 0.105 0.105 0.104 0.0 0.0 0.0 0.0 0.0 0.0 0.0 0.0 0.0 0.0 0.0 0.0 0.392 0.395 0.398 0.316 0.319 0.321 0.322 0.324 0.322 0.328 0.329 0.33 0.331 0.331 0.333 0.336 0.339 0.34 0.341 0.343 0.344 0.347 0.349 0.35 0.35 0.354 0.355 0.356 0.356 0.353 0.351 0.352 0.36 0.363 0.366 0.367 0.37 0.372 0.372 0.363 0.372 0.378 0.381 0.383 0.384 0.384 0.384 0.386 0.387 0.389 0.391 0.393 0.394 0.395 0.397
0.11 0.109 0.108 0.107 0.106 0.105 0.104 0.104 0.0 0.0 0.0 0.0 0.0 0.0 0.0 0.0 0.0 0.0 0.0 0.396 0.399 0.402 0.405 0.323 0.324 0.325 0.328 0.328 0.33 0.332 0.334 0.335 0.335 0.336 0.339 0.341 0.343 0.345 0.346 0.348 0.35 0.353 0.354 0.35 0.351 0.35 0.349 0.351 0.352 0.357 0.361 0.357 0.358 0.36 0.361 0.369 0.372 0.375 0.366 0.376 0.381 0.384 0.386 0.387 0.388 0.388 0.389 0.391 0.392 0.394 0.396 0.398 0.399 0.4
0.111 0.11 0.109 0.108 0.107 0.106 0.105 0.104 0.0 0.0 0.0 0.0 0.0 0.0 0.0 0.0 0.0 0.0 0.399 0.401 0.404 0.407 0.409 0.325 0.327 0.328 0.331 0.332 0.333 0.335 0.337 0.338 0.338 0.337 0.335 0.344 0.346 0.347 0.349 0.351 0.353 0.356 0.352 0.348 0.349 0.351 0.36 0.364 0.365 0.366 0.369 0.368 0.369 0.367 0.366 0.366 0.367 0.374 0.37 0.377 0.383 0.387 0.389 0.39 0.391 0.392 0.393 0.394 0.396 0.397 0.399 0.401 0.402 0.404
0.113 0.111 0.11 0.109 0.108 0.107 0.106 0.105 0.0 0.0 0.0 0.0 0.0 0.0 0.0 0.0 0.0 0.0 0.403 0.406 0.409 0.412 0.414 0.329 0.331 0.332 0.333 0.334 0.335 0.337 0.339 0.341 0.342 0.34 0.338 0.345 0.349 0.351 0.352 0.354 0.356 0.356 0.349 0.359 0.357 0.359 0.365 0.369 0.37 0.371 0.373 0.374 0.376 0.376 0.377 0.378 0.377 0.372 0.379 0.375 0.384 0.389 0.393 0.393 0.394 0.397 0.397 0.397 0.399 0.401 0.402 0.404 0.405 0.407
0.112 0.111 0.111 0.109 0.109 0.108 0.107 0.106 0.105 0.0 0.0 0.0 0.0 0.0 0.0 0.0 0.0 0.405 0.407 0.41 0.413 0.416 0.418 0.419 0.332 0.333 0.335 0.336 0.336 0.338 0.335 0.341 0.344 0.345 0.341 0.349 0.35 0.353 0.355 0.356 0.357 0.352 0.353 0.362 0.365 0.365 0.365 0.372 0.373 0.368 0.376 0.378 0.38 0.381 0.382 0.384 0.385 0.384 0.385 0.378 0.387 0.391 0.395 0.395 0.398 0.399 0.399 0.401 0.402 0.404 0.406 0.407 0.408 0.41
0.114 0.112 0.111 0.11 0.109 0.108 0.108 0.107 0.106 0.0 0.0 0.0 0.0 0.0 0.0 0.0 0.0 0.408 0.411 0.414 0.417 0.419 0.421 0.422 0.335 0.335 0.336 0.337 0.335 0.337 0.343 0.34 0.341 0.343 0.347 0.352 0.353 0.354 0.356 0.355 0.355 0.354 0.362 0.367 0.37 0.37 0.368 0.373 0.376 0.378 0.373 0.378 0.383 0.385 0.386 0.388 0.389 0.389 0.388 0.382 0.39 0.394 0.397 0.398 0.399 0.401 0.402 0.404 0.405 0.407 0.409 0.41 0.412 0.414
0.114 0.113 0.112 0.111 0.11 0.109 0.108 0.108 0.107 0.0 0.0 0.0 0.0 0.0 0.0 0.0 0.408 0.41 0.414 0.419 0.42 0.422 0.424 0.424 0.425 0.336 0.336 0.337 0.343 0.344 0.348 0.349 0.351 0.352 0.354 0.355 0.353 0.351 0.353 0.354 0.356 0.36 0.366 0.369 0.371 0.372 0.371 0.373 0.378 0.379 0.377 0.381 0.385 0.387 0.389 0.391 0.392 0.394 0.394 0.391 0.387 0.397 0.4 0.401 0.403 0.404 0.406 0.407 0.409 0.41 0.412 0.414 0.415 0.417
