static/jobfarm/user_models/minyf/common/HOME-GBHM/输出文件/Output/Grids/prec20020222.asc
ncols 221
nrows 204
xllcorner -627000.0
yllcorner 3955000.0
cellsize 900.0
NODATA_value -9999.0
[rows 33 to 65 of 204, columns 74 to 147 of 221]
0.19 0.192 0.193 0.194 0.196 0.198 0.199 0.201 0.203 0.204 0.206 0.207 0.209 0.21 0.212 0.213 0.214 0.214 0.215 0.217 0.219 0.22 0.221 0.223 0.224 0.226 0.227 0.228 0.23 0.231 0.232 0.232 0.233 0.234 0.235 0.237 0.238 0.239 0.24 0.239 0.241 0.245 0.247 0.249 0.251 0.252 -9999.0 -9999.0 -9999.0 -9999.0 -9999.0 -9999.0 -9999.0 -9999.0 -9999.0 -9999.0 -9999.0 -9999.0 -9999.0 -9999.0 -9999.0 -9999.0 -9999.0 -9999.0 -9999.0 -9999.0 -9999.0 -9999.0 -9999.0 -9999.0 -9999.0 -9999.0 -9999.0 -9999.0
0.191 0.192 0.194 0.195 0.197 0.198 0.2 0.202 0.203 0.205 0.206 0.208 0.209 0.211 0.213 0.213 0.214 0.216 0.217 0.218 0.22 0.221 0.222 0.224 0.225 0.226 0.227 0.228 0.23 0.231 0.232 0.233 0.234 0.235 0.236 0.237 0.238 0.24 0.24 0.24 0.242 0.246 0.248 0.249 0.251 -9999.0 -9999.0 -9999.0 -9999.0 -9999.0 -9999.0 -9999.0 -9999.0 -9999.0 -9999.0 -9999.0 -9999.0 -9999.0 -9999.0 -9999.0 -9999.0 -9999.0 -9999.0 -9999.0 -9999.0 -9999.0 -9999.0 -9999.0 -9999.0 -9999.0 -9999.0 -9999.0 -9999.0 -9999.0
0.192 0.193 0.195 0.196 0.198 0.199 0.201 0.202 0.204 0.206 0.207 0.209 0.21 0.212 0.213 0.213 0.215 0.217 0.218 0.219 0.22 0.221 0.223 0.224 0.225 0.227 0.228 0.229 0.23 0.231 0.232 0.233 0.234 0.235 0.236 0.238 0.239 0.24 0.241 0.24 0.243 0.246 0.248 0.249 0.251 -9999.0 -9999.0 -9999.0 -9999.0 -9999.0 -9999.0 -9999.0 -9999.0 -9999.0 -9999.0 -9999.0 -9999.0 -9999.0 -9999.0 -9999.0 -9999.0 -9999.0 -9999.0 -9999.0 -9999.0 -9999.0 -9999.0 -9999.0 -9999.0 -9999.0 -9999.0 -9999.0 -9999.0 -9999.0
0.193 0.194 0.195 0.197 0.199 0.2 0.202 0.203 0.205 0.206 0.208 0.209 0.211 0.212 0.213 0.213 0.215 0.217 0.219 0.22 0.221 0.222 0.223 0.224 0.226 0.227 0.228 0.229 0.231 0.232 0.232 0.234 0.235 0.236 0.237 0.238 0.239 0.241 0.241 0.241 0.243 0.246 0.248 0.25 0.252 0.254 -9999.0 -9999.0 -9999.0 -9999.0 -9999.0 -9999.0 -9999.0 -9999.0 -9999.0 -9999.0 -9999.0 -9999.0 -9999.0 -9999.0 -9999.0 -9999.0 -9999.0 -9999.0 -9999.0 -9999.0 -9999.0 -9999.0 -9999.0 -9999.0 -9999.0 -9999.0 -9999.0 -9999.0
0.193 0.195 0.196 0.198 0.199 0.201 0.203 0.204 0.206 0.207 0.208 0.21 0.212 0.213 0.214 0.215 0.216 0.217 0.219 0.22 0.221 0.222 0.223 0.224 0.225 0.227 0.228 0.229 0.231 0.232 0.233 0.234 0.235 0.236 0.237 0.238 0.24 0.241 0.24 0.243 0.245 0.247 0.249 0.251 0.253 0.255 -9999.0 -9999.0 -9999.0 -9999.0 -9999.0 -9999.0 -9999.0 -9999.0 -9999.0 -9999.0 -9999.0 -9999.0 -9999.0 -9999.0 -9999.0 -9999.0 -9999.0 -9999.0 -9999.0 -9999.0 -9999.0 -9999.0 -9999.0 -9999.0 -9999.0 -9999.0 -9999.0 -9999.0
0.194 0.196 0.197 0.199 0.2 0.202 0.203 0.205 0.206 0.208 0.209 0.211 0.212 0.214 0.215 0.216 0.217 0.217 0.218 0.219 0.221 0.222 0.223 0.224 0.225 0.227 0.228 0.229 0.231 0.232 0.233 0.234 0.236 0.237 0.238 0.239 0.24 0.24 0.24 0.244 0.244 0.247 0.249 0.251 0.253 0.254 0.256 0.258 0.259 0.26 0.261 0.261 -9999.0 -9999.0 -9999.0 -9999.0 -9999.0 -9999.0 -9999.0 -9999.0 -9999.0 -9999.0 -9999.0 -9999.0 -9999.0 -9999.0 -9999.0 -9999.0 -9999.0 -9999.0 -9999.0 -9999.0 -9999.0 -9999.0
0.195 0.196 0.198 0.199 0.201 0.203 0.204 0.206 0.207 0.208 0.21 0.211 0.213 0.214 0.215 0.216 0.217 0.218 0.219 0.22 0.221 0.222 0.223 0.225 0.226 0.227 0.228 0.23 0.231 0.232 0.233 0.234 0.236 0.237 0.238 0.239 0.24 0.24 0.241 0.243 0.245 0.247 0.249 0.25 0.252 0.254 0.255 0.258 0.259 0.261 0.261 0.258 0.263 -9999.0 -9999.0 -9999.0 -9999.0 -9999.0 -9999.0 -9999.0 -9999.0 -9999.0 -9999.0 -9999.0 -9999.0 -9999.0 -9999.0 -9999.0 -9999.0 -9999.0 -9999.0 -9999.0 -9999.0 -9999.0
0.196 0.197 0.199 0.2 0.202 0.203 0.205 0.207 0.208 0.21 0.21 0.212 0.213 0.215 0.216 0.217 0.218 0.219 0.22 0.221 0.222 0.223 0.224 0.225 0.226 0.227 0.228 0.23 0.231 0.233 0.234 0.235 0.236 0.238 0.239 0.24 0.241 0.241 0.241 0.243 0.245 0.247 0.249 0.251 0.252 0.254 0.255 0.257 0.259 0.26 0.262 0.259 0.263 -9999.0 -9999.0 -9999.0 -9999.0 -9999.0 -9999.0 -9999.0 -9999.0 -9999.0 -9999.0 -9999.0 -9999.0 -9999.0 -9999.0 -9999.0 -9999.0 -9999.0 -9999.0 -9999.0 -9999.0 -9999.0
0.196 0.197 0.199 0.2 0.202 0.203 0.205 0.207 0.209 0.21 0.211 0.213 0.214 0.215 0.217 0.218 0.219 0.22 0.221 0.222 0.223 0.224 0.225 0.226 0.228 0.228 0.229 0.23 0.232 0.233 0.234 0.235 0.237 0.239 0.24 0.24 0.241 0.242 0.242 0.244 0.246 0.248 0.25 0.251 0.253 0.254 0.256 0.258 0.259 0.26 0.261 0.259 0.263 0.265 -9999.0 -9999.0 -9999.0 -9999.0 -9999.0 -9999.0 -9999.0 -9999.0 -9999.0 -9999.0 -9999.0 -9999.0 -9999.0 -9999.0 -9999.0 -9999.0 -9999.0 -9999.0 -9999.0 -9999.0
0.196 0.197 0.199 0.2 0.202 0.204 0.205 0.207 0.21 0.211 0.212 0.214 0.215 0.216 0.217 0.219 0.22 0.221 0.222 0.223 0.224 0.225 0.226 0.227 0.228 0.229 0.229 0.23 0.232 0.234 0.235 0.236 0.237 0.238 0.24 0.242 0.241 0.241 0.242 0.245 0.247 0.248 0.249 0.251 0.253 0.255 0.256 0.258 0.259 0.261 0.261 0.259 0.263 -9999.0 -9999.0 -9999.0 -9999.0 -9999.0 -9999.0 -9999.0 -9999.0 -9999.0 -9999.0 -9999.0 -9999.0 -9999.0 -9999.0 -9999.0 -9999.0 -9999.0 -9999.0 -9999.0 -9999.0 -9999.0
0.196 0.198 0.199 0.201 0.202 0.203 0.205 0.207 0.21 0.211 0.213 0.215 0.216 0.217 0.219 0.22 0.22 0.222 0.224 0.224 0.225 0.226 0.227 0.228 0.229 0.23 0.23 0.231 0.232 0.234 0.236 0.237 0.238 0.239 0.24 0.24 0.241 0.241 0.244 0.246 0.247 0.249 0.249 0.25 0.252 0.254 0.256 0.257 0.258 0.26 0.258 0.26 0.264 -9999.0 -9999.0 -9999.0 -9999.0 -9999.0 -9999.0 -9999.0 -9999.0 -9999.0 -9999.0 -9999.0 -9999.0 -9999.0 -9999.0 -9999.0 -9999.0 -9999.0 -9999.0 -9999.0 -9999.0 -9999.0
0.199 0.2 0.201 0.201 0.202 0.204 0.205 0.206 0.21 0.212 0.214 0.216 0.217 0.218 0.22 0.221 0.221 0.224 0.225 0.224 0.226 0.227 0.227 0.228 0.229 0.231 0.231 0.232 0.232 0.234 0.236 0.238 0.239 0.24 0.24 0.24 0.241 0.243 0.245 0.247 0.248 0.248 0.249 0.25 0.251 0.253 0.254 0.255 0.256 0.258 0.259 0.263 0.266 -9999.0 -9999.0 -9999.0 -9999.0 -9999.0 -9999.0 -9999.0 -9999.0 -9999.0 -9999.0 -9999.0 -9999.0 -9999.0 -9999.0 -9999.0 -9999.0 -9999.0 -9999.0 -9999.0 -9999.0 -9999.0
0.2 0.201 0.202 0.204 0.204 0.205 0.206 0.207 0.208 0.213 0.215 0.217 0.219 0.219 0.221 0.221 0.223 0.225 0.226 0.226 0.226 0.227 0.228 0.23 0.231 0.231 0.231 0.232 0.233 0.234 0.235 0.238 0.239 0.239 0.239 0.24 0.243 0.245 0.246 0.247 0.248 0.248 0.251 0.252 0.252 0.253 0.254 0.257 0.259 0.26 0.262 0.264 0.266 0.267 -9999.0 -9999.0 -9999.0 -9999.0 -9999.0 -9999.0 -9999.0 -9999.0 -9999.0 -9999.0 -9999.0 -9999.0 -9999.0 -9999.0 -9999.0 -9999.0 -9999.0 -9999.0 -9999.0 -9999.0
0.201 0.202 0.203 0.205 0.206 0.207 0.209 0.209 0.209 0.213 0.215 0.218 0.219 0.221 0.222 0.222 0.225 0.225 0.226 0.226 0.227 0.227 0.23 0.231 0.232 0.232 0.233 0.233 0.234 0.234 0.235 0.237 0.239 0.24 0.24 0.24 0.243 0.245 0.246 0.247 0.247 0.25 0.252 0.253 0.254 0.256 0.257 0.258 0.26 0.261 0.263 0.264 0.266 0.267 0.268 -9999.0 -9999.0 0.273 0.23 -9999.0 -9999.0 -9999.0 -9999.0 -9999.0 -9999.0 -9999.0 -9999.0 -9999.0 -9999.0 -9999.0 -9999.0 -9999.0 -9999.0 -9999.0
0.202 0.203 0.204 0.206 0.207 0.209 0.21 0.211 0.212 0.211 0.215 0.218 0.22 0.222 0.223 0.224 0.225 0.225 0.226 0.227 0.229 0.229 0.231 0.232 0.232 0.232 0.233 0.234 0.234 0.235 0.236 0.237 0.239 0.24 0.24 0.242 0.244 0.246 0.247 0.248 0.247 0.251 0.253 0.254 0.255 0.256 0.257 0.259 0.26 0.261 0.263 0.264 0.265 0.267 0.269 -9999.0 -9999.0 0.228 0.23 -9999.0 -9999.0 -9999.0 -9999.0 -9999.0 -9999.0 -9999.0 -9999.0 -9999.0 -9999.0 -9999.0 -9999.0 -9999.0 -9999.0 -9999.0
0.203 0.204 0.205 0.207 0.208 0.209 0.211 0.212 0.213 0.213 0.213 0.217 0.22 0.221 0.222 0.224 0.225 0.227 0.228 0.229 0.23 0.231 0.232 0.232 0.232 0.234 0.234 0.234 0.235 0.236 0.237 0.237 0.239 0.24 0.24 0.243 0.245 0.246 0.247 0.247 0.248 0.251 0.253 0.255 0.256 0.256 0.257 0.258 0.259 0.261 0.262 0.263 0.265 0.268 0.27 0.226 0.227 0.228 0.229 -9999.0 -9999.0 -9999.0 -9999.0 -9999.0 -9999.0 -9999.0 -9999.0 -9999.0 -9999.0 -9999.0 -9999.0 -9999.0 -9999.0 -9999.0
0.204 0.205 0.206 0.207 0.209 0.21 0.211 0.213 0.214 0.215 0.215 0.215 0.216 0.218 0.219 0.22 0.221 0.225 0.227 0.228 0.229 0.23 0.232 0.233 0.233 0.234 0.234 0.235 0.236 0.236 0.237 0.238 0.239 0.239 0.24 0.243 0.245 0.247 0.247 0.247 0.249 0.251 0.254 0.254 0.255 0.256 0.258 0.26 0.261 0.264 0.264 0.266 0.265 0.269 0.225 0.226 0.226 0.227 0.229 -9999.0 -9999.0 -9999.0 -9999.0 -9999.0 -9999.0 -9999.0 -9999.0 -9999.0 -9999.0 -9999.0 -9999.0 -9999.0 -9999.0 -9999.0
0.204 0.206 0.207 0.208 0.209 0.211 0.212 0.213 0.215 0.216 0.217 0.215 0.218 0.221 0.223 0.223 0.224 0.223 0.224 0.225 0.226 0.229 0.231 0.233 0.233 0.234 0.234 0.235 0.237 0.237 0.238 0.238 0.239 0.24 0.241 0.244 0.246 0.247 0.248 0.248 0.249 0.251 0.253 0.254 0.255 0.257 0.259 0.261 0.263 0.265 0.266 0.266 0.265 0.223 0.224 0.225 0.226 0.227 0.228 0.229 0.231 0.232 -9999.0 -9999.0 -9999.0 -9999.0 -9999.0 -9999.0 -9999.0 -9999.0 -9999.0 -9999.0 -9999.0 -9999.0
0.205 0.207 0.208 0.208 0.21 0.211 0.213 0.214 0.215 0.216 0.218 0.22 0.222 0.223 0.224 0.225 0.226 0.226 0.228 0.228 0.228 0.228 0.229 0.232 0.232 0.233 0.235 0.236 0.237 0.238 0.239 0.239 0.24 0.24 0.242 0.244 0.245 0.246 0.247 0.249 0.25 0.252 0.253 0.254 0.256 0.258 0.259 0.261 0.263 0.265 0.266 0.268 0.22 0.223 0.223 0.224 0.225 0.226 0.227 0.229 0.23 0.231 -9999.0 -9999.0 -9999.0 -9999.0 -9999.0 -9999.0 -9999.0 -9999.0 -9999.0 -9999.0 -9999.0 -9999.0
0.205 0.207 0.208 0.208 0.21 0.211 0.213 0.215 0.216 0.217 0.219 0.221 0.223 0.224 0.225 0.226 0.226 0.228 0.229 0.23 0.23 0.23 0.231 0.23 0.231 0.232 0.233 0.237 0.238 0.239 0.239 0.24 0.24 0.241 0.243 0.244 0.245 0.246 0.248 0.25 0.251 0.253 0.254 0.255 0.257 0.258 0.26 0.261 0.263 0.265 0.22 0.221 0.221 0.223 0.223 0.223 0.224 0.225 0.227 0.228 0.23 0.231 -9999.0 -9999.0 -9999.0 -9999.0 -9999.0 -9999.0 -9999.0 -9999.0 -9999.0 -9999.0 -9999.0 -9999.0
0.205 0.207 0.209 0.209 0.21 0.212 0.213 0.215 0.216 0.218 0.22 0.221 0.223 0.225 0.225 0.226 0.225 0.227 0.228 0.229 0.23 0.231 0.232 0.233 0.235 0.235 0.235 0.235 0.236 0.238 0.239 0.24 0.24 0.242 0.243 0.244 0.246 0.247 0.249 0.252 0.253 0.254 0.255 0.256 0.257 0.259 0.26 0.262 0.264 0.218 0.219 0.22 0.221 0.222 0.223 0.224 0.224 0.225 0.226 0.228 0.229 -9999.0 -9999.0 -9999.0 -9999.0 -9999.0 -9999.0 -9999.0 -9999.0 -9999.0 -9999.0 -9999.0 -9999.0 -9999.0
0.205 0.206 0.208 0.209 0.21 0.211 0.212 0.215 0.216 0.218 0.22 0.221 0.223 0.225 0.226 0.226 0.227 0.227 0.228 0.229 0.23 0.231 0.232 0.234 0.235 0.236 0.237 0.237 0.237 0.238 0.239 0.239 0.241 0.242 0.243 0.245 0.246 0.248 0.251 0.253 0.254 0.256 0.256 0.257 0.258 0.26 0.261 0.262 0.216 0.218 0.218 0.22 0.221 0.222 0.222 0.223 0.224 0.225 0.226 0.227 0.228 -9999.0 -9999.0 -9999.0 -9999.0 -9999.0 -9999.0 -9999.0 -9999.0 -9999.0 -9999.0 -9999.0 -9999.0 -9999.0
0.205 0.206 0.208 0.209 0.208 0.208 0.21 0.213 0.214 0.217 0.219 0.219 0.222 0.226 0.227 0.228 0.228 0.229 0.229 0.23 0.231 0.231 0.232 0.234 0.235 0.236 0.238 0.238 0.238 0.238 0.239 0.24 0.242 0.243 0.244 0.246 0.248 0.25 0.252 0.254 0.255 0.257 0.257 0.258 0.259 0.261 0.262 0.215 0.216 0.217 0.219 0.219 0.22 0.22 0.222 0.223 0.223 0.224 0.225 0.226 0.228 0.229 -9999.0 -9999.0 -9999.0 -9999.0 -9999.0 -9999.0 -9999.0 -9999.0 -9999.0 -9999.0 -9999.0 -9999.0
0.205 0.206 0.207 0.207 0.208 0.212 0.213 0.211 0.213 0.214 0.215 0.217 0.218 0.223 0.226 0.228 0.227 0.23 0.231 0.232 0.232 0.233 0.233 0.233 0.235 0.237 0.238 0.239 0.239 0.239 0.24 0.24 0.242 0.243 0.244 0.246 0.248 0.251 0.252 0.254 0.256 0.257 0.258 0.258 0.26 0.26 0.213 0.215 0.215 0.216 0.217 0.218 0.219 0.22 0.221 0.222 0.223 0.224 0.225 0.226 0.227 0.228 0.229 0.231 0.232 -9999.0 -9999.0 -9999.0 -9999.0 -9999.0 -9999.0 -9999.0 -9999.0 -9999.0
0.206 0.207 0.207 0.207 0.211 0.213 0.215 0.216 0.216 0.22 0.221 0.222 0.223 0.22 0.221 0.222 0.223 0.23 0.231 0.233 0.233 0.234 0.234 0.234 0.235 0.236 0.237 0.238 0.24 0.24 0.239 0.241 0.242 0.244 0.245 0.247 0.25 0.252 0.253 0.255 0.257 0.258 0.258 0.258 0.259 0.211 0.212 0.213 0.214 0.215 0.215 0.217 0.218 0.219 0.221 0.222 0.222 0.223 0.224 0.226 0.227 0.229 0.229 0.23 0.232 0.233 -9999.0 -9999.0 -9999.0 -9999.0 -9999.0 -9999.0 -9999.0 -9999.0
0.205 0.207 0.206 0.21 0.213 0.214 0.216 0.218 0.219 0.22 0.222 0.223 0.223 0.22 0.226 0.229 0.23 0.231 0.231 0.232 0.235 0.235 0.236 0.235 0.236 0.236 0.236 0.238 0.239 0.239 0.241 0.242 0.243 0.244 0.246 0.248 0.25 0.252 0.254 0.256 0.257 0.257 0.257 0.258 0.209 0.21 0.211 0.211 0.211 0.212 0.214 0.216 0.217 0.219 0.221 0.22 0.222 0.223 0.224 0.226 0.228 0.228 0.229 0.23 0.231 0.232 -9999.0 -9999.0 -9999.0 -9999.0 -9999.0 -9999.0 -9999.0 -9999.0
0.205 0.206 0.209 0.211 0.213 0.215 0.217 0.219 0.221 0.222 0.223 0.225 0.225 0.221 0.227 0.23 0.231 0.232 0.232 0.232 0.234 0.235 0.236 0.237 0.236 0.237 0.238 0.238 0.238 0.239 0.241 0.242 0.243 0.244 0.245 0.247 0.249 0.252 0.254 0.256 0.257 0.257 0.257 0.208 0.208 0.208 0.209 0.21 0.212 0.214 0.213 0.216 0.217 0.218 0.219 0.22 0.221 0.223 0.224 0.226 0.228 0.228 0.228 0.229 0.231 0.232 -9999.0 -9999.0 -9999.0 -9999.0 -9999.0 -9999.0 -9999.0 -9999.0
0.207 0.209 0.209 0.211 0.214 0.214 0.215 0.219 0.22 0.221 0.223 0.224 0.225 0.221 0.226 0.229 0.23 0.232 0.233 0.233 0.233 0.234 0.236 0.236 0.238 0.237 0.238 0.238 0.239 0.24 0.242 0.243 0.243 0.245 0.247 0.246 0.248 0.251 0.254 0.256 0.257 0.256 0.206 0.206 0.206 0.207 0.208 0.212 0.213 0.212 0.212 0.214 0.217 0.217 0.219 0.22 0.221 0.222 0.224 0.226 0.227 0.228 0.228 0.228 0.229 0.231 -9999.0 -9999.0 0.235 -9999.0 -9999.0 -9999.0 -9999.0 -9999.0
0.208 0.209 0.21 0.211 0.212 0.213 0.215 0.216 0.217 0.218 0.22 0.223 0.225 0.223 0.223 0.228 0.229 0.232 0.234 0.234 0.234 0.235 0.236 0.239 0.239 0.238 0.238 0.239 0.239 0.24 0.242 0.242 0.243 0.247 0.249 0.248 0.248 0.249 0.252 0.255 0.256 0.205 0.204 0.205 0.207 0.209 0.211 0.212 0.214 0.213 0.212 0.216 0.217 0.217 0.218 0.22 0.221 0.222 0.224 0.226 0.226 0.227 0.227 0.228 0.228 0.23 0.231 0.233 0.234 0.235 0.236 -9999.0 -9999.0 -9999.0
0.209 0.21 0.212 0.212 0.213 0.216 0.219 0.22 0.22 0.222 0.223 0.225 0.225 0.225 0.226 0.224 0.228 0.231 0.234 0.236 0.235 0.235 0.236 0.239 0.24 0.239 0.239 0.239 0.24 0.241 0.242 0.243 0.245 0.246 0.249 0.25 0.25 0.249 0.25 0.253 0.202 0.203 0.205 0.207 0.209 0.21 0.212 0.213 0.214 0.213 0.211 0.216 0.216 0.217 0.218 0.219 0.22 0.221 0.223 0.225 0.225 0.226 0.227 0.228 0.228 0.229 0.23 0.232 0.233 0.234 0.235 0.236 -9999.0 0.237
0.209 0.21 0.212 0.212 0.216 0.218 0.219 0.221 0.222 0.224 0.225 0.226 0.226 0.227 0.229 0.228 0.226 0.23 0.233 0.235 0.235 0.235 0.236 0.238 0.24 0.239 0.239 0.24 0.241 0.241 0.242 0.244 0.245 0.247 0.249 0.251 0.252 0.251 0.251 0.201 0.203 0.205 0.206 0.207 0.208 0.211 0.212 0.213 0.212 0.21 0.214 0.216 0.217 0.217 0.217 0.218 0.219 0.22 0.222 0.223 0.224 0.226 0.227 0.227 0.227 0.226 0.225 0.228 0.23 0.231 0.23 0.234 0.235 0.236
0.211 0.212 0.212 0.214 0.217 0.219 0.22 0.222 0.223 0.224 0.225 0.227 0.226 0.227 0.228 0.227 0.229 0.228 0.232 0.234 0.234 0.235 0.237 0.239 0.241 0.24 0.24 0.241 0.241 0.241 0.242 0.245 0.247 0.248 0.25 0.252 0.253 0.253 0.253 0.202 0.203 0.205 0.206 0.207 0.209 0.211 0.212 0.212 0.21 0.21 0.214 0.216 0.216 0.216 0.217 0.218 0.219 0.22 0.221 0.222 0.223 0.225 0.226 0.226 0.223 0.22 0.22 0.221 0.222 0.223 0.231 0.23 0.231 0.234
0.213 0.214 0.213 0.214 0.217 0.219 0.22 0.223 0.223 0.224 0.225 0.226 0.226 0.228 0.229 0.23 0.231 0.231 0.229 0.23 0.233 0.236 0.237 0.239 0.24 0.24 0.24 0.241 0.242 0.242 0.243 0.245 0.248 0.25 0.251 0.253 0.254 0.254 0.202 0.202 0.202 0.205 0.206 0.207 0.209 0.211 0.212 0.211 0.208 0.212 0.215 0.215 0.215 0.216 0.217 0.218 0.218 0.219 0.22 0.221 0.222 0.224 0.224 0.222 0.218 0.223 0.226 0.228 0.226 0.227 0.232 0.233 0.233 0.231
