static/jobfarm/user_models/minyf/common/HOME-GBHM/输出文件/Output/Grids/prec20020227.asc
ncols 221
nrows 204
xllcorner -627000.0
yllcorner 3955000.0
cellsize 900.0
NODATA_value -9999.0
[rows 66 to 98 of 204, columns 0 to 73 of 221]
-9999.0 -9999.0 -9999.0 -9999.0 -9999.0 -9999.0 -9999.0 -9999.0 -9999.0 -9999.0 -9999.0 -9999.0 0.162 0.16 0.159 0.159 0.157 0.156 0.155 0.154 0.139 0.138 0.138 0.137 0.136 0.135 0.134 0.133 0.133 0.132 0.131 0.13 0.129 0.128 0.127 0.126 0.125 0.124 0.122 0.121 0.121 0.12 0.119 0.118 0.117 0.115 0.115 0.114 0.112 0.111 0.111 0.11 0.109 0.107 0.106 0.106 0.105 0.104 0.103 0.102 0.101 0.1 0.099 0.098 0.097 0.096 0.094 0.094 0.093 0.0 0.0 0.0 0.0 0.0
-9999.0 -9999.0 -9999.0 -9999.0 -9999.0 -9999.0 -9999.0 -9999.0 -9999.0 -9999.0 -9999.0 -9999.0 0.163 0.162 0.161 0.16 0.159 0.158 0.157 0.156 0.139 0.139 0.138 0.138 0.137 0.136 0.135 0.134 0.133 0.132 0.131 0.131 0.13 0.129 0.128 0.127 0.126 0.125 0.123 0.122 0.121 0.121 0.12 0.119 0.118 0.117 0.117 0.115 0.114 0.112 0.112 0.111 0.109 0.109 0.108 0.107 0.106 0.105 0.104 0.103 0.102 0.101 0.1 0.099 0.098 0.098 0.096 0.094 0.094 0.094 0.0 0.0 0.0 0.0
-9999.0 -9999.0 -9999.0 -9999.0 -9999.0 -9999.0 -9999.0 -9999.0 -9999.0 -9999.0 -9999.0 -9999.0 0.164 0.163 0.162 0.161 0.16 0.159 0.158 0.157 0.141 0.139 0.139 0.138 0.138 0.137 0.136 0.135 0.133 0.132 0.131 0.131 0.131 0.13 0.129 0.128 0.127 0.125 0.124 0.123 0.122 0.12 0.121 0.12 0.119 0.118 0.118 0.117 0.115 0.113 0.113 0.111 0.111 0.11 0.109 0.108 0.107 0.106 0.105 0.104 0.103 0.102 0.101 0.1 0.1 0.099 0.097 0.095 0.095 0.095 0.0 0.0 0.0 0.0
-9999.0 -9999.0 -9999.0 -9999.0 -9999.0 -9999.0 -9999.0 -9999.0 -9999.0 -9999.0 -9999.0 -9999.0 0.165 0.165 0.163 0.162 0.161 0.16 0.16 0.159 0.158 0.141 0.139 0.139 0.139 0.138 0.137 0.136 0.133 0.131 0.131 0.131 0.132 0.131 0.13 0.129 0.128 0.127 0.126 0.125 0.123 0.121 0.121 0.121 0.12 0.119 0.119 0.118 0.117 0.114 0.113 0.112 0.112 0.111 0.11 0.109 0.108 0.107 0.105 0.104 0.103 0.102 0.102 0.101 0.101 0.099 0.098 0.096 0.096 0.095 0.095 0.0 0.0 0.0
-9999.0 -9999.0 -9999.0 -9999.0 -9999.0 -9999.0 -9999.0 -9999.0 -9999.0 -9999.0 -9999.0 -9999.0 -9999.0 0.166 0.165 0.164 0.163 0.162 0.161 0.16 0.159 0.142 0.141 0.139 0.139 0.139 0.138 0.136 0.133 0.132 0.131 0.132 0.133 0.132 0.131 0.13 0.129 0.128 0.127 0.126 0.125 0.123 0.121 0.121 0.121 0.12 0.119 0.118 0.117 0.114 0.112 0.112 0.113 0.112 0.111 0.11 0.109 0.107 0.106 0.105 0.104 0.103 0.102 0.101 0.101 0.1 0.098 0.097 0.096 0.096 0.095 0.0 0.0 0.0
-9999.0 -9999.0 -9999.0 -9999.0 -9999.0 -9999.0 -9999.0 -9999.0 -9999.0 -9999.0 -9999.0 -9999.0 -9999.0 -9999.0 -9999.0 0.165 0.164 0.163 0.163 0.162 0.161 0.143 0.142 0.14 0.139 0.139 0.138 0.135 0.137 0.133 0.132 0.133 0.134 0.133 0.132 0.131 0.13 0.129 0.128 0.127 0.126 0.125 0.123 0.121 0.121 0.121 0.12 0.119 0.118 0.114 0.113 0.113 0.114 0.113 0.112 0.111 0.109 0.108 0.106 0.106 0.105 0.104 0.103 0.102 0.101 0.1 0.099 0.098 0.097 0.097 0.096 0.095 0.0 0.0
-9999.0 -9999.0 -9999.0 -9999.0 -9999.0 -9999.0 -9999.0 -9999.0 -9999.0 -9999.0 -9999.0 -9999.0 -9999.0 -9999.0 -9999.0 0.167 0.166 0.165 0.164 0.163 0.162 0.161 0.143 0.141 0.14 0.138 0.137 0.136 0.135 0.134 0.134 0.134 0.134 0.134 0.133 0.132 0.131 0.13 0.129 0.128 0.127 0.126 0.124 0.122 0.121 0.121 0.12 0.12 0.119 0.118 0.114 0.113 0.115 0.114 0.113 0.111 0.11 0.108 0.107 0.107 0.106 0.105 0.104 0.103 0.102 0.101 0.1 0.099 0.098 0.098 0.097 0.096 0.096 0.0
-9999.0 -9999.0 -9999.0 -9999.0 -9999.0 -9999.0 -9999.0 -9999.0 -9999.0 -9999.0 -9999.0 -9999.0 -9999.0 -9999.0 -9999.0 -9999.0 0.167 0.166 0.165 0.164 0.164 0.163 0.144 0.141 0.14 0.139 0.138 0.137 0.136 0.134 0.136 0.135 0.135 0.134 0.134 0.133 0.132 0.131 0.13 0.128 0.127 0.127 0.125 0.124 0.122 0.121 0.121 0.12 0.12 0.119 0.118 0.116 0.113 0.114 0.113 0.111 0.11 0.109 0.109 0.108 0.107 0.106 0.105 0.104 0.103 0.102 0.101 0.1 0.099 0.098 0.098 0.097 0.097 0.0
-9999.0 -9999.0 -9999.0 -9999.0 -9999.0 -9999.0 -9999.0 -9999.0 -9999.0 -9999.0 -9999.0 -9999.0 -9999.0 -9999.0 -9999.0 0.169 0.168 0.167 -9999.0 0.166 0.165 0.164 0.146 0.144 0.141 0.14 0.139 0.138 0.137 0.135 0.134 0.136 0.136 0.135 0.134 0.133 0.133 0.132 0.131 0.129 0.128 0.127 0.126 0.124 0.123 0.122 0.121 0.121 0.12 0.117 0.118 0.118 0.116 0.113 0.113 0.113 0.111 0.111 0.109 0.109 0.108 0.107 0.106 0.105 0.104 0.103 0.103 0.101 0.1 0.099 0.098 0.098 0.097 0.096
-9999.0 -9999.0 -9999.0 -9999.0 -9999.0 -9999.0 -9999.0 -9999.0 -9999.0 -9999.0 -9999.0 -9999.0 -9999.0 -9999.0 -9999.0 -9999.0 -9999.0 -9999.0 -9999.0 0.167 0.167 0.166 0.164 0.145 0.142 0.141 0.14 0.139 0.138 0.136 0.135 0.136 0.137 0.136 0.135 0.134 0.134 0.133 0.132 0.13 0.129 0.128 0.127 0.125 0.124 0.123 0.122 0.121 0.121 0.12 0.117 0.116 0.118 0.116 0.113 0.112 0.111 0.111 0.11 0.109 0.109 0.108 0.107 0.106 0.105 0.103 0.103 0.102 0.101 0.1 0.099 0.098 0.098 0.097
-9999.0 -9999.0 -9999.0 -9999.0 -9999.0 -9999.0 -9999.0 -9999.0 -9999.0 -9999.0 -9999.0 -9999.0 -9999.0 -9999.0 -9999.0 -9999.0 -9999.0 -9999.0 0.169 0.168 0.168 0.167 0.165 0.146 0.143 0.142 0.141 0.14 0.139 0.137 0.136 0.137 0.137 0.136 0.136 0.135 0.134 0.134 0.133 0.131 0.13 0.129 0.128 0.127 0.125 0.124 0.123 0.122 0.121 0.121 0.118 0.119 0.116 0.117 0.116 0.115 0.114 0.113 0.11 0.11 0.11 0.109 0.109 0.107 0.105 0.105 0.105 0.103 0.102 0.101 0.1 0.099 0.099 0.098
-9999.0 -9999.0 -9999.0 -9999.0 -9999.0 -9999.0 -9999.0 -9999.0 -9999.0 -9999.0 -9999.0 -9999.0 -9999.0 -9999.0 -9999.0 -9999.0 -9999.0 -9999.0 -9999.0 0.169 0.168 0.168 0.167 0.147 0.145 0.143 0.142 0.141 0.141 0.139 0.137 0.138 0.138 0.137 0.137 0.136 0.135 0.135 0.134 0.132 0.131 0.13 0.129 0.128 0.127 0.125 0.124 0.123 0.122 0.121 0.119 0.12 0.119 0.116 0.116 0.116 0.115 0.114 0.112 0.11 0.111 0.11 0.109 0.108 0.106 0.106 0.105 0.104 0.103 0.101 0.101 0.1 0.1 0.099
-9999.0 -9999.0 -9999.0 -9999.0 -9999.0 -9999.0 -9999.0 -9999.0 -9999.0 -9999.0 -9999.0 -9999.0 -9999.0 -9999.0 -9999.0 -9999.0 -9999.0 -9999.0 0.171 0.17 0.169 0.168 0.168 0.167 0.147 0.144 0.143 0.142 0.143 0.142 0.139 0.137 0.138 0.138 0.137 0.137 0.136 0.135 0.134 0.133 0.132 0.131 0.13 0.129 0.128 0.126 0.125 0.124 0.123 0.121 0.12 0.119 0.119 0.117 0.117 0.116 0.116 0.115 0.114 0.111 0.111 0.11 0.11 0.109 0.107 0.107 0.106 0.105 0.104 0.102 0.101 0.101 0.1 0.1
-9999.0 -9999.0 -9999.0 -9999.0 -9999.0 -9999.0 -9999.0 -9999.0 -9999.0 -9999.0 -9999.0 -9999.0 -9999.0 -9999.0 -9999.0 -9999.0 -9999.0 -9999.0 0.173 0.172 0.171 0.17 0.169 0.168 0.147 0.145 0.144 0.143 0.142 0.142 0.14 0.139 0.137 0.138 0.138 0.137 0.136 0.136 0.135 0.134 0.133 0.132 0.131 0.13 0.129 0.127 0.126 0.125 0.124 0.122 0.121 0.121 0.119 0.118 0.117 0.117 0.116 0.115 0.115 0.113 0.111 0.111 0.111 0.111 0.109 0.107 0.107 0.106 0.104 0.103 0.102 0.101 0.101 0.1
-9999.0 -9999.0 -9999.0 -9999.0 -9999.0 -9999.0 -9999.0 -9999.0 -9999.0 -9999.0 -9999.0 -9999.0 -9999.0 -9999.0 -9999.0 -9999.0 -9999.0 0.175 0.174 0.173 0.172 0.171 0.17 0.168 0.167 0.147 0.146 0.145 0.143 0.142 0.141 0.14 0.14 0.137 0.138 0.138 0.137 0.136 0.136 0.135 0.134 0.133 0.132 0.131 0.13 0.129 0.126 0.126 0.124 0.123 0.122 0.121 0.12 0.119 0.119 0.118 0.116 0.116 0.115 0.114 0.113 0.111 0.111 0.111 0.11 0.107 0.108 0.107 0.106 0.104 0.103 0.102 0.101 0.101
-9999.0 -9999.0 -9999.0 -9999.0 -9999.0 -9999.0 -9999.0 -9999.0 -9999.0 -9999.0 -9999.0 -9999.0 -9999.0 -9999.0 -9999.0 -9999.0 -9999.0 -9999.0 0.176 -9999.0 0.174 0.172 0.171 0.17 0.169 0.148 0.147 0.146 0.145 0.143 0.142 0.142 0.141 0.138 0.138 0.139 0.138 0.137 0.136 0.135 0.134 0.133 0.133 0.132 0.131 0.13 0.127 0.127 0.126 0.124 0.123 0.122 0.121 0.12 0.119 0.118 0.117 0.116 0.116 0.115 0.114 0.112 0.112 0.111 0.11 0.108 0.108 0.108 0.107 0.106 0.104 0.103 0.102 0.101
-9999.0 -9999.0 -9999.0 -9999.0 -9999.0 -9999.0 -9999.0 -9999.0 -9999.0 -9999.0 -9999.0 -9999.0 -9999.0 -9999.0 -9999.0 -9999.0 -9999.0 -9999.0 -9999.0 -9999.0 -9999.0 0.174 0.173 0.172 0.17 0.149 0.148 0.147 0.146 0.145 0.144 0.143 0.141 0.14 0.138 0.139 0.138 0.137 0.137 0.136 0.135 0.134 0.133 0.132 0.131 0.131 0.128 0.128 0.127 0.126 0.124 0.123 0.122 0.121 0.12 0.119 0.118 0.117 0.116 0.115 0.115 0.113 0.112 0.112 0.11 0.11 0.11 0.109 0.108 0.106 0.105 0.104 0.103 0.102
-9999.0 -9999.0 -9999.0 -9999.0 -9999.0 -9999.0 -9999.0 -9999.0 -9999.0 -9999.0 -9999.0 -9999.0 -9999.0 -9999.0 -9999.0 -9999.0 -9999.0 -9999.0 -9999.0 -9999.0 -9999.0 -9999.0 -9999.0 0.173 0.172 0.171 0.149 0.148 0.148 0.146 0.145 0.144 0.143 0.142 0.14 0.138 0.137 0.138 0.137 0.137 0.136 0.135 0.134 0.133 0.132 0.131 0.129 0.128 0.128 0.127 0.125 0.124 0.123 0.122 0.121 0.119 0.119 0.118 0.117 0.116 0.115 0.114 0.113 0.112 0.112 0.111 0.11 0.11 0.109 0.108 0.106 0.105 0.104 0.103
-9999.0 -9999.0 -9999.0 -9999.0 -9999.0 -9999.0 -9999.0 -9999.0 -9999.0 -9999.0 -9999.0 -9999.0 -9999.0 -9999.0 -9999.0 -9999.0 -9999.0 -9999.0 -9999.0 -9999.0 -9999.0 -9999.0 -9999.0 -9999.0 0.174 0.173 0.151 0.15 0.149 0.147 0.146 0.145 0.144 0.143 0.142 0.14 0.139 0.137 0.138 0.137 0.136 0.135 0.135 0.133 0.132 0.131 0.13 0.129 0.129 0.128 0.126 0.125 0.124 0.123 0.122 0.121 0.119 0.118 0.118 0.117 0.116 0.115 0.113 0.113 0.112 0.111 0.111 0.11 0.11 0.108 0.107 0.106 0.105 0.104
-9999.0 -9999.0 -9999.0 -9999.0 -9999.0 -9999.0 -9999.0 -9999.0 -9999.0 -9999.0 -9999.0 -9999.0 -9999.0 -9999.0 -9999.0 -9999.0 -9999.0 -9999.0 -9999.0 -9999.0 -9999.0 -9999.0 -9999.0 -9999.0 0.176 0.174 0.174 0.151 0.15 0.149 0.148 0.146 0.145 0.144 0.143 0.142 0.141 0.139 0.137 0.136 0.135 0.134 0.134 0.134 0.133 0.132 0.131 0.131 0.13 0.128 0.127 0.126 0.125 0.124 0.123 0.122 0.12 0.119 0.118 0.117 0.116 0.116 0.115 0.113 0.112 0.112 0.111 0.11 0.109 0.108 0.108 0.106 0.105 0.105
-9999.0 -9999.0 -9999.0 -9999.0 -9999.0 -9999.0 -9999.0 -9999.0 -9999.0 -9999.0 -9999.0 -9999.0 -9999.0 -9999.0 -9999.0 -9999.0 -9999.0 -9999.0 -9999.0 -9999.0 -9999.0 -9999.0 -9999.0 -9999.0 -9999.0 0.176 0.176 0.153 0.151 0.15 0.149 0.148 0.147 0.145 0.144 0.143 0.143 0.141 0.14 0.138 0.137 0.135 0.134 0.133 0.133 0.133 0.132 0.131 0.13 0.129 0.128 0.127 0.126 0.125 0.124 0.122 0.121 0.12 0.119 0.118 0.117 0.116 0.116 0.115 0.113 0.112 0.112 0.111 0.11 0.109 0.108 0.107 0.106 0.105
-9999.0 -9999.0 -9999.0 -9999.0 -9999.0 -9999.0 -9999.0 -9999.0 -9999.0 -9999.0 -9999.0 -9999.0 -9999.0 -9999.0 -9999.0 -9999.0 -9999.0 -9999.0 -9999.0 -9999.0 -9999.0 -9999.0 -9999.0 -9999.0 -9999.0 0.178 0.176 0.175 0.152 0.151 0.15 0.149 0.148 0.147 0.146 0.145 0.144 0.143 0.141 0.14 0.139 0.137 0.136 0.134 0.133 0.132 0.132 0.131 0.131 0.13 0.129 0.128 0.127 0.126 0.125 0.124 0.123 0.122 0.12 0.119 0.119 0.118 0.117 0.116 0.114 0.113 0.112 0.111 0.111 0.11 0.109 0.108 0.107 0.106
-9999.0 -9999.0 -9999.0 -9999.0 -9999.0 -9999.0 -9999.0 -9999.0 -9999.0 -9999.0 -9999.0 -9999.0 -9999.0 -9999.0 -9999.0 -9999.0 -9999.0 -9999.0 -9999.0 -9999.0 -9999.0 -9999.0 -9999.0 -9999.0 -9999.0 -9999.0 0.178 0.176 -9999.0 -9999.0 0.151 0.15 0.149 0.148 0.147 0.146 0.145 0.144 0.142 0.141 0.14 0.139 0.138 0.136 0.135 0.132 0.133 0.132 0.131 0.131 0.13 0.129 0.128 0.127 0.126 0.125 0.124 0.122 0.121 0.12 0.12 0.119 0.118 0.116 0.115 0.114 0.113 0.112 0.112 0.111 0.11 0.109 0.108 0.107
-9999.0 -9999.0 -9999.0 -9999.0 -9999.0 -9999.0 -9999.0 -9999.0 -9999.0 -9999.0 -9999.0 -9999.0 -9999.0 -9999.0 -9999.0 -9999.0 -9999.0 -9999.0 -9999.0 -9999.0 -9999.0 -9999.0 -9999.0 -9999.0 -9999.0 -9999.0 -9999.0 -9999.0 -9999.0 -9999.0 0.152 0.152 0.151 0.15 0.148 0.147 0.146 0.144 0.143 0.142 0.14 0.14 0.139 0.138 0.136 0.135 0.132 0.132 0.132 0.131 0.131 0.13 0.129 0.127 0.127 0.126 0.124 0.123 0.122 0.122 0.12 0.12 0.118 0.117 0.116 0.116 0.115 0.114 0.113 0.112 0.111 0.11 0.109 0.108
-9999.0 -9999.0 -9999.0 -9999.0 -9999.0 -9999.0 -9999.0 -9999.0 -9999.0 -9999.0 -9999.0 -9999.0 -9999.0 -9999.0 -9999.0 -9999.0 -9999.0 -9999.0 -9999.0 -9999.0 -9999.0 -9999.0 -9999.0 -9999.0 -9999.0 -9999.0 -9999.0 -9999.0 -9999.0 0.154 0.153 0.152 0.152 0.151 0.147 0.147 0.147 0.146 0.144 0.143 0.142 0.141 0.14 0.139 0.137 0.136 0.134 0.132 0.132 0.132 0.131 0.131 0.13 0.129 0.127 0.126 0.125 0.124 0.124 0.123 0.121 0.12 0.119 0.118 0.118 0.117 0.116 0.115 0.114 0.113 0.112 0.111 0.109 0.108
-9999.0 -9999.0 -9999.0 -9999.0 -9999.0 -9999.0 -9999.0 -9999.0 -9999.0 -9999.0 -9999.0 -9999.0 -9999.0 -9999.0 -9999.0 -9999.0 -9999.0 -9999.0 -9999.0 -9999.0 -9999.0 -9999.0 -9999.0 -9999.0 -9999.0 -9999.0 -9999.0 -9999.0 0.179 0.178 0.154 0.153 0.152 0.151 0.148 0.149 0.148 0.147 0.146 0.144 0.143 0.142 0.141 0.14 0.138 0.137 0.135 0.133 0.133 0.132 0.131 0.131 0.13 0.13 0.128 0.127 0.126 0.125 0.124 0.124 0.122 0.121 0.12 0.119 0.119 0.118 0.117 0.116 0.115 0.113 0.112 0.111 0.11 0.109
-9999.0 -9999.0 -9999.0 -9999.0 -9999.0 -9999.0 -9999.0 -9999.0 -9999.0 -9999.0 -9999.0 -9999.0 -9999.0 -9999.0 -9999.0 -9999.0 -9999.0 -9999.0 -9999.0 -9999.0 -9999.0 -9999.0 -9999.0 -9999.0 -9999.0 -9999.0 -9999.0 -9999.0 0.18 0.179 0.154 0.153 0.152 0.152 0.148 0.149 0.149 0.148 0.147 0.145 0.144 0.142 0.141 0.14 0.138 0.138 0.136 0.134 0.134 0.133 0.132 0.131 0.131 0.13 0.129 0.128 0.127 0.126 0.125 0.124 0.123 0.122 0.121 0.12 0.12 0.119 0.118 0.117 0.115 0.114 0.113 0.112 0.111 0.11
-9999.0 -9999.0 -9999.0 -9999.0 -9999.0 -9999.0 -9999.0 -9999.0 -9999.0 -9999.0 -9999.0 -9999.0 -9999.0 -9999.0 -9999.0 -9999.0 -9999.0 -9999.0 -9999.0 -9999.0 -9999.0 -9999.0 -9999.0 -9999.0 -9999.0 -9999.0 -9999.0 0.182 0.181 0.18 0.179 0.154 0.153 0.152 0.15 0.148 0.149 0.149 0.147 0.143 0.145 0.144 0.142 0.141 0.14 0.138 0.137 0.135 0.134 0.134 0.133 0.132 0.132 0.131 0.13 0.129 0.128 0.127 0.126 0.125 0.124 0.123 0.122 0.121 0.12 0.119 0.118 0.117 0.116 0.115 0.114 0.113 0.113 0.112
-9999.0 -9999.0 -9999.0 -9999.0 -9999.0 -9999.0 -9999.0 -9999.0 -9999.0 -9999.0 -9999.0 -9999.0 -9999.0 -9999.0 -9999.0 -9999.0 -9999.0 -9999.0 -9999.0 -9999.0 -9999.0 -9999.0 -9999.0 -9999.0 -9999.0 -9999.0 -9999.0 -9999.0 0.182 0.181 0.18 0.155 0.153 0.152 0.151 0.149 0.149 0.149 0.146 0.144 0.145 0.145 0.144 0.142 0.141 0.14 0.138 0.136 0.134 0.134 0.134 0.133 0.133 0.132 0.131 0.13 0.129 0.128 0.127 0.126 0.124 0.124 0.123 0.122 0.121 0.12 0.119 0.117 0.117 0.117 0.115 0.115 0.114 0.113
-9999.0 -9999.0 -9999.0 -9999.0 -9999.0 -9999.0 -9999.0 -9999.0 -9999.0 -9999.0 -9999.0 -9999.0 -9999.0 -9999.0 -9999.0 -9999.0 -9999.0 -9999.0 -9999.0 -9999.0 -9999.0 -9999.0 -9999.0 -9999.0 -9999.0 -9999.0 -9999.0 -9999.0 0.183 0.182 0.181 0.18 0.154 0.153 0.152 0.15 0.15 0.149 0.146 0.147 0.147 0.146 0.145 0.143 0.142 0.14 0.139 0.137 0.135 0.135 0.135 0.134 0.133 0.132 0.132 0.131 0.13 0.129 0.128 0.127 0.125 0.125 0.124 0.123 0.122 0.12 0.119 0.118 0.118 0.117 0.117 0.116 0.114 0.113
-9999.0 -9999.0 -9999.0 -9999.0 -9999.0 -9999.0 -9999.0 -9999.0 -9999.0 -9999.0 -9999.0 -9999.0 -9999.0 -9999.0 -9999.0 -9999.0 -9999.0 -9999.0 -9999.0 -9999.0 -9999.0 -9999.0 -9999.0 -9999.0 -9999.0 -9999.0 -9999.0 -9999.0 0.184 0.183 0.182 0.181 0.18 0.154 0.153 0.151 0.15 0.15 0.146 0.147 0.147 0.146 0.145 0.144 0.143 0.141 0.14 0.138 0.136 0.136 0.135 0.134 0.134 0.133 0.132 0.132 0.131 0.13 0.129 0.127 0.126 0.126 0.125 0.124 0.123 0.121 0.12 0.119 0.119 0.118 0.117 0.116 0.114 0.113
-9999.0 -9999.0 -9999.0 -9999.0 -9999.0 -9999.0 -9999.0 -9999.0 -9999.0 -9999.0 -9999.0 -9999.0 -9999.0 -9999.0 -9999.0 -9999.0 -9999.0 -9999.0 -9999.0 -9999.0 -9999.0 -9999.0 -9999.0 -9999.0 -9999.0 -9999.0 -9999.0 0.186 0.186 0.184 0.183 0.182 0.181 0.155 0.154 0.152 0.15 0.15 0.149 0.146 0.146 0.146 0.146 0.145 0.143 0.141 0.14 0.138 0.137 0.137 0.136 0.135 0.134 0.133 0.133 0.132 0.132 0.131 0.13 0.129 0.128 0.127 0.126 0.125 0.123 0.122 0.121 0.12 0.12 0.118 0.116 0.115 0.115 0.114
-9999.0 -9999.0 -9999.0 -9999.0 -9999.0 -9999.0 -9999.0 -9999.0 -9999.0 -9999.0 -9999.0 -9999.0 -9999.0 -9999.0 -9999.0 -9999.0 -9999.0 -9999.0 -9999.0 -9999.0 -9999.0 -9999.0 -9999.0 -9999.0 -9999.0 -9999.0 -9999.0 0.188 0.187 0.186 0.185 0.184 0.182 0.181 0.155 0.153 0.152 0.15 0.149 0.149 0.146 0.146 0.146 0.145 0.144 0.143 0.141 0.139 0.137 0.138 0.137 0.136 0.135 0.134 0.133 0.133 0.132 0.131 0.131 0.13 0.129 0.128 0.127 0.125 0.124 0.123 0.122 0.122 0.121 0.12 0.118 0.118 0.117 0.115
