static/jobfarm/user_models/minyf/common/HOME-GBHM/输出文件/Output/Grids/prec20020222.asc
ncols 221
nrows 204
xllcorner -627000.0
yllcorner 3955000.0
cellsize 900.0
NODATA_value -9999.0
[rows 66 to 98 of 204, columns 74 to 147 of 221]
0.213 0.215 0.215 0.215 0.215 0.217 0.22 0.222 0.224 0.224 0.225 0.226 0.227 0.228 0.23 0.232 0.233 0.233 0.232 0.231 0.232 0.236 0.238 0.239 0.24 0.24 0.241 0.242 0.243 0.243 0.243 0.246 0.248 0.251 0.252 0.253 0.254 0.202 0.202 0.202 0.202 0.204 0.206 0.207 0.209 0.211 0.211 0.211 0.208 0.213 0.214 0.214 0.214 0.215 0.216 0.217 0.218 0.219 0.219 0.22 0.221 0.222 0.222 0.216 0.222 0.226 0.228 0.229 0.229 0.23 0.232 0.233 0.234 0.233
0.214 0.216 0.217 0.217 0.217 0.218 0.218 0.219 0.221 0.225 0.226 0.228 0.228 0.229 0.231 0.233 0.234 0.235 0.234 0.234 0.232 0.235 0.237 0.239 0.239 0.24 0.241 0.242 0.243 0.244 0.244 0.246 0.249 0.251 0.253 0.255 0.201 0.2 0.2 0.201 0.203 0.203 0.205 0.207 0.208 0.21 0.211 0.211 0.211 0.213 0.213 0.213 0.213 0.214 0.216 0.216 0.218 0.218 0.219 0.219 0.22 0.221 0.219 0.216 0.223 0.226 0.226 0.228 0.229 0.23 0.232 0.233 0.233 0.232
0.215 0.216 0.218 0.219 0.219 0.22 0.221 0.223 0.224 0.226 0.227 0.229 0.23 0.23 0.231 0.232 0.233 0.235 0.235 0.235 0.235 0.234 0.237 0.239 0.239 0.24 0.242 0.243 0.244 0.245 0.244 0.246 0.248 0.25 0.253 0.201 0.198 0.199 0.202 0.202 0.203 0.204 0.205 0.206 0.207 0.209 0.21 0.211 0.212 0.212 0.213 0.212 0.213 0.214 0.215 0.217 0.217 0.218 0.219 0.219 0.219 0.22 0.214 0.22 0.224 0.225 0.225 0.226 0.228 0.229 0.23 0.231 0.231 0.231
0.214 0.216 0.218 0.219 0.22 0.222 0.223 0.223 0.219 0.224 0.227 0.229 0.229 0.23 0.231 0.232 0.233 0.234 0.235 0.236 0.237 0.236 0.235 0.238 0.239 0.24 0.242 0.243 0.244 0.244 0.245 0.247 0.25 0.252 0.2 0.2 0.2 0.202 0.202 0.202 0.204 0.204 0.205 0.206 0.207 0.209 0.21 0.21 0.211 0.212 0.211 0.211 0.212 0.213 0.214 0.216 0.217 0.218 0.218 0.219 0.219 0.219 0.214 0.22 0.222 0.224 0.225 0.226 0.226 0.227 0.229 0.23 0.23 0.23
0.214 0.216 0.218 0.22 0.221 0.221 0.223 0.223 0.221 0.22 0.226 0.229 0.23 0.231 0.232 0.232 0.233 0.234 0.235 0.236 0.237 0.237 0.237 0.236 0.239 0.24 0.242 0.243 0.244 0.244 0.245 0.248 0.249 0.251 0.199 0.2 0.201 0.202 0.202 0.203 0.204 0.204 0.205 0.205 0.206 0.208 0.21 0.209 0.209 0.21 0.21 0.211 0.212 0.213 0.214 0.215 0.216 0.217 0.218 0.219 0.219 0.218 0.213 0.217 0.221 0.222 0.224 0.225 0.226 0.226 0.227 0.228 0.229 0.229
0.215 0.216 0.218 0.219 0.22 0.221 0.222 0.224 0.224 0.222 0.222 0.228 0.231 0.231 0.233 0.233 0.234 0.235 0.235 0.235 0.236 0.237 0.238 0.237 0.238 0.24 0.241 0.243 0.244 0.244 0.247 0.249 0.25 0.196 0.198 0.198 0.199 0.201 0.202 0.203 0.204 0.205 0.205 0.205 0.206 0.208 0.208 0.208 0.208 0.209 0.21 0.211 0.211 0.212 0.213 0.214 0.215 0.216 0.217 0.217 0.218 0.217 0.212 0.218 0.221 0.222 0.223 0.224 0.225 0.225 0.225 0.226 0.227 0.228
0.215 0.217 0.218 0.219 0.22 0.221 0.223 0.224 0.225 0.224 0.222 0.229 0.231 0.232 0.233 0.234 0.235 0.236 0.236 0.236 0.237 0.237 0.238 0.239 0.238 0.239 0.24 0.242 0.244 0.245 0.247 0.249 0.195 0.196 0.197 0.197 0.198 0.2 0.201 0.202 0.204 0.204 0.205 0.205 0.206 0.208 0.208 0.208 0.208 0.209 0.21 0.211 0.211 0.212 0.213 0.214 0.215 0.215 0.216 0.216 0.216 0.214 0.212 0.215 0.219 0.221 0.222 0.223 0.223 0.224 0.223 0.224 0.225 0.227
0.215 0.217 0.218 0.219 0.22 0.221 0.223 0.223 0.223 0.222 0.226 0.23 0.231 0.231 0.231 0.228 0.236 0.237 0.236 0.236 0.237 0.237 0.238 0.24 0.24 0.241 0.241 0.242 0.244 0.246 0.248 0.193 0.194 0.196 0.196 0.196 0.197 0.199 0.2 0.201 0.203 0.204 0.205 0.205 0.206 0.207 0.207 0.207 0.207 0.208 0.21 0.21 0.211 0.211 0.212 0.213 0.213 0.214 0.214 0.215 0.215 0.213 0.211 0.215 0.218 0.219 0.221 0.222 0.222 0.222 0.224 0.225 0.224 0.227
0.215 0.217 0.218 0.219 0.221 0.221 0.222 0.224 0.221 0.225 0.228 0.23 0.231 0.23 0.227 0.232 0.236 0.236 0.237 0.237 0.237 0.238 0.239 0.241 0.241 0.242 0.241 0.242 0.244 0.246 0.192 0.193 0.195 0.196 0.195 0.196 0.197 0.198 0.198 0.2 0.202 0.203 0.204 0.204 0.206 0.207 0.207 0.207 0.207 0.207 0.209 0.21 0.21 0.211 0.212 0.212 0.212 0.213 0.214 0.215 0.215 0.216 0.214 0.211 0.215 0.219 0.22 0.219 0.22 0.222 0.224 0.225 0.225 0.226
0.216 0.218 0.219 0.22 0.22 0.221 0.223 0.224 0.221 0.226 0.229 0.23 0.231 0.23 0.227 0.235 0.237 0.236 0.237 0.237 0.237 0.238 0.24 0.241 0.242 0.242 0.241 0.244 0.246 0.247 0.191 0.192 0.194 0.195 0.195 0.196 0.196 0.197 0.198 0.199 0.2 0.201 0.202 0.204 0.205 0.206 0.206 0.206 0.207 0.207 0.208 0.209 0.21 0.211 0.212 0.212 0.212 0.213 0.214 0.215 0.215 0.216 0.216 0.214 0.211 0.217 0.218 0.219 0.22 0.221 0.223 0.224 0.224 0.225
0.165 0.218 0.219 0.22 0.22 0.221 0.223 0.222 0.222 0.227 0.229 0.231 0.23 0.227 0.231 0.236 0.237 0.236 0.238 0.238 0.238 0.239 0.241 0.242 0.242 0.241 0.244 0.245 0.245 0.189 0.191 0.191 0.193 0.193 0.194 0.195 0.195 0.196 0.197 0.198 0.197 0.198 0.199 0.202 0.203 0.205 0.204 0.203 0.206 0.208 0.207 0.208 0.209 0.21 0.211 0.212 0.212 0.213 0.213 0.214 0.214 0.215 0.215 0.215 0.21 0.216 0.218 0.219 0.22 0.22 0.221 0.222 0.223 0.224
0.165 0.219 0.219 0.219 0.22 0.222 0.223 0.223 0.222 0.227 0.229 0.23 0.23 0.227 0.233 0.236 0.237 0.236 0.238 0.238 0.238 0.239 0.241 0.243 0.242 0.241 0.243 0.245 0.189 0.189 0.19 0.19 0.191 0.192 0.193 0.193 0.194 0.195 0.195 0.196 0.199 0.199 0.201 0.199 0.2 0.201 0.201 0.205 0.206 0.207 0.207 0.207 0.208 0.209 0.21 0.211 0.212 0.212 0.213 0.213 0.214 0.214 0.214 0.213 0.209 0.215 0.217 0.218 0.219 0.219 0.22 0.221 0.222 0.223
0.164 0.219 0.22 0.22 0.221 0.221 0.222 0.221 0.224 0.226 0.228 0.23 0.231 0.227 0.233 0.236 0.237 0.237 0.238 0.238 0.238 0.24 0.242 0.243 0.243 0.242 0.243 0.245 0.188 0.189 0.19 0.191 0.192 0.192 0.193 0.194 0.195 0.196 0.197 0.198 0.199 0.2 0.202 0.201 0.203 0.203 0.204 0.205 0.206 0.206 0.206 0.207 0.207 0.209 0.209 0.21 0.211 0.211 0.212 0.212 0.212 0.212 0.211 0.208 0.211 0.215 0.216 0.217 0.218 0.219 0.22 0.221 0.222 0.222
0.164 0.166 0.22 0.221 0.221 0.221 0.221 0.222 0.225 0.227 0.229 0.23 0.23 0.228 0.233 0.236 0.237 0.236 0.235 0.238 0.239 0.24 0.243 0.243 0.243 0.242 0.244 0.187 0.188 0.19 0.191 0.191 0.192 0.193 0.194 0.194 0.195 0.196 0.197 0.198 0.199 0.2 0.201 0.203 0.203 0.203 0.204 0.205 0.205 0.206 0.206 0.206 0.207 0.208 0.208 0.209 0.209 0.21 0.21 0.21 0.209 0.206 0.207 0.21 0.212 0.214 0.215 0.216 0.217 0.218 0.219 0.22 0.221 0.221
0.163 0.166 0.22 0.221 0.221 0.221 0.221 0.224 0.226 0.227 0.229 0.231 0.23 0.228 0.234 0.236 0.236 0.235 0.236 0.238 0.239 0.241 0.242 0.243 0.242 0.243 0.186 0.187 0.188 0.189 0.19 0.191 0.192 0.193 0.194 0.194 0.195 0.196 0.197 0.198 0.199 0.201 0.202 0.202 0.203 0.203 0.204 0.204 0.204 0.204 0.205 0.205 0.205 0.207 0.208 0.207 0.207 0.208 0.208 0.207 0.205 0.209 0.21 0.211 0.213 0.214 0.215 0.215 0.216 0.217 0.218 0.219 0.22 0.22
0.163 0.165 0.167 0.221 0.222 0.221 0.221 0.225 0.226 0.227 0.229 0.23 0.231 0.228 0.234 0.236 0.236 0.235 0.236 0.238 0.239 0.242 0.242 0.241 0.242 0.244 0.186 0.187 0.187 0.188 0.19 0.19 0.191 0.192 0.193 0.194 0.195 0.196 0.196 0.198 0.199 0.2 0.201 0.202 0.202 0.202 0.202 0.203 0.203 0.203 0.204 0.204 0.204 0.205 0.206 0.206 0.206 0.204 0.203 0.203 0.207 0.21 0.211 0.212 0.212 0.213 0.214 0.215 0.216 0.217 0.218 0.218 0.219 0.219
0.163 0.165 0.167 0.221 0.222 0.222 0.222 0.225 0.227 0.228 0.229 0.23 0.23 0.228 0.234 0.235 0.235 0.235 0.236 0.239 0.24 0.241 0.241 0.242 0.243 0.185 0.187 0.187 0.187 0.188 0.188 0.189 0.19 0.191 0.193 0.193 0.194 0.195 0.196 0.197 0.198 0.2 0.201 0.201 0.201 0.201 0.202 0.202 0.203 0.203 0.203 0.203 0.204 0.204 0.204 0.205 0.203 0.201 0.202 0.206 0.209 0.21 0.211 0.212 0.212 0.213 0.213 0.214 0.215 0.216 0.217 0.217 0.217 0.218
0.163 0.165 0.166 0.168 0.222 0.222 0.222 0.225 0.226 0.228 0.229 0.23 0.231 0.229 0.233 0.234 0.234 0.235 0.236 0.237 0.24 0.24 0.242 0.243 0.184 0.185 0.186 0.187 0.188 0.188 0.189 0.19 0.19 0.19 0.191 0.192 0.193 0.194 0.195 0.196 0.197 0.199 0.2 0.2 0.2 0.2 0.201 0.201 0.202 0.202 0.202 0.203 0.203 0.203 0.204 0.202 0.202 0.201 0.205 0.207 0.209 0.21 0.211 0.211 0.212 0.212 0.213 0.213 0.214 0.215 0.216 0.216 0.216 0.217
0.163 0.164 0.166 0.168 0.222 0.223 0.222 0.224 0.226 0.228 0.23 0.231 0.231 0.229 0.232 0.234 0.234 0.235 0.236 0.237 0.24 0.241 0.242 0.243 0.183 0.185 0.186 0.187 0.188 0.189 0.189 0.191 0.191 0.191 0.191 0.191 0.192 0.193 0.195 0.196 0.197 0.197 0.198 0.199 0.199 0.2 0.2 0.2 0.2 0.201 0.201 0.202 0.202 0.203 0.203 0.202 0.202 0.202 0.201 0.207 0.208 0.209 0.21 0.211 0.211 0.212 0.212 0.212 0.213 0.213 0.214 0.214 0.215 0.215
0.163 0.164 0.166 0.167 0.169 0.224 0.223 0.224 0.226 0.229 0.23 0.23 0.231 0.23 0.23 0.233 0.234 0.235 0.236 0.237 0.24 0.241 0.243 0.183 0.183 0.184 0.185 0.186 0.187 0.189 0.189 0.19 0.191 0.191 0.191 0.192 0.193 0.192 0.192 0.195 0.196 0.197 0.197 0.198 0.198 0.199 0.199 0.199 0.199 0.2 0.2 0.201 0.201 0.202 0.202 0.203 0.203 0.204 0.2 0.205 0.207 0.208 0.209 0.21 0.21 0.211 0.211 0.211 0.212 0.212 0.213 0.213 0.213 0.214
0.162 0.163 0.165 0.166 0.168 0.223 0.223 0.225 0.226 0.228 0.229 0.23 0.231 0.231 0.231 0.233 0.235 0.236 0.237 0.238 0.238 0.242 0.243 0.183 0.184 0.184 0.184 0.186 0.187 0.188 0.189 0.19 0.19 0.191 0.192 0.193 0.193 0.193 0.194 0.195 0.196 0.197 0.198 0.198 0.198 0.198 0.198 0.198 0.198 0.199 0.199 0.2 0.2 0.201 0.202 0.202 0.203 0.203 0.199 0.204 0.206 0.207 0.208 0.208 0.209 0.209 0.21 0.21 0.211 0.211 0.211 0.212 0.212 0.213
0.161 0.163 0.164 0.166 0.167 0.222 0.223 0.225 0.226 0.228 0.229 0.23 0.23 0.23 0.231 0.234 0.235 0.236 0.238 0.237 0.238 0.242 0.181 0.183 0.184 0.185 0.185 0.184 0.186 0.187 0.188 0.189 0.19 0.192 0.192 0.193 0.193 0.193 0.194 0.195 0.195 0.196 0.197 0.197 0.197 0.197 0.197 0.198 0.198 0.198 0.199 0.2 0.2 0.201 0.202 0.202 0.202 0.203 0.199 0.202 0.204 0.206 0.207 0.207 0.208 0.208 0.209 0.209 0.209 0.21 0.211 0.211 0.212 0.212
0.161 0.162 0.164 0.165 0.166 0.168 0.224 0.225 0.227 0.228 0.229 0.23 0.23 0.23 0.231 0.234 0.236 0.237 0.238 0.237 0.239 0.181 0.182 0.183 0.184 0.184 0.185 0.185 0.185 0.185 0.187 0.188 0.189 0.191 0.192 0.193 0.193 0.194 0.194 0.195 0.195 0.195 0.196 0.196 0.196 0.196 0.197 0.197 0.197 0.199 0.199 0.2 0.2 0.201 0.202 0.202 0.202 0.202 0.198 0.203 0.204 0.206 0.206 0.207 0.207 0.207 0.208 0.208 0.208 0.209 0.209 0.21 0.211 0.211
0.16 0.162 0.163 0.165 0.166 0.168 0.224 0.225 0.226 0.228 0.229 0.23 0.23 0.23 0.233 0.235 0.236 0.237 0.238 0.238 0.239 0.181 0.182 0.183 0.183 0.184 0.185 0.186 0.185 0.185 0.186 0.188 0.189 0.19 0.191 0.193 0.193 0.194 0.194 0.195 0.195 0.195 0.196 0.196 0.196 0.196 0.197 0.196 0.198 0.199 0.2 0.2 0.2 0.201 0.202 0.202 0.202 0.202 0.197 0.201 0.205 0.205 0.206 0.206 0.206 0.206 0.207 0.207 0.208 0.208 0.208 0.209 0.21 0.21
0.16 0.162 0.163 0.165 0.166 0.167 0.224 0.226 0.226 0.228 0.228 0.229 0.23 0.232 0.234 0.235 0.236 0.237 0.237 0.239 0.154 0.155 0.182 0.182 0.183 0.183 0.185 0.186 0.186 0.186 0.187 0.186 0.188 0.187 0.189 0.191 0.191 0.193 0.194 0.194 0.194 0.194 0.194 0.195 0.196 0.196 0.195 0.197 0.198 0.199 0.2 0.2 0.2 0.201 0.202 0.202 0.203 0.203 0.2 0.197 0.203 0.205 0.206 0.206 0.206 0.206 0.206 0.206 0.207 0.207 0.208 0.208 0.208 0.209
0.16 0.161 0.163 0.164 0.166 0.167 0.169 0.226 0.227 0.228 0.228 0.229 0.231 0.233 0.234 0.235 0.235 0.236 0.238 0.24 0.154 0.155 0.181 0.182 0.182 0.183 0.183 0.185 0.186 0.187 0.187 0.187 0.186 0.187 0.187 0.188 0.188 0.192 0.193 0.193 0.193 0.193 0.192 0.193 0.193 0.194 0.197 0.198 0.196 0.195 0.198 0.199 0.2 0.201 0.201 0.202 0.202 0.201 0.196 0.2 0.203 0.205 0.205 0.206 0.205 0.205 0.205 0.205 0.206 0.206 0.207 0.207 0.207 0.208
0.16 0.161 0.163 0.164 0.166 0.167 0.168 0.226 0.227 0.227 0.228 0.23 0.231 0.232 0.235 0.234 0.236 0.237 0.239 0.153 0.154 0.155 0.181 0.183 0.184 0.184 0.185 0.184 0.186 0.187 0.187 0.187 0.187 0.188 0.19 0.191 0.191 0.191 0.192 0.192 0.193 0.194 0.195 0.194 0.196 0.196 0.196 0.196 0.194 0.192 0.193 0.197 0.198 0.199 0.199 0.2 0.201 0.201 0.195 0.2 0.203 0.204 0.204 0.204 0.204 0.204 0.204 0.204 0.205 0.205 0.206 0.206 0.206 0.206
0.16 0.161 0.162 0.164 0.165 0.167 0.168 0.169 0.227 0.228 0.229 0.23 0.232 0.232 0.233 0.235 0.237 0.238 0.24 0.153 0.153 0.154 0.155 0.183 0.183 0.184 0.185 0.185 0.186 0.187 0.187 0.188 0.187 0.188 0.189 0.19 0.191 0.191 0.191 0.192 0.193 0.194 0.194 0.192 0.192 0.191 0.19 0.191 0.191 0.193 0.195 0.192 0.193 0.193 0.194 0.197 0.199 0.2 0.195 0.199 0.202 0.202 0.203 0.203 0.203 0.203 0.203 0.203 0.204 0.204 0.205 0.205 0.205 0.205
0.161 0.161 0.162 0.164 0.165 0.166 0.168 0.169 0.227 0.228 0.23 0.231 0.233 0.235 0.236 0.236 0.238 0.239 0.152 0.153 0.153 0.154 0.155 0.183 0.183 0.184 0.185 0.185 0.186 0.186 0.187 0.187 0.187 0.186 0.185 0.189 0.19 0.19 0.191 0.192 0.193 0.194 0.191 0.188 0.189 0.189 0.194 0.195 0.196 0.196 0.197 0.196 0.196 0.195 0.194 0.193 0.194 0.197 0.194 0.197 0.2 0.202 0.202 0.202 0.202 0.202 0.202 0.202 0.203 0.203 0.203 0.204 0.204 0.204
0.161 0.162 0.162 0.164 0.165 0.166 0.167 0.169 0.227 0.229 0.23 0.232 0.233 0.235 0.237 0.238 0.239 0.239 0.152 0.153 0.154 0.154 0.155 0.183 0.183 0.184 0.184 0.184 0.184 0.185 0.186 0.187 0.187 0.186 0.184 0.188 0.189 0.19 0.191 0.191 0.192 0.191 0.188 0.192 0.191 0.191 0.194 0.196 0.196 0.196 0.197 0.197 0.197 0.197 0.197 0.197 0.196 0.193 0.196 0.194 0.198 0.2 0.201 0.201 0.201 0.202 0.202 0.201 0.202 0.202 0.202 0.202 0.203 0.203
0.159 0.161 0.162 0.163 0.165 0.166 0.167 0.168 0.17 0.229 0.23 0.232 0.233 0.235 0.237 0.238 0.239 0.151 0.152 0.153 0.153 0.154 0.154 0.155 0.182 0.182 0.183 0.183 0.183 0.184 0.182 0.185 0.186 0.186 0.184 0.188 0.188 0.189 0.19 0.19 0.19 0.187 0.187 0.192 0.193 0.192 0.192 0.195 0.195 0.192 0.196 0.196 0.197 0.197 0.197 0.198 0.198 0.197 0.197 0.193 0.197 0.198 0.2 0.2 0.2 0.201 0.2 0.2 0.201 0.201 0.201 0.201 0.202 0.202
0.16 0.161 0.162 0.163 0.164 0.166 0.167 0.168 0.169 0.229 0.23 0.231 0.233 0.235 0.237 0.238 0.239 0.151 0.151 0.152 0.153 0.153 0.154 0.154 0.182 0.182 0.182 0.182 0.181 0.181 0.184 0.182 0.183 0.183 0.185 0.187 0.187 0.188 0.188 0.187 0.187 0.186 0.19 0.192 0.193 0.193 0.191 0.194 0.194 0.195 0.192 0.194 0.196 0.197 0.197 0.198 0.198 0.197 0.196 0.192 0.196 0.198 0.199 0.199 0.199 0.199 0.199 0.199 0.2 0.2 0.2 0.2 0.201 0.201
0.16 0.161 0.162 0.163 0.164 0.166 0.167 0.168 0.169 0.229 0.23 0.231 0.233 0.234 0.236 0.237 0.149 0.149 0.151 0.152 0.152 0.153 0.153 0.153 0.153 0.18 0.18 0.18 0.183 0.183 0.185 0.185 0.186 0.186 0.187 0.187 0.185 0.184 0.184 0.185 0.185 0.187 0.19 0.191 0.192 0.191 0.191 0.191 0.193 0.194 0.192 0.194 0.195 0.195 0.196 0.197 0.197 0.197 0.196 0.194 0.192 0.196 0.198 0.198 0.198 0.198 0.198 0.198 0.199 0.199 0.199 0.199 0.199 0.2
