static/jobfarm/user_models/minyf/common/HOME-GBHM/输出文件/Output/Grids/runoff20020223.asc
ncols 221
nrows 204
xllcorner -627000.0
yllcorner 3955000.0
cellsize 900.0
NODATA_value -9999.0
[rows 64 to 95 of 204, columns 0 to 70 of 221]
-9999.0 -9999.0 -9999.0 -9999.0 -9999.0 -9999.0 -9999.0 -9999.0 -9999.0 -9999.0 -9999.0 -0.124 0.046 0.02 -0.516 0.049 -0.191 -0.443 -0.435 -0.813 -0.22 0.145 -0.072 0.431 -0.347 -0.45 0.035 -0.271 -0.217 0.028 -0.2 -0.409 0.034 -0.553 0.046 -0.42 0.058 0.184 0.3 0.181 -0.1 0.023 -0.022 0.025 -0.033 -0.211 -0.449 -0.531 -0.585 -0.631 -0.731 -0.737 -0.232 -0.321 -0.531 -0.55 -0.418 -0.366 0.232 0.332 0.321 -0.488 -0.596 -0.354 -0.144 1.368 0.844 0.263 0.781 0.644 0.802
-9999.0 -9999.0 -9999.0 -9999.0 -9999.0 -9999.0 -9999.0 -9999.0 -9999.0 -9999.0 -9999.0 -9999.0 0.037 0.017 -0.251 -0.201 -0.579 -0.128 -0.795 -0.752 -0.403 -0.081 -0.233 0.044 -0.405 -0.085 -0.08 0.035 -0.364 -0.114 0.046 0.046 0.052 0.05 0.047 0.091 0.152 -0.465 -0.13 0.087 0.127 0.056 -0.107 -0.022 -0.147 -0.189 -0.3 -0.5 -0.618 -0.651 -0.672 -0.278 -0.251 0.044 -0.167 -0.478 -0.287 -0.226 0.755 -0.507 -0.49 -0.555 -0.652 -0.979 -0.621 2.415 4.553 0.574 -0.549 -0.429 -0.268
-9999.0 -9999.0 -9999.0 -9999.0 -9999.0 -9999.0 -9999.0 -9999.0 -9999.0 -9999.0 -9999.0 -9999.0 -0.1 0.032 -0.714 -0.91 -0.651 -0.925 -0.525 0.132 -0.324 0.381 0.083 -0.354 -0.055 0.022 0.01 -0.482 0.012 -0.009 0.047 -0.161 -0.004 0.089 0.0 -0.002 0.197 -0.475 -0.474 0.19 -0.008 0.022 -0.114 -0.068 0.067 0.076 0.082 0.009 -0.002 0.041 -0.277 -0.221 -0.029 0.034 0.073 -0.75 -0.194 -0.382 -0.464 -0.383 -0.599 -0.772 -0.493 -0.29 -0.375 -0.46 7.719 2.142 0.025 -0.606 -0.421
-9999.0 -9999.0 -9999.0 -9999.0 -9999.0 -9999.0 -9999.0 -9999.0 -9999.0 -9999.0 -9999.0 -9999.0 -0.486 -0.85 0.063 -0.88 -0.936 -0.939 -0.459 0.127 1.14 -0.056 0.1 -0.03 0.054 -0.056 -0.04 -0.04 0.03 -0.003 0.055 -0.044 0.073 0.017 0.038 -0.619 -0.429 -0.125 -0.751 -0.62 -0.751 0.331 0.112 0.117 0.048 0.063 0.079 0.065 0.025 0.061 -0.337 -0.076 -0.457 -0.327 -0.144 -0.5 -0.634 -0.853 -0.572 -0.343 -0.531 -0.464 -0.743 -0.593 -0.539 -0.919 2.947 4.663 0.675 -0.037 -0.648
-9999.0 -9999.0 -9999.0 -9999.0 -9999.0 -9999.0 -9999.0 -9999.0 -9999.0 -9999.0 -9999.0 -9999.0 -0.493 -0.89 -0.583 0.038 0.038 -0.777 -0.028 -0.112 0.837 0.037 0.006 -0.211 0.019 -0.006 -0.112 -0.039 -0.162 -0.068 0.022 0.037 0.014 0.019 0.079 0.006 0.161 -0.215 -0.77 -0.742 -0.726 -0.641 0.235 0.045 0.376 0.038 0.169 0.002 -0.074 0.049 -0.053 -0.293 -0.023 -0.055 -0.154 -0.938 -0.754 -0.183 -0.626 -0.755 -0.524 -0.653 -0.413 -0.468 -0.593 -0.638 1.868 1.772 1.087 0.169 0.211
-9999.0 -9999.0 -9999.0 -9999.0 -9999.0 -9999.0 -9999.0 -9999.0 -9999.0 -9999.0 -9999.0 -9999.0 -0.51 -0.889 -0.617 -0.733 -0.462 -0.728 -0.039 -0.12 -0.278 -0.122 0.037 0.036 0.017 0.024 -0.073 -0.268 -0.053 -0.002 -0.009 -0.038 0.013 0.022 0.028 0.003 0.152 0.05 -0.034 0.223 0.401 -0.523 0.104 -0.18 0.139 0.112 -0.148 -0.095 0.175 0.01 0.032 0.026 -0.001 -0.051 -0.301 -0.622 -0.538 -0.852 -0.316 -0.887 -0.834 -0.837 -0.642 -0.391 -0.568 -0.405 1.353 1.724 0.438 0.786 -0.002
-9999.0 -9999.0 -9999.0 -9999.0 -9999.0 -9999.0 -9999.0 -9999.0 -9999.0 -9999.0 -9999.0 -9999.0 -9999.0 -0.956 -0.497 -0.699 0.003 -0.89 -0.533 0.029 -0.083 -0.515 0.044 0.046 0.007 -0.005 -0.032 -0.939 -0.008 -0.134 -0.019 -0.119 -0.009 -0.017 -0.004 0.01 0.178 -0.153 -0.168 0.189 0.409 0.193 -0.395 -0.226 0.05 0.051 -0.091 -0.032 -0.03 -0.173 -0.041 0.016 0.118 -0.136 -0.531 -0.676 -0.502 -0.775 -0.483 -0.29 -0.632 -0.583 -0.328 -0.466 -0.357 0.108 -0.035 0.5 -0.505 -0.182 0.056
-9999.0 -9999.0 -9999.0 -9999.0 -9999.0 -9999.0 -9999.0 -9999.0 -9999.0 -9999.0 -9999.0 -9999.0 -9999.0 -9999.0 -9999.0 -0.777 0.03 -0.834 -0.391 -0.066 -0.021 -0.039 0.046 0.046 -0.025 -0.034 -0.07 -0.023 -0.004 -0.139 -0.022 -0.022 -0.016 -0.015 -0.01 0.009 -0.135 0.206 0.259 0.383 0.27 -0.005 -0.366 -0.062 -0.677 0.063 -0.023 0.056 -0.67 -0.656 0.155 0.181 0.021 -0.134 -0.466 -0.552 -0.466 -0.023 -0.703 -0.749 -0.815 -0.491 -0.614 -0.251 0.309 0.211 0.822 -0.67 -0.193 0.352 -0.509
-9999.0 -9999.0 -9999.0 -9999.0 -9999.0 -9999.0 -9999.0 -9999.0 -9999.0 -9999.0 -9999.0 -9999.0 -9999.0 -9999.0 -9999.0 -0.542 0.038 -0.475 -0.027 0.012 -0.028 -0.01 0.116 -0.105 -0.646 -0.127 0.051 0.072 -0.315 0.055 -0.9 -0.759 -0.735 -0.591 -0.499 -0.582 -0.059 0.182 0.381 -0.768 0.06 -0.45 -0.524 -0.461 -0.649 -0.448 -0.254 -0.475 -0.201 -0.305 -0.712 0.061 -0.212 -0.275 -0.738 -0.774 -0.699 -0.192 -0.871 -0.963 -0.536 -0.627 -0.402 -0.239 -0.23 0.655 -0.751 -0.872 -0.41 -0.455 0.442
-9999.0 -9999.0 -9999.0 -9999.0 -9999.0 -9999.0 -9999.0 -9999.0 -9999.0 -9999.0 -9999.0 -9999.0 -9999.0 -9999.0 -9999.0 -9999.0 -0.529 -0.727 0.004 0.009 -0.026 -0.024 -0.025 -0.255 -0.082 -0.115 -0.332 0.063 -0.594 0.057 -0.032 -0.574 -0.91 -0.65 -0.756 -0.56 -0.039 0.181 0.205 0.05 -0.501 0.04 -0.397 -0.699 -0.551 0.019 -0.691 -0.429 -0.63 -0.22 -0.078 -0.642 -0.558 -0.179 -0.411 -0.69 -0.264 -0.687 -0.814 -0.995 -0.312 -0.286 -0.235 -0.077 -0.293 -0.301 -0.139 -0.721 -0.212 -0.112 1.332
-9999.0 -9999.0 -9999.0 -9999.0 -9999.0 -9999.0 -9999.0 -9999.0 -9999.0 -9999.0 -9999.0 -9999.0 -9999.0 -9999.0 -9999.0 -0.771 0.421 -0.319 -9999.0 -0.055 -0.06 -0.006 0.011 -0.059 -0.077 0.054 0.061 -0.81 -0.595 0.1 0.105 -0.732 -0.723 -0.492 -0.502 -0.555 -0.027 0.156 0.029 0.035 0.157 -0.148 -0.727 -0.758 -0.227 0.636 -0.688 -0.595 -0.183 0.078 0.043 -0.03 -0.133 -0.543 -0.255 -0.377 -0.656 -0.743 -0.672 -0.673 -0.388 -0.371 -0.35 -0.283 -0.311 -0.26 -0.922 0.073 -0.034 -0.025 0.311
-9999.0 -9999.0 -9999.0 -9999.0 -9999.0 -9999.0 -9999.0 -9999.0 -9999.0 -9999.0 -9999.0 -9999.0 -9999.0 -9999.0 -9999.0 -9999.0 -9999.0 -9999.0 -9999.0 -0.046 -0.044 -0.042 -0.026 0.009 -0.123 -0.374 -0.55 0.07 -0.559 0.114 0.112 -0.749 -0.717 0.177 -0.377 -0.584 -0.054 -0.026 0.089 0.049 0.109 0.12 -0.752 -0.734 -0.275 0.017 -0.893 -0.355 0.012 0.017 -0.022 -0.195 -0.177 -0.77 -0.606 -0.242 -0.56 -0.576 -0.422 -0.471 -0.327 -0.393 -0.354 -0.313 -0.126 -0.289 -0.41 -0.554 0.85 -0.205 0.131
-9999.0 -9999.0 -9999.0 -9999.0 -9999.0 -9999.0 -9999.0 -9999.0 -9999.0 -9999.0 -9999.0 -9999.0 -9999.0 -9999.0 -9999.0 -9999.0 -9999.0 -9999.0 -0.048 0.013 0.009 -0.004 0.002 -0.016 0.069 -0.488 -0.248 -0.25 -0.582 0.128 -0.394 -0.635 -0.537 0.212 -0.549 -0.503 -0.085 -0.082 0.009 0.092 0.049 -0.101 -0.654 -0.838 -0.044 0.322 -0.571 0.135 -0.193 -0.391 -0.698 -0.194 -0.365 -0.362 -0.458 -0.728 -0.497 -0.513 -0.023 -0.491 -0.12 -0.239 -0.522 -0.32 -0.272 -0.281 -0.451 -0.65 0.954 -1.571 0.724
-9999.0 -9999.0 -9999.0 -9999.0 -9999.0 -9999.0 -9999.0 -9999.0 -9999.0 -9999.0 -9999.0 -9999.0 -9999.0 -9999.0 -9999.0 -9999.0 -9999.0 -9999.0 -9999.0 0.005 0.008 -0.062 -0.043 0.083 0.197 -0.528 -0.028 -0.472 -0.608 -0.64 -0.618 0.184 0.073 -0.419 -0.613 -0.73 -0.094 -0.081 -0.093 0.028 0.107 0.027 -0.634 -0.512 -0.511 -0.768 0.053 0.263 -0.31 -0.521 -0.009 -0.135 -0.051 -0.51 -0.687 -0.443 -0.241 -0.506 -0.432 -0.74 -0.151 -0.187 -0.129 -0.119 -0.109 -0.144 -0.457 -1.016 -0.169 -1.461 -1.359
-9999.0 -9999.0 -9999.0 -9999.0 -9999.0 -9999.0 -9999.0 -9999.0 -9999.0 -9999.0 -9999.0 -9999.0 -9999.0 -9999.0 -9999.0 -9999.0 -9999.0 -9999.0 -0.005 0.074 0.134 -0.26 -0.349 -0.368 0.154 -0.524 -0.519 0.11 -0.716 -0.545 -0.553 0.183 0.192 -0.2 -0.74 -0.872 -0.806 -0.399 -0.523 -0.446 -0.397 -0.253 -0.007 -0.015 -0.006 -0.004 -0.121 -0.217 -0.185 0.131 -0.221 -0.797 0.308 -0.358 -0.448 -0.096 -0.308 -0.539 -0.315 -0.85 -0.692 -0.441 -0.418 -0.869 -0.389 -0.414 -0.433 -0.486 -0.717 -0.302 -0.782
-9999.0 -9999.0 -9999.0 -9999.0 -9999.0 -9999.0 -9999.0 -9999.0 -9999.0 -9999.0 -9999.0 -9999.0 -9999.0 -9999.0 -9999.0 -9999.0 -9999.0 -9999.0 -0.056 -0.147 0.124 0.161 0.091 -0.39 0.081 -0.706 -0.547 0.096 -0.716 -0.693 -0.651 -0.666 0.23 -0.648 -0.732 -0.78 -0.511 -0.417 -0.42 -0.433 -0.388 -0.038 -0.007 -0.008 -0.003 -0.006 -0.456 -0.007 -0.452 0.414 -0.425 -0.181 0.316 -0.524 -0.414 -0.34 -0.577 -0.276 -0.425 -0.777 -0.684 -0.41 -0.742 -0.555 -0.389 -0.362 -0.449 -0.492 -0.69 0.381 -1.013
-9999.0 -9999.0 -9999.0 -9999.0 -9999.0 -9999.0 -9999.0 -9999.0 -9999.0 -9999.0 -9999.0 -9999.0 -9999.0 -9999.0 -9999.0 -9999.0 -9999.0 -0.28 0.119 0.099 -0.651 -0.521 0.147 0.159 0.188 0.137 0.062 0.106 -0.717 -0.774 0.117 -0.595 -0.3 -0.493 -0.555 -0.746 -0.641 -0.806 -0.283 -0.436 -0.258 -0.633 -0.012 -0.06 -0.005 0.043 0.003 -0.008 -0.841 -0.584 -0.362 -0.699 0.354 -0.285 -0.365 -0.498 -0.615 -0.323 -0.429 -0.346 -0.909 -0.547 -0.407 -0.702 -0.015 -0.538 -0.453 -0.493 -0.612 -0.593 1.17
-9999.0 -9999.0 -9999.0 -9999.0 -9999.0 -9999.0 -9999.0 -9999.0 -9999.0 -9999.0 -9999.0 -9999.0 -9999.0 -9999.0 -9999.0 -9999.0 -9999.0 -9999.0 -0.622 -9999.0 -0.254 -0.245 -0.716 0.023 0.144 -0.379 0.124 -0.703 0.156 0.13 0.123 0.109 0.106 -0.468 -0.689 -0.709 -0.627 -0.798 -0.605 -0.462 -0.491 -0.278 -0.015 0.004 -0.009 0.001 -0.018 -0.01 -0.841 -0.732 -0.491 -0.127 0.47 -0.786 -0.423 -0.465 -0.519 -0.417 -0.275 -0.265 -0.402 -0.563 -0.522 -0.437 -0.245 -0.52 -0.444 -0.271 -0.484 -0.478 0.816
-9999.0 -9999.0 -9999.0 -9999.0 -9999.0 -9999.0 -9999.0 -9999.0 -9999.0 -9999.0 -9999.0 -9999.0 -9999.0 -9999.0 -9999.0 -9999.0 -9999.0 -9999.0 -9999.0 -9999.0 -9999.0 -0.283 -0.776 -0.815 -0.603 -0.8 0.097 -0.658 -0.714 -0.762 -0.598 -0.619 -0.809 0.104 -0.289 -0.663 -0.708 -0.332 -0.366 -0.618 -0.512 -0.473 0.013 0.033 0.053 -0.009 0.003 -0.009 -0.578 -0.454 -0.604 0.144 -0.409 -0.283 -0.535 -0.785 -0.609 -0.548 -0.425 -0.409 -0.409 -0.211 -0.544 -0.511 -0.166 -0.408 -0.359 -0.467 -0.277 -0.41 -0.477
-9999.0 -9999.0 -9999.0 -9999.0 -9999.0 -9999.0 -9999.0 -9999.0 -9999.0 -9999.0 -9999.0 -9999.0 -9999.0 -9999.0 -9999.0 -9999.0 -9999.0 -9999.0 -9999.0 -9999.0 -9999.0 -9999.0 -9999.0 -0.811 -0.517 -0.662 -0.527 -0.532 -0.569 -0.716 -0.6 -0.204 -0.773 -0.674 -0.681 0.126 -0.793 -0.161 -0.683 -0.44 -0.261 -0.196 0.046 0.04 0.029 0.017 -0.007 -0.008 -0.776 -0.109 -0.838 0.04 -0.464 -0.887 -0.912 -0.229 -0.51 -0.877 -0.345 -0.889 -0.449 -0.437 -0.579 -0.389 -0.528 -0.338 -0.256 -0.155 -0.147 -0.088 -0.657
-9999.0 -9999.0 -9999.0 -9999.0 -9999.0 -9999.0 -9999.0 -9999.0 -9999.0 -9999.0 -9999.0 -9999.0 -9999.0 -9999.0 -9999.0 -9999.0 -9999.0 -9999.0 -9999.0 -9999.0 -9999.0 -9999.0 -9999.0 -9999.0 -0.185 -0.028 -0.072 -0.139 -0.315 -0.414 0.169 0.176 -0.724 -0.505 -0.302 -0.402 0.082 0.086 -0.605 -0.502 -0.774 -0.353 -0.816 -0.55 -0.549 -0.596 -0.502 -0.733 -0.077 -0.104 -0.645 -0.372 -0.362 -0.092 -0.504 -0.752 -0.633 -0.481 -0.943 -0.864 -0.832 -0.806 -0.872 -0.747 -0.785 -0.708 -0.175 -0.217 -0.25 -0.272 -0.89
-9999.0 -9999.0 -9999.0 -9999.0 -9999.0 -9999.0 -9999.0 -9999.0 -9999.0 -9999.0 -9999.0 -9999.0 -9999.0 -9999.0 -9999.0 -9999.0 -9999.0 -9999.0 -9999.0 -9999.0 -9999.0 -9999.0 -9999.0 -9999.0 -0.058 -0.178 -0.014 -0.035 -0.552 0.203 -0.705 -0.28 -0.256 -0.785 -0.109 -0.358 -0.592 -0.323 -0.257 -0.249 -0.616 -0.36 -0.647 -0.566 -0.793 -0.688 -0.699 -0.599 -0.464 -0.76 -0.449 -0.213 -0.18 -0.142 -0.479 -0.44 -0.72 -0.848 -0.633 -0.782 -0.708 -0.887 -0.595 -1.301 -1.242 -0.219 -0.273 -0.238 -0.253 -0.383 -0.574
-9999.0 -9999.0 -9999.0 -9999.0 -9999.0 -9999.0 -9999.0 -9999.0 -9999.0 -9999.0 -9999.0 -9999.0 -9999.0 -9999.0 -9999.0 -9999.0 -9999.0 -9999.0 -9999.0 -9999.0 -9999.0 -9999.0 -9999.0 -9999.0 -9999.0 -0.256 -0.018 -0.537 0.043 -0.031 -0.44 -0.45 -0.247 -0.742 -0.06 -0.367 -0.595 -0.589 -0.632 -0.492 -0.977 -0.06 -0.806 -0.467 -0.421 -0.705 -0.727 -0.704 -0.106 -0.102 -0.103 -0.453 -0.438 -0.098 -0.753 -0.664 -0.467 -0.45 -0.724 -0.768 -0.949 -0.617 -0.888 -0.592 -1.092 -0.813 -0.061 -0.67 -0.371 -0.31 0.174
-9999.0 -9999.0 -9999.0 -9999.0 -9999.0 -9999.0 -9999.0 -9999.0 -9999.0 -9999.0 -9999.0 -9999.0 -9999.0 -9999.0 -9999.0 -9999.0 -9999.0 -9999.0 -9999.0 -9999.0 -9999.0 -9999.0 -9999.0 -9999.0 -9999.0 -0.241 -0.02 -0.492 -0.038 -0.029 -0.335 -0.4 -0.694 -0.306 -0.741 -0.355 -0.74 -0.636 -0.475 -0.695 -0.28 -0.662 -0.901 0.131 0.155 -0.551 -0.883 -0.704 -0.115 -0.153 -0.179 -0.277 -0.102 -0.574 -0.453 -0.462 -0.422 -0.707 -0.471 -0.819 -0.85 -0.811 -0.799 -0.583 -0.637 -0.962 0.187 0.108 -1.739 -1.694 -1.65
-9999.0 -9999.0 -9999.0 -9999.0 -9999.0 -9999.0 -9999.0 -9999.0 -9999.0 -9999.0 -9999.0 -9999.0 -9999.0 -9999.0 -9999.0 -9999.0 -9999.0 -9999.0 -9999.0 -9999.0 -9999.0 -9999.0 -9999.0 -9999.0 -9999.0 -9999.0 -0.135 -0.115 -9999.0 -9999.0 -0.456 -0.549 -0.322 -0.469 -0.63 -0.623 -0.747 -0.84 -0.56 -0.225 -0.537 -0.729 -0.685 -0.258 -0.636 -0.303 -0.856 -0.577 -0.21 -0.084 -0.44 -0.195 -0.226 -0.66 -0.445 -0.532 -0.641 -0.47 -0.659 -0.459 -0.765 -0.731 -0.806 -0.785 -0.898 -0.968 -0.451 -0.312 -0.236 0.177 0.089
-9999.0 -9999.0 -9999.0 -9999.0 -9999.0 -9999.0 -9999.0 -9999.0 -9999.0 -9999.0 -9999.0 -9999.0 -9999.0 -9999.0 -9999.0 -9999.0 -9999.0 -9999.0 -9999.0 -9999.0 -9999.0 -9999.0 -9999.0 -9999.0 -9999.0 -9999.0 -9999.0 -9999.0 -9999.0 -9999.0 -0.414 -0.218 -0.234 -0.174 -0.652 -0.711 -0.44 -0.341 -0.119 0.074 -0.784 -0.844 -0.954 -0.076 -0.593 -0.915 0.15 0.118 -0.458 -0.197 -0.472 -0.379 -0.218 -0.216 -0.455 -0.461 -0.717 -0.728 -0.685 -0.458 -0.829 -0.785 -0.535 -0.864 -0.809 -0.959 -0.215 -0.425 -0.435 -0.442 -0.46
-9999.0 -9999.0 -9999.0 -9999.0 -9999.0 -9999.0 -9999.0 -9999.0 -9999.0 -9999.0 -9999.0 -9999.0 -9999.0 -9999.0 -9999.0 -9999.0 -9999.0 -9999.0 -9999.0 -9999.0 -9999.0 -9999.0 -9999.0 -9999.0 -9999.0 -9999.0 -9999.0 -9999.0 -9999.0 -0.128 -0.015 -0.023 -0.212 -0.188 -0.204 -0.039 0.016 0.004 -0.009 -0.566 -0.009 -0.006 -0.932 -0.323 -0.517 -0.468 -0.771 0.088 -0.255 -0.434 -0.315 -0.255 -0.393 -0.291 -0.257 -0.368 -0.507 -0.451 -0.258 -0.255 -0.386 -0.7 -0.683 -0.43 -0.43 -0.218 -0.602 -0.601 -0.425 -0.444 -0.48
-9999.0 -9999.0 -9999.0 -9999.0 -9999.0 -9999.0 -9999.0 -9999.0 -9999.0 -9999.0 -9999.0 -9999.0 -9999.0 -9999.0 -9999.0 -9999.0 -9999.0 -9999.0 -9999.0 -9999.0 -9999.0 -9999.0 -9999.0 -9999.0 -9999.0 -9999.0 -9999.0 -9999.0 -0.071 -0.123 -0.098 -0.031 -0.149 -0.167 -0.631 0.076 0.008 0.021 0.007 -0.009 -0.026 -0.024 -0.47 -0.416 -0.45 -0.189 -0.832 -0.453 -0.905 -0.265 -0.494 -0.321 -0.168 -0.307 -0.188 -0.503 -0.425 -0.122 -0.12 -0.236 -0.425 -0.829 -0.682 -0.515 -0.405 -0.271 -0.401 -0.449 -0.653 -0.248 0.422
-9999.0 -9999.0 -9999.0 -9999.0 -9999.0 -9999.0 -9999.0 -9999.0 -9999.0 -9999.0 -9999.0 -9999.0 -9999.0 -9999.0 -9999.0 -9999.0 -9999.0 -9999.0 -9999.0 -9999.0 -9999.0 -9999.0 -9999.0 -9999.0 -9999.0 -9999.0 -9999.0 -9999.0 -0.061 -0.101 0.051 -0.216 -0.653 -0.296 -0.142 -0.144 0.006 0.012 0.006 0.008 -0.012 -0.1 0.173 0.826 0.81 -0.245 -0.63 -0.221 0.176 0.108 -0.743 -0.85 -0.239 -0.26 -0.273 -0.44 -0.484 -0.245 -0.14 -0.356 -0.715 -0.709 -0.54 -0.379 -0.389 -0.368 -0.394 -0.459 0.45 0.659 -0.326
-9999.0 -9999.0 -9999.0 -9999.0 -9999.0 -9999.0 -9999.0 -9999.0 -9999.0 -9999.0 -9999.0 -9999.0 -9999.0 -9999.0 -9999.0 -9999.0 -9999.0 -9999.0 -9999.0 -9999.0 -9999.0 -9999.0 -9999.0 -9999.0 -9999.0 -9999.0 -9999.0 -0.507 -0.172 -0.233 0.051 -0.649 0.154 -0.584 0.051 -0.218 -0.006 -0.015 0.005 -0.006 -0.003 -0.005 -0.457 -0.48 -0.417 -0.585 -0.456 -0.272 -0.802 -0.688 -0.481 -0.811 -0.141 -0.066 -0.209 -0.503 -0.349 -0.286 -0.201 -0.298 -0.643 -0.375 -0.427 -0.376 -0.305 -0.421 -0.403 0.005 -0.375 -0.472 -0.4
-9999.0 -9999.0 -9999.0 -9999.0 -9999.0 -9999.0 -9999.0 -9999.0 -9999.0 -9999.0 -9999.0 -9999.0 -9999.0 -9999.0 -9999.0 -9999.0 -9999.0 -9999.0 -9999.0 -9999.0 -9999.0 -9999.0 -9999.0 -9999.0 -9999.0 -9999.0 -9999.0 -9999.0 -0.135 -0.369 -0.401 0.052 0.053 0.053 0.051 -0.672 0.013 0.009 0.016 -0.0 0.007 0.025 -0.512 -0.608 -0.356 -0.5 -0.453 -0.853 -0.747 -0.549 0.258 -0.892 -0.728 -0.024 -0.265 -0.297 -0.313 -0.32 -0.302 -0.384 -0.578 -0.314 -0.352 -0.204 -0.501 -0.42 -0.609 -0.664 -0.401 -0.421 -0.407
-9999.0 -9999.0 -9999.0 -9999.0 -9999.0 -9999.0 -9999.0 -9999.0 -9999.0 -9999.0 -9999.0 -9999.0 -9999.0 -9999.0 -9999.0 -9999.0 -9999.0 -9999.0 -9999.0 -9999.0 -9999.0 -9999.0 -9999.0 -9999.0 -9999.0 -9999.0 -9999.0 -9999.0 -0.485 -0.418 -0.437 -0.234 -0.192 -0.308 -0.186 0.049 0.018 0.015 -0.454 0.01 0.004 0.002 -0.552 -0.511 -0.736 0.967 -0.222 -0.52 -0.492 -0.439 -0.322 -0.597 -0.533 -0.061 -0.312 -0.35 -0.322 -0.375 -0.428 -0.289 -0.413 -0.489 -0.421 -0.297 -0.814 0.02 0.562 -0.688 -0.483 -0.603 -0.416
