static/jobfarm/user_models/minyf/common/HOME-GBHM/输出文件/Output/Grids/runoff20020226.asc
ncols 221
nrows 204
xllcorner -627000.0
yllcorner 3955000.0
cellsize 900.0
NODATA_value -9999.0
[rows 60 to 89 of 204, columns 0 to 65 of 221]
-9999.0 -9999.0 -9999.0 -9999.0 -9999.0 -9999.0 -9999.0 -9999.0 0.026 0.028 0.017 0.017 0.011 0.007 0.009 0.01 0.014 0.005 -707.285 0.013 -342122.916 -10718.462 -41131.635 0.016 0.006 -0.032 -0.007 0.004 0.005 0.006 0.018 0.007 0.009 0.012 0.009 0.016 -0.03 -0.017 0.014 0.001 0.008 -306.869 -542.111 -1827.781 -14.378 0.012 -306.125 0.017 0.029 0.025 0.048 0.02 -68.717 -67.64 0.014 -249309.466 0.0 -36.781 -138.98 -99869.951 -141299.123 -597057.128 -10132.906 -122893.039 0.022 -179724.126
-9999.0 -9999.0 -9999.0 -9999.0 -9999.0 -9999.0 -9999.0 -9999.0 -9999.0 0.015 -743.475 0.005 0.011 0.009 0.008 0.015 0.014 0.032 -55496.163 -525856.278 0.011 0.019 0.034 0.04 0.011 0.012 -0.03 -0.008 0.004 0.004 0.015 0.008 0.009 -190.159 0.014 -0.001 0.011 -0.055 0.013 -443.349 0.023 0.012 0.01 0.023 -11.098 0.018 -177.576 0.02 -1.892 0.02 -11.215 -992.407 -1759.586 -65199.759 -10530.279 0.066 0.02 -23014.387 -508.532 0.026 -88644.728 -17.851 -30006.774 -777962.899 -550479.232 0.012
-9999.0 -9999.0 -9999.0 -9999.0 -9999.0 -9999.0 -9999.0 -9999.0 -9999.0 -9999.0 -13285.278 0.012 0.007 0.011 0.035 0.015 0.016 -2846.959 -1.832 0.009 -10155.399 0.025 0.036 0.037 0.011 0.014 0.007 -0.004 0.001 0.003 0.019 0.015 0.015 -109.248 0.015 0.01 0.009 0.012 0.011 0.013 0.012 0.008 0.005 -400.017 0.021 -274.207 0.023 0.014 -13.109 0.013 -1419.819 0.012 -71.046 -1390.69 0.019 0.014 0.098 0.027 0.031 0.016 -979.957 -1477.424 -578371.298 -2876747.65 -2311799.487 -1456521.651
-9999.0 -9999.0 -9999.0 -9999.0 -9999.0 -9999.0 -9999.0 -9999.0 -9999.0 -9999.0 -9999.0 -57527.616 0.009 0.008 0.017 0.012 0.016 0.052 -13.221 -303264.195 -224455.044 -137.912 0.022 -420.641 0.034 0.009 0.01 -8421.546 -404.469 -488.835 -484.262 0.033 0.008 0.007 -2033.686 0.011 0.013 0.039 0.017 0.009 0.016 -0.013 0.01 -566.406 0.006 -469.466 0.014 0.036 -5899.107 -315.243 0.018 -35.375 -36.15 -56244.211 0.018 0.008 0.045 0.025 0.088 -1507.202 0.02 -388.928 -1812.372 -5518282.918 -2183313.934 -155754.13
-9999.0 -9999.0 -9999.0 -9999.0 -9999.0 -9999.0 -9999.0 -9999.0 -9999.0 -9999.0 -9999.0 0.065 -46296.817 0.01 0.016 0.051 0.011 -484.906 -3256.383 -1163.831 -111357.657 -570.199 -60.971 -4.902 -0.074 0.007 -7658.346 0.051 0.06 0.009 0.018 -809.564 -13041.783 -253.271 -387518.019 -37255.498 -112.297 -59.242 0.019 0.008 -0.008 0.009 0.016 0.017 0.019 0.021 0.011 0.008 -28.484 -1.885 -12.882 -34.831 0.021 -23434.822 0.014 0.027 0.019 0.019 0.015 0.02 0.034 -389.505 -0.009 -473118.306 -1794.218 -10598.026
-9999.0 -9999.0 -9999.0 -9999.0 -9999.0 -9999.0 -9999.0 -9999.0 -9999.0 -9999.0 -9999.0 -9999.0 0.013 -1409.276 0.009 0.029 0.014 -2587.889 0.034 -1183.92 -43707.605 -3.828 0.002 0.015 0.029 0.079 0.079 -273.784 0.049 0.007 -61698.315 -142710.765 0.022 0.02 0.019 0.014 0.087 -26.365 0.02 0.019 0.012 0.015 0.013 0.023 0.013 0.004 0.01 0.009 -17.897 -1.656 -1.735 0.019 0.018 -1040278.095 0.012 0.015 0.017 0.031 -28.784 0.099 0.028 -1668.287 -1823.911 -3594.762 -2.468 -103178.516
-9999.0 -9999.0 -9999.0 -9999.0 -9999.0 -9999.0 -9999.0 -9999.0 -9999.0 -9999.0 -9999.0 -9999.0 0.018 -544.931 0.018 -95.618 -97.269 -14169.855 0.014 -2.321 -71174.405 0.021 0.026 0.025 -0.05 0.008 0.003 0.017 0.004 0.012 0.007 -15558.614 0.017 0.018 0.023 0.009 0.024 -605.198 -1132734.323 0.014 0.009 0.006 -0.028 0.028 -0.016 0.009 0.01 0.005 0.011 0.007 0.009 0.005 0.011 -1388.601 -34729.741 0.016 0.029 0.095 0.012 0.113 0.031 0.028 0.043 -717.083 0.013 0.109
-9999.0 -9999.0 -9999.0 -9999.0 -9999.0 -9999.0 -9999.0 -9999.0 -9999.0 -9999.0 -9999.0 -9999.0 0.024 0.026 -1314.522 -18.974 -323.763 -195.125 0.055 -2.178 -3119.712 -20.889 -20.933 0.029 0.009 -0.048 -0.048 -0.051 0.006 0.016 0.012 -9432.54 -0.017 0.014 0.019 -5448.734 -127902.066 0.015 -107.101 -59529.747 -36498.105 0.053 0.018 0.007 0.016 0.014 0.015 0.014 0.009 0.007 0.005 0.009 -301.293 0.013 0.004 0.037 -0.001 0.021 0.015 0.079 0.1 0.101 0.031 0.028 0.017 0.028
-9999.0 -9999.0 -9999.0 -9999.0 -9999.0 -9999.0 -9999.0 -9999.0 -9999.0 -9999.0 -9999.0 -9999.0 0.069 0.041 0.022 -41148.781 -29553.459 0.055 0.026 0.024 -13737.144 -2457.649 0.006 0.036 -0.026 0.012 -0.103 -0.05 -0.091 -0.026 0.011 0.011 0.007 0.014 0.018 0.067 0.024 0.022 -4710.748 -3401.464 -4489.678 -99561.0 0.12 0.03 0.028 0.073 0.058 0.019 -0.032 0.012 0.01 0.028 0.014 0.004 0.003 0.028 0.087 -1988.39 -40.292 0.025 0.025 0.144 0.017 0.107 0.013 0.048
-9999.0 -9999.0 -9999.0 -9999.0 -9999.0 -9999.0 -9999.0 -9999.0 -9999.0 -9999.0 -9999.0 -9999.0 0.026 0.021 0.02 0.028 -3055.876 0.026 0.022 0.021 -28.853 0.038 -10037.934 -749.283 -0.028 -0.021 0.021 0.045 -0.031 0.011 0.012 -0.037 0.006 0.013 0.017 0.014 0.019 0.017 0.023 0.038 0.027 -3025.444 0.029 0.015 0.008 0.008 0.015 0.017 0.086 0.006 0.01 0.009 -0.016 0.008 -0.043 0.014 0.014 0.003 -24862.266 -0.007 0.035 -0.007 -0.006 0.013 0.081 0.054
-9999.0 -9999.0 -9999.0 -9999.0 -9999.0 -9999.0 -9999.0 -9999.0 -9999.0 -9999.0 -9999.0 -9999.0 -9999.0 0.02 0.019 0.021 -1216.724 0.023 0.074 0.024 0.022 0.03 -24837.629 -12702.047 0.002 0.01 -0.061 0.014 0.015 0.004 0.002 0.005 -0.01 0.005 0.016 0.072 0.015 0.01 0.009 0.015 0.001 0.016 -237.994 -8560.281 0.03 0.029 0.018 0.051 0.045 0.014 0.011 0.007 0.04 -0.02 0.014 -0.002 0.012 0.026 -1084.654 -9799.01 -3883.689 -1797.463 -13804.403 0.025 0.012 0.008
-9999.0 -9999.0 -9999.0 -9999.0 -9999.0 -9999.0 -9999.0 -9999.0 -9999.0 -9999.0 -9999.0 -9999.0 -9999.0 -9999.0 -9999.0 0.024 -1225.031 0.067 0.012 0.025 0.027 0.031 -13730.605 -23353.468 0.001 -0.056 0.007 -85542.688 0.017 0.005 0.004 0.004 0.013 0.013 0.011 -0.006 0.009 0.014 0.047 0.009 0.047 0.02 -3823.578 -5299.933 0.014 0.031 0.02 0.035 0.012 0.019 0.009 0.01 0.12 0.012 0.091 0.015 0.019 -261502.923 -0.005 0.063 0.052 0.015 -487.637 -707.0 -7313.225 -4409.518
-9999.0 -9999.0 -9999.0 -9999.0 -9999.0 -9999.0 -9999.0 -9999.0 -9999.0 -9999.0 -9999.0 -9999.0 -9999.0 -9999.0 -9999.0 0.037 -2681.528 0.016 0.011 -0.028 -0.049 0.009 0.022 -0.046 0.013 0.067 -432.141 -21137.591 0.02 -1102.923 0.006 0.017 0.009 0.01 0.008 0.01 0.008 0.076 0.027 -276.63 0.02 0.016 -184.104 -108701.854 -42.76 0.025 0.017 0.024 0.016 0.012 -1043.674 0.04 0.018 0.011 0.081 0.059 0.015 -1969.492 0.017 0.024 0.029 -0.015 0.045 0.042 0.025 -8088.447
-9999.0 -9999.0 -9999.0 -9999.0 -9999.0 -9999.0 -9999.0 -9999.0 -9999.0 -9999.0 -9999.0 -9999.0 -9999.0 -9999.0 -9999.0 -9999.0 -62.943 0.017 0.022 0.002 -0.047 -0.039 -0.04 -0.022 -10.662 0.019 0.03 -487.448 -143.999 -2467.071 0.004 -69.011 0.007 -14.188 0.008 0.011 0.011 0.079 0.098 0.1 -16714.43 -5997.037 -0.023 0.008 -26216.325 0.073 -632.087 0.023 0.009 0.016 0.02 -815.76 0.021 0.014 0.009 0.097 0.008 0.026 0.018 0.021 0.053 0.053 -846.829 -2811.652 -5515.38 0.022
-9999.0 -9999.0 -9999.0 -9999.0 -9999.0 -9999.0 -9999.0 -9999.0 -9999.0 -9999.0 -9999.0 -9999.0 -9999.0 -9999.0 -9999.0 -44.621 -44.778 0.071 -9999.0 -0.031 -0.022 0.01 -0.002 -0.058 -6.318 0.015 -361.393 0.009 -164.544 -49199.89 -977.63 0.009 0.007 -209.862 0.011 -66.697 0.013 0.019 0.088 0.039 0.025 0.009 0.028 0.023 0.022 -62291.742 0.016 0.016 0.008 0.042 0.038 0.086 0.014 -524.882 -34266.497 0.009 0.025 0.028 0.037 0.005 0.034 0.051 0.052 0.053 0.023 0.085
-9999.0 -9999.0 -9999.0 -9999.0 -9999.0 -9999.0 -9999.0 -9999.0 -9999.0 -9999.0 -9999.0 -9999.0 -9999.0 -9999.0 -9999.0 -9999.0 -9999.0 -9999.0 -9999.0 -0.063 -0.046 -0.059 -0.045 0.023 -1217.036 0.021 -145.844 -620.669 -167.781 -2715.315 -32012.575 0.016 0.008 -1746.443 0.007 -45.619 0.01 0.013 0.035 0.048 -37773.938 -1884.38 -511.678 -598.711 -285.468 -9630.385 -81.945 0.018 0.061 0.055 0.072 0.013 0.007 0.017 -240.432 -6087.318 -444.631 -115.238 -2130.588 0.01 0.035 0.041 0.051 0.053 0.036 0.022
-9999.0 -9999.0 -9999.0 -9999.0 -9999.0 -9999.0 -9999.0 -9999.0 -9999.0 -9999.0 -9999.0 -9999.0 -9999.0 -9999.0 -9999.0 -9999.0 -9999.0 -9999.0 -0.048 0.003 0.023 0.011 0.012 -0.006 -42810.426 -83.553 0.025 -94.792 -165.301 -1562.727 -1300.887 0.023 -297.162 -518220.073 -104.941 0.011 0.007 0.008 0.042 0.035 0.042 0.017 0.014 0.037 -5172.408 -3533.682 -115228.196 -1921.905 0.038 0.021 0.023 0.013 0.007 0.041 0.013 0.021 0.019 0.009 0.023 -612.408 0.017 0.005 0.05 0.053 0.023 0.022
-9999.0 -9999.0 -9999.0 -9999.0 -9999.0 -9999.0 -9999.0 -9999.0 -9999.0 -9999.0 -9999.0 -9999.0 -9999.0 -9999.0 -9999.0 -9999.0 -9999.0 -9999.0 -9999.0 0.021 0.022 0.007 0.007 -937.002 -2356085.001 -147.92 -8631.302 0.012 -209.71 0.02 0.027 -80736.498 -23762.026 -356.767 0.01 0.009 0.007 0.013 0.012 0.036 0.033 0.036 0.012 0.02 -549.313 0.022 0.072 -6484.934 0.022 0.023 -2845.655 0.015 0.01 0.012 0.071 0.014 0.017 0.009 0.023 -1095.462 0.019 0.017 0.016 0.054 0.091 0.036
-9999.0 -9999.0 -9999.0 -9999.0 -9999.0 -9999.0 -9999.0 -9999.0 -9999.0 -9999.0 -9999.0 -9999.0 -9999.0 -9999.0 -9999.0 -9999.0 -9999.0 -9999.0 0.012 0.037 -24127.219 -532.836 0.036 0.019 -61981.383 -223.514 -257.332 -36517.701 0.022 -316.729 -12.785 -15324.407 -133062.518 0.01 -94.659 0.066 0.011 0.077 0.007 0.007 0.008 0.02 0.035 0.03 0.009 0.014 0.017 -18541.573 -47922.814 -103990.287 -1996.936 0.014 -154390.259 -19.854 0.022 0.007 0.017 0.015 0.033 -158.675 -2328.103 0.024 0.024 0.003 0.018 0.091
-9999.0 -9999.0 -9999.0 -9999.0 -9999.0 -9999.0 -9999.0 -9999.0 -9999.0 -9999.0 -9999.0 -9999.0 -9999.0 -9999.0 -9999.0 -9999.0 -9999.0 -9999.0 0.011 -32.195 -1661.583 -3496.09 -1511.241 0.017 -1761.166 0.023 -316.31 -28586.453 0.026 0.007 -276.742 0.01 -190973.637 -161.547 -155.092 -153.929 -13622.375 0.027 0.006 0.042 0.059 0.03 0.009 0.009 0.011 0.014 0.024 0.003 0.015 -167137.834 -1858.434 -2199.563 -9867.384 -19.441 0.02 0.012 0.014 0.012 0.014 0.006 -2783.101 0.019 0.008 0.004 0.024 0.026
-9999.0 -9999.0 -9999.0 -9999.0 -9999.0 -9999.0 -9999.0 -9999.0 -9999.0 -9999.0 -9999.0 -9999.0 -9999.0 -9999.0 -9999.0 -9999.0 -9999.0 -0.008 0.02 0.024 0.02 0.036 -54658.313 -12330.912 -71751.011 -71407.734 -703.99 -675933.416 0.029 0.027 -7784.846 -48.817 -7373.713 -7170.466 -6971.406 -411.842 -547.673 0.019 0.018 0.007 0.021 -959.386 0.006 0.013 0.004 0.028 0.023 0.003 0.014 -164.606 -91655.658 -19.54 -104152.207 -1384.301 0.011 0.01 -206.281 0.011 0.033 0.023 0.01 0.007 0.024 0.008 0.109 -541.192
-9999.0 -9999.0 -9999.0 -9999.0 -9999.0 -9999.0 -9999.0 -9999.0 -9999.0 -9999.0 -9999.0 -9999.0 -9999.0 -9999.0 -9999.0 -9999.0 -9999.0 -9999.0 0.025 -9999.0 0.018 0.015 0.018 -2955.525 -11655.802 -664.399 -42335.837 0.01 -2136.368 -3137.929 -309738.917 -50543.343 -4446924.39 -1555.642 -125.144 -349.445 -549.838 0.016 0.013 0.007 -134.826 0.007 0.01 0.073 0.014 0.017 0.002 0.001 0.014 0.007 -4283.834 -2227.636 -411527.068 0.022 0.019 0.019 -34737.35 0.044 0.033 0.032 0.029 -1012.829 0.027 0.036 -3756.916 0.027
-9999.0 -9999.0 -9999.0 -9999.0 -9999.0 -9999.0 -9999.0 -9999.0 -9999.0 -9999.0 -9999.0 -9999.0 -9999.0 -9999.0 -9999.0 -9999.0 -9999.0 -9999.0 -9999.0 -9999.0 -9999.0 0.016 0.02 0.022 -59.988 0.024 -10774.444 -78.586 0.02 0.028 -48.698 -6852.826 -90.646 -1.0056887864E7 -23536.139 -170.909 -542.253 0.037 0.008 0.011 -202.452 0.008 0.012 0.079 0.056 0.001 0.019 0.002 -168.704 -1122.066 -160.421 -5003.825 0.018 -949837.771 -66047.345 -831.418 -18531.378 0.043 0.054 0.069 0.026 0.042 -9331.56 -725.903 0.044 0.04
-9999.0 -9999.0 -9999.0 -9999.0 -9999.0 -9999.0 -9999.0 -9999.0 -9999.0 -9999.0 -9999.0 -9999.0 -9999.0 -9999.0 -9999.0 -9999.0 -9999.0 -9999.0 -9999.0 -9999.0 -9999.0 -9999.0 -9999.0 0.022 -66.116 0.042 -62.58 -89.957 -81.349 0.024 -48.606 -10819.199 -91.18 -125.791 -9141.794 -1788990.999 0.022 -11072.481 0.033 -6139.278 0.029 0.005 0.062 0.021 0.018 0.015 0.04 0.003 0.017 0.032 0.014 -4945.303 -19.51 0.023 0.022 -83567.177 -318787.921 0.014 0.006 0.006 0.02 0.036 -31754.386 -67264.658 0.039 0.034
-9999.0 -9999.0 -9999.0 -9999.0 -9999.0 -9999.0 -9999.0 -9999.0 -9999.0 -9999.0 -9999.0 -9999.0 -9999.0 -9999.0 -9999.0 -9999.0 -9999.0 -9999.0 -9999.0 -9999.0 -9999.0 -9999.0 -9999.0 -9999.0 0.009 0.011 0.011 0.009 0.006 0.018 -108721.233 -12550.089 0.032 0.021 -10096.474 0.089 -470805.633 -339149.939 -4691.51 -21690.262 -106.519 -139698.038 -34.513 -72485.972 0.025 0.035 0.009 0.01 0.016 0.015 0.015 -803.23 0.008 0.019 0.016 0.029 -7382.757 -2485250.651 -2124.818 -51140.302 -51206.015 -19.477 -61944.84 -41171.856 -2045.344 -2106.456
-9999.0 -9999.0 -9999.0 -9999.0 -9999.0 -9999.0 -9999.0 -9999.0 -9999.0 -9999.0 -9999.0 -9999.0 -9999.0 -9999.0 -9999.0 -9999.0 -9999.0 -9999.0 -9999.0 -9999.0 -9999.0 -9999.0 -9999.0 -9999.0 0.01 0.007 0.011 0.01 -90.001 -37673.437 0.026 -2884.567 -3309.636 0.012 -7115.049 0.023 0.036 -42194.794 -84406.127 -4122439.804 -33700.863 -102980.765 0.031 -29990.412 -26.291 0.041 0.047 0.023 0.006 0.022 -4183.718 0.009 0.034 0.017 0.016 -6837.508 -127.144 0.024 0.035 -7.879 -427371.504 -19795.418 -1011331.926 -254013.742 -1914925.286 0.036
-9999.0 -9999.0 -9999.0 -9999.0 -9999.0 -9999.0 -9999.0 -9999.0 -9999.0 -9999.0 -9999.0 -9999.0 -9999.0 -9999.0 -9999.0 -9999.0 -9999.0 -9999.0 -9999.0 -9999.0 -9999.0 -9999.0 -9999.0 -9999.0 -9999.0 0.006 0.011 -93.332 -9378.406 0.012 0.016 0.016 -3682.954 0.018 -91557.961 0.023 0.049 0.035 -84.671 -4957.195 0.0 -242730.577 -4611.313 -2583.714 0.015 0.026 0.026 0.02 0.015 0.015 0.016 0.006 0.009 0.018 -1581.948 -162.457 0.016 0.018 0.008 -6787.073 0.003 -541.12 0.028 0.027 -18421.787 -29608.889
-9999.0 -9999.0 -9999.0 -9999.0 -9999.0 -9999.0 -9999.0 -9999.0 -9999.0 -9999.0 -9999.0 -9999.0 -9999.0 -9999.0 -9999.0 -9999.0 -9999.0 -9999.0 -9999.0 -9999.0 -9999.0 -9999.0 -9999.0 -9999.0 -9999.0 0.007 0.01 -186.949 0.011 0.01 0.016 0.016 0.03 0.009 0.013 0.012 -43.077 0.041 -894.381 0.013 -45129.456 -92.107 0.038 -10581.279 -453791.755 0.011 -7.845 0.015 0.011 0.013 0.011 0.006 0.018 -239.411 0.06 0.016 0.021 0.019 -133124.505 0.026 0.025 0.02 0.016 -14014.519 0.015 -8.371
-9999.0 -9999.0 -9999.0 -9999.0 -9999.0 -9999.0 -9999.0 -9999.0 -9999.0 -9999.0 -9999.0 -9999.0 -9999.0 -9999.0 -9999.0 -9999.0 -9999.0 -9999.0 -9999.0 -9999.0 -9999.0 -9999.0 -9999.0 -9999.0 -9999.0 -9999.0 0.009 0.009 -9999.0 -9999.0 0.016 0.025 0.017 0.007 0.007 0.013 -56.279 -41.772 -4774.446 -19701.248 -88.506 -107.908 0.024 0.026 -22637.173 -1.6219888387E7 -10054.626 -1739.519 0.095 0.012 0.006 0.047 0.021 0.023 0.009 0.009 0.008 -14733.582 0.056 0.015 0.017 0.036 0.023 -5522.114 0.015 -8.366
-9999.0 -9999.0 -9999.0 -9999.0 -9999.0 -9999.0 -9999.0 -9999.0 -9999.0 -9999.0 -9999.0 -9999.0 -9999.0 -9999.0 -9999.0 -9999.0 -9999.0 -9999.0 -9999.0 -9999.0 -9999.0 -9999.0 -9999.0 -9999.0 -9999.0 -9999.0 -9999.0 -9999.0 -9999.0 -9999.0 0.029 0.031 0.028 0.025 0.007 0.018 -1102.782 -1066.234 -5240.971 -128977.821 -80.507 -79.454 -2.011 -527.766 0.03 0.037 -455360.04 -5867.977 0.007 0.107 0.014 0.009 0.061 0.059 0.014 0.015 0.019 -2314.114 0.008 0.015 0.017 0.027 -7364.216 0.015 0.02 -8.324
