static/jobfarm/user_models/minyf/common/HOME-GBHM/输出文件/Output/Grids/runoff20020226.asc
ncols 221
nrows 204
xllcorner -627000.0
yllcorner 3955000.0
cellsize 900.0
NODATA_value -9999.0
[rows 120 to 149 of 204, columns 66 to 131 of 221]
-198133.935 -2312712.709 -4948.344 0.03 0.02 0.022 -71.778 -303.374 -2874516.549 -6089.968 0.018 -0.009 -73113.429 0.015 -3173249.024 -331989.783 -3236.352 -3309.947 -133343.695 -133844.029 -4345370.755 -317222.17 -315145.093 -5858.72 0.023 0.024 -60.199 -69.805 -66.005 0.021 -3517076.884 -5091.109 -5057.229 -4957.144 -5186.803 -1515920.611 0.024 0.035 0.01 0.014 0.006 0.016 0.017 -20.855 -158210.627 -5508264.943 -19092.506 0.016 0.021 -642.489 -4.667 -4.688 -924545.923 -37961.939 -3.584 -3.288 -39.483 0.024 -92970.096 -217511.755 0.012 -52.871 0.027 0.03 -1710.021 -687471.947
0.031 0.022 -908.032 0.018 0.023 -1518.112 -321473.885 -395.877 -18197.282 -154.16 0.018 -0.007 -417.352 -84.057 -766310.213 -142623.888 -306450.672 -1515071.486 -5695.891 -21181.437 -4550206.18 -22168.275 -6157.216 -5922.014 -87368.601 -149949.337 -58.403 -53.609 -51.052 0.021 -66082.021 -1460428.779 -7399.892 -20949.747 -21093.107 -2630959.11 0.108 -92.755 -89.88 0.017 -87.275 0.016 -804.43 -826.993 -3.075 -70.259 -284703.352 -1946.308 -1224.66 -2353.146 -0.021 -1.965 -1839270.293 -121801.675 0.039 -37.394 0.03 0.016 0.027 -749951.669 -52.391 -1016.55 -951.657 -706.787 -290006.967 -26906.985
0.019 0.018 0.03 0.025 0.022 0.03 -14.022 0.022 -258951.78 0.015 0.02 0.002 -419.194 -311788.663 -1418.601 -52.155 0.011 -3538385.867 -390678.757 -779618.442 -1.1565772534E7 -13638.701 -21664.805 -21690.831 -695153.973 0.025 -9180.444 0.03 -50.709 0.016 -5297.465 -1821047.201 -6608.849 -21173.738 -21214.349 -9794970.21 0.102 -93.741 -92.386 -90.899 0.015 0.015 -1023.852 -1008.843 -65.775 -184.508 -13.236 -30294.365 -2272.587 -1163.181 -48.909 -4651.348 -4816.974 -31490.27 0.007 0.017 0.029 0.03 0.022 -226947.154 -50.822 -2954.819 -364.697 -3704.496 -5029955.145 -369.894
0.013 0.02 0.02 0.01 0.016 0.024 0.013 0.009 -5327.609 0.015 0.023 -859.293 -76927.143 -202.409 -1413.596 0.013 -9521.151 -1412.482 -5937.913 -3002.733 -742485.56 -675986.636 -696070.094 -217588.035 -1.2531687821E7 -836246.45 0.028 -34.109 -50.715 0.021 -5231.644 -5261.718 -1.0758819884E7 -5283.123 -5318.655 -2614675.976 0.021 -427585.141 -8433.544 0.009 0.016 -3245.203 -1043.457 -2222.057 -2199.607 -183.864 -5226.932 -132327.441 -495307.154 -219.916 -49.16 -4616.204 -293647.033 0.038 0.03 0.03 0.03 0.009 -144283.51 -548.261 0.013 -37.405 -2516.156 -29989.851 -439080.5 -332.89
0.018 0.019 0.014 0.013 0.005 0.014 0.014 -13583.996 0.014 0.011 0.02 -235.625 0.017 -1409.578 -37519.283 -957.857 -52.441 -4265.706 -320764.019 -45859.537 -1305.283 -1571.469 -15208.136 -9540411.979 -4548.106 -96135.391 -16.364 -34.374 -34.106 -34.081 -5249.795 -5292.248 -5176.331 -1.0099656705E7 -6533.279 -1608838.366 -0.127 -3156593.229 0.005 0.016 -9137068.037 0.012 -2276.396 -463.586 -460.235 -175.077 -183.791 0.006 -189104.018 -3895860.135 -3046.098 -1837.422 -66822.886 0.031 0.024 0.029 -0.001 -110.224 -9520486.335 0.021 -51.13 -944.003 -2568.255 -1985447.371 -4599.557 -2490.523
-1.854 -131196.143 -40963.121 -65224.521 -110.848 -123240.865 -1188198.539 -4260.87 0.012 -14.332 -868.758 -861.74 -416.206 -15691.035 -5158.715 0.018 -497626.055 -5382.899 -163.675 -22862.968 -15.693 -419.853 -26542.824 -2.4936019017E7 -361378.466 -54.532 -54.454 -53.077 -53.304 -368.371 -5150.214 -5177.496 -6589.435 -2058432.084 -0.002 -4024858.82 -320273.872 -13299.347 0.016 -3518856.271 0.001 0.011 -111946.463 -25995.676 -279.168 -275.14 0.026 0.029 0.016 -952580.613 -612.045 -89733.432 -74.378 -4386.714 -109.13 0.036 0.013 -110.778 -1507074.344 -100.894 0.035 -257.456 -2549.247 -1371840.088 -2121564.785 -1.2505371672E7
-56.714 -0.568 0.02 -75576.456 -969113.488 -48352.68 -18208.665 -312.281 0.008 0.01 0.018 0.007 -1099.747 0.037 0.01 -2561311.676 -765.699 -13685.555 -46554.009 0.013 -49121.372 -32836.014 -128.926 -4412177.717 -240546.219 -31899.996 -32373.776 -32582.576 -32964.168 -33018.626 -173104.734 -212492.357 -168551.129 0.017 -4.3020187741E7 -2.8334696611E7 -767980.76 -2191.734 -526790.692 -2070.397 -4585.081 -4612.363 0.009 -2123008.916 -0.002 -0.002 0.031 0.035 -1111.081 -1132.826 -1033914.868 0.044 -1106.249 -641.079 -618.222 0.089 -87913.419 -629.211 -8748.293 -1389.345 0.031 0.032 -27.867 -314315.227 -1.86898386322E8 -1629.004
0.027 0.018 -55077.668 0.014 -75136.384 0.025 0.019 -29817.527 0.014 0.018 0.014 0.014 -601362.03 -91980.835 -3105263.576 -1020.325 -1093734.262 -1047.557 -2640.635 -31.711 -192.997 -192.959 -1172533.886 -8271.454 -33298.17 -123339.583 -31632.036 -31831.01 -32391.291 -40632.558 -169798.375 -81922.613 -82715.721 -82866.356 -5021612.96 -454190.191 -2096.886 -2131.297 -3862938.295 -4692.491 -2985.576 -3014.73 0.094 -1673455.82 0.008 0.006 -0.002 -0.809 0.032 0.05 -38504.468 0.067 -2399.68 -2410.741 -11291.703 0.013 -126995.411 -11620.12 -1310.385 0.033 0.011 -27.707 -27.874 0.011 -905.881 -119381.574
0.02 0.021 0.021 0.028 -146950.707 0.023 0.018 -76644.315 0.02 0.024 0.026 0.006 -4798.395 -41844.502 -189960.412 -204958.592 -776.589 -777.257 -2246.604 -2263.41 -31.564 -2377.188 -25312.562 -8487.905 -18.378 -1.7981417442E7 -1.51430918193E8 -10357.948 -1526.263 -39606.151 -211108.286 -80332.717 -99117.996 -80408.235 0.016 -953887.706 -4487.466 -1.6601566752E7 -4543.518 -2981.592 -2994.034 -313191.814 0.09 -1675922.331 0.006 -0.008 -0.009 -0.791 -173.312 -68851.78 0.024 -144198.089 -24.563 -2408.877 0.016 -26301.229 -9944.249 -30707.959 -327.972 -356.724 0.015 -49.823 -28.006 -28.123 -49.738 -10008.288
-9999.0 0.016 0.025 0.024 -182527.267 0.016 -11685.913 -5290.256 0.026 0.018 0.025 0.024 -4951.265 -221146.269 -139591.927 -4041.78 -3380.243 -3322.234 -10470.011 -219.404 -31.645 -36891.327 -1651662.808 -10504.111 -31723.772 -3423606.06 -646.268 -9.10068158902E8 -3.7518296027E7 0.014 -2641.604 -3484.882 -158724.685 -99458.792 -98217.403 -4029150.288 -1.1604860957E7 0.024 -2857.211 -2271.998 -27024.673 -136137.064 0.003 -4166983.076 -0.007 -0.008 -0.005 0.015 -102.016 -10.674 -2820.325 -214845.133 0.022 -962.082 0.016 -106.862 -31569.442 -11345.438 -323.133 -387.626 0.014 -49.876 -99.056 -116.949 -27.705 -1647.049
-9999.0 -9999.0 0.021 0.027 0.019 0.029 0.011 0.034 0.011 0.019 0.02 0.021 -170.106 -221380.467 -1648.917 -5091.019 -4473.161 -3442.079 0.019 -1995922.855 -8220.074 -82539.331 0.006 -10524.444 -31620.244 -106483.573 -2.0901083818E7 -15212.511 0.015 -2996536.487 -3.1401263141E7 -3.633048121E7 -190272.438 -10431.381 -1.1066163421E7 0.015 -1998733.911 -2855.562 -2243.53 -2245.128 -133256.804 -18931.923 -0.011 -6150294.91 0.004 0.018 -214527.539 0.015 0.016 0.045 -523.467 -367185.042 -42.215 -219.223 -908.67 0.036 -41527.588 -414.661 -326.671 0.018 -271.92 0.036 -18544.426 -49.561 -27.76 0.006
-9999.0 -9999.0 -9999.0 0.021 0.025 0.015 0.008 0.02 0.022 -572.245 0.022 0.016 -163002.374 -712.847 -203.074 -197.572 -129.013 -3657.187 -2469303.721 -11430.933 -9330.519 -2995613.753 -6181.598 -10774.997 -7728.032 -31563.019 -4763595.132 -64113.843 -96942.993 0.016 -211484.708 -921343.841 -4.30723936204E8 -9358969.879 -1.3906219757E7 -1186.306 -503526.722 0.013 -3095.422 -279.443 -279.698 -649854.292 0.013 -549185.427 0.018 -1330100.27 -2317.617 0.011 0.037 0.032 0.045 0.044 -6603.134 -223277.995 -118.943 -1780.366 0.0 -365.992 0.017 0.017 0.028 -108425.435 -754120.365 -49.802 -49.804 0.013
-9999.0 -9999.0 -9999.0 -9999.0 0.014 0.021 0.017 -22.264 -138.619 -97.097 -1988386.908 -1511017.049 -1447210.463 -13379.158 0.016 0.016 0.016 -4.182 -1424316.012 0.031 -1760705.606 0.023 0.024 0.02 0.012 -8801254.865 0.013 0.024 0.037 0.068 0.024 -1.1275278091E7 -65944.297 -2.0048928327E7 -6824667.334 -1.4719077642E7 -6.6792741209E7 -1.4331105982E7 -1153660.389 0.011 -853.326 -174125.812 -30399.373 0.005 -78969.704 -4561106.75 -79000.594 -47.256 0.04 0.03 -19.037 0.031 -1684.867 -48335.15 -799.86 -1754.033 -199.942 -44.56 -3319.721 -245.693 0.052 -2036563.743 0.023 0.02 0.02 -226.366
-9999.0 -9999.0 -9999.0 -9999.0 -9999.0 -9999.0 0.013 0.011 0.022 -95.645 -379.676 -940819.407 0.02 -1056.562 -37979.798 0.021 -16.509 -9.394 -6339.84 -2586.43 -3066959.611 0.029 0.025 0.011 -2191187.383 -0.004 -19.286 0.001 0.038 0.037 0.022 -2071.734 -1274207.416 -74821.679 0.005 -279627.707 -3681854.154 -123806.353 0.004 -2412677.399 -1.3897529204E7 -214553.35 -207868.897 -256890.733 -4.1612357321E7 -165160.906 -617.515 -1124.467 0.024 0.04 -309.643 0.02 -158.811 -13522.631 -2064947.205 -177234.642 -240.591 0.047 -726.842 -725.822 -1081.339 0.049 0.022 0.031 -39.538 0.0
-9999.0 -9999.0 -9999.0 -9999.0 -9999.0 -9999.0 -9999.0 0.011 -11.16 -40.889 -22.487 -753596.952 0.011 0.016 0.027 0.027 0.027 -9.706 0.031 -9699.623 -766352.864 0.033 0.017 0.019 -3651152.067 0.01 0.01 0.01 0.004 0.001 -425.423 0.021 -3968050.134 -3078.07 0.01 -1266.176 -590504.441 -60771.945 -6.4006268815E7 -661024.287 -2.5042132487E7 -1.29128447738E8 -7.5569235772E7 -4.87561510264E8 -9405.161 -2.40810755169E8 -457.567 -12.402 -1484.139 -10.696 0.04 -37368.689 0.041 0.038 -1012.211 -4649408.038 0.015 -249.759 -6.511 -685.198 -75596.934 0.029 0.022 -27.068 0.001 -27.04
-9999.0 -9999.0 -9999.0 -9999.0 -9999.0 -9999.0 -9999.0 0.012 -10.878 -16222.64 -663104.584 -5.7083353321E7 0.017 0.017 0.017 0.019 0.012 0.011 0.027 0.027 -2075.87 0.033 0.025 -39532.468 -42260.571 0.018 -0.0 0.01 0.006 0.015 -511.102 -490.24 0.084 -1220.277 0.011 -1269.465 -591982.62 -812567.857 -1.4950490037E7 -781847.19 -781987.948 -664502.22 -2.32391416759E8 -1.34971422538E8 -2278873.007 -1.88643710473E8 -1.711965490402E9 -1278.799 -73.825 -6705.097 -3.152 -45454.331 0.045 0.038 0.014 -378148.463 -5.427 -704.895 -1.04 -3065.053 -889358.019 0.03 -19.262 0.0 -5717.445 -0.0
-9999.0 -9999.0 -9999.0 -9999.0 -9999.0 -9999.0 -9999.0 -18.098 0.026 0.027 -484.575 -1624408.128 -65633.614 -11542.951 0.017 0.008 0.017 0.014 0.02 0.015 0.016 0.009 0.02 -6.494 -8.068 0.005 0.0 0.008 0.008 0.006 -1411.845 -524.803 -482.714 -600.897 -1193.768 -711.852 -592807.323 -591132.982 -1.9358257077E7 -8407812.585 -158774.696 -158692.004 -19417.962 -1861046.805 -1861197.935 -337554.451 0.059 -3.1601143135E7 -3.26556871784E8 0.004 0.017 -26653.641 -3.782 0.009 -412150.598 -3903.045 -4074.206 -566.827 -985.675 -23707.348 0.008 0.031 0.023 0.009 -1317233.821 0.058
-9999.0 -9999.0 -9999.0 -9999.0 -9999.0 -9999.0 -9999.0 -9999.0 -9999.0 0.021 0.026 -277541.005 0.02 -6252.492 -127685.476 0.008 0.018 0.017 0.016 0.017 0.016 -0.051 0.009 0.024 -0.0 -92.849 -2.1907750181E7 -1203670.714 0.007 0.005 0.006 0.006 -17.166 -29.961 -795.676 -720.255 -444896.726 -277653.398 -2862226.294 -1277497.527 -810982.692 -158634.757 -60835.941 -1860280.562 -337290.305 -337224.034 -1.81638927475E8 -3598024.03 -1861.716 -365406.404 -1066.444 -977.681 -320.337 -3.78 -1612815.642 -1302.2 -97354.836 -562.498 -18.428 -115820.745 0.025 0.022 0.028 -148798.251 0.014 -0.004
-9999.0 -9999.0 -9999.0 -9999.0 -9999.0 -9999.0 -9999.0 -9999.0 -9999.0 0.027 -739546.911 0.022 0.026 0.021 -263938.7 -74713.531 -4.735 0.02 0.022 0.011 0.009 0.01 -121.453 -762.591 -4719.59 -5267846.028 -22240.737 0.021 -916007.136 -30221.177 -544.498 0.021 -762.851 0.024 -20053.467 -12402.693 -661.743 -1491490.032 -2939.157 -4654771.08 -5626.256 -988.035 -14149.604 -6100.48 -6099.918 -1.5675086671E7 0.011 -2672.039 -2250214.499 -3.904132201E7 -109077.016 -67662.084 -30171.822 0.016 -182410.764 -2302.863 -195398.37 -54.933 -55.768 -97785.961 -103.161 -104.431 -82.725 -249485.106 -82.348 0.041
-9999.0 -9999.0 -9999.0 -9999.0 -9999.0 -9999.0 -9999.0 -9999.0 -9999.0 -9999.0 -35.441 0.022 0.029 0.026 -116805.934 0.02 -242101.919 0.021 0.016 0.012 0.011 0.013 -119.775 -5280.303 -84536.348 -1136904.746 -1671.008 -4884.808 -149.837 -4859.657 -284091.316 -105.589 0.022 -0.002 -674.284 -19195.644 -36563.547 -3753.837 0.01 -919245.126 -3495.777 -988.117 -6101.894 -5775435.781 -1.1904950701E7 -14367.769 0.022 -2670.69 0.017 -1.48649330272E8 -1.6787395244E7 -323079.589 -882.386 -712294.639 -81.927 -5304.734 -26583.858 -132307.329 -467.696 -252381.025 -80.646 -104.361 -69.109 -221292.585 -69.762 0.04
-9999.0 -9999.0 -9999.0 -9999.0 -9999.0 -9999.0 -9999.0 -9999.0 -9999.0 -9999.0 0.02 0.02 0.017 -124.218 -45.974 0.02 -233953.201 0.015 0.013 0.007 -26022.676 -0.601 -105.8 -977.973 -5.732752909E7 -5363.011 -1744.605 -5326.26 -1501.906 0.003 -39563.968 -657473.014 -5999.005 0.004 0.022 -658.428 -6017.973 -1218.404 -3739.669 -2933.895 -3647.046 -21751.082 -7873897.68 0.009 -187.616 -207.747 -23814.215 -4678488.973 -1.09275259E7 -2250497.633 -1.4661540589E7 -3.072396853E7 -2.014927288E7 -31616.637 -4857.024 -5306.723 -131.322 -1434.101 -7370.777 -1093755.715 -60569.584 -81.77 0.041 -46637.02 0.071 0.041
-9999.0 -9999.0 -9999.0 -9999.0 -9999.0 -9999.0 -9999.0 -9999.0 -9999.0 -9999.0 0.025 0.03 0.019 0.03 0.03 0.024 -10273.066 0.019 0.008 0.009 0.01 -465579.148 -1216414.618 -1472789.312 -1.0252362428E7 -297.075 -1799.462 -1736.967 -1509.53 -166887.466 -8631.826 -772.107 0.01 -17168.93 -2382.155 -23.907 -30.685 -5912.015 -5849.238 -3646.596 -445523.0 -911106.483 0.011 0.021 -190.04 -75056.893 -1226.054 0.02 -549722.934 -8890966.687 -5.5012691724E7 -1.25022331427E8 -163680.904 -4.03657703929E8 -8257520.968 0.004 -131.371 -1433.864 -1261.147 -1260.956 -134090.727 -68.93 0.041 -30265.086 0.016 0.041
-9999.0 -9999.0 -9999.0 -9999.0 -9999.0 -9999.0 -9999.0 -9999.0 -9999.0 -9999.0 -9999.0 -9999.0 -9999.0 0.025 -9999.0 0.025 0.019 0.016 0.017 -160.913 -38933.47 -433350.91 -185.187 -213897.482 -605.026 -290.832 -9.388 -5494.13 -6165006.438 0.008 0.325 -743.159 -1006.131 -622.357 -79331.819 -23.501 0.011 -633.858 -112665.22 -5386905.514 -85750.244 -155.979 0.025 0.011 -208.703 0.026 -2670.986 -2671.062 -2829.245 -19538.023 -4878219.35 -4880028.235 -8.98502579731E8 -3.4663953251E7 -6.95362860688E8 -2.532256143E7 -96.295 -89.273 -1260.967 -259.896 -358122.682 -104.964 -5.822 0.065 -5956.387 -5.813
-9999.0 -9999.0 -9999.0 -9999.0 -9999.0 -9999.0 -9999.0 -9999.0 -9999.0 -9999.0 -9999.0 -9999.0 -9999.0 -9999.0 -9999.0 0.026 0.027 0.016 0.021 0.031 -728.588 -6.834 -1.299 -7559510.386 -3.086 0.011 -194.712 -5061.369 -1604.477 -1415.744 -3391.731 -411.883 -667123.078 -6052214.407 -110115.421 -57367.738 -2722907.063 -1.825478528E7 -6415.073 -140.22 -156.484 -155.948 -156.385 -208.707 -48894.478 -436857.556 -1440.605 -542215.123 -7418354.144 -5784660.652 -2.9795236229E7 -4.5686365148E7 -3.69145904772E8 -1187132.34 -881367.168 -1.457217701839E9 0.0 -89.29 -259.976 -20962.711 0.016 -77317.536 0.063 -5.881 -103199.466 0.032
-9999.0 -9999.0 -9999.0 -9999.0 -9999.0 -9999.0 -9999.0 -9999.0 -9999.0 -9999.0 -9999.0 -9999.0 -9999.0 -9999.0 -9999.0 -9999.0 -9999.0 0.02 0.008 0.009 0.016 0.016 -592516.615 0.01 -892697.121 0.012 0.01 -38.162 0.026 0.006 -794.852 -155104.992 0.002 -1213026.812 -2754.2 -97390.146 -5661364.662 0.007 0.03 0.028 0.005 -2319345.643 -356818.002 -691949.163 -6590.513 0.011 -43263.127 -11937.688 -1210478.94 -6.643810456E7 -2557892.543 -4.6734254473E7 -507850.907 -460.203 -7218685.544 0.001 -1.3329608266E8 0.005 0.007 0.012 -31394.81 -166495.806 0.029 -141.011 -257738.19 -516549.828
-9999.0 -9999.0 -9999.0 -9999.0 -9999.0 -9999.0 -9999.0 -9999.0 -9999.0 -9999.0 -9999.0 -9999.0 -9999.0 -9999.0 -9999.0 -9999.0 -9999.0 -9999.0 0.009 0.008 -0.037 -7374.041 -2312.337 0.01 -7771.425 -51874.334 0.008 0.01 0.024 0.027 -24816.687 -0.001 -917.255 -211098.619 -1340.455 -878717.926 0.005 0.004 0.019 0.031 0.025 -11629.831 -568426.859 -301666.168 -722298.971 -588859.043 -7.241861468E7 -1.53156504075E8 -1.9473884605E7 -615968.019 -1297292.533 -1.2213522237E7 -3558.366 -0.004 -869089.715 0.013 -1.07686546721E8 -1610171.542 -157499.111 0.006 -641.324 -3046.836 -37543.357 -139.35 -145.106 -3457.136
-9999.0 -9999.0 -9999.0 -9999.0 -9999.0 -9999.0 -9999.0 -9999.0 -9999.0 -9999.0 -9999.0 -9999.0 -9999.0 -9999.0 -9999.0 -9999.0 -9999.0 -9999.0 -9999.0 0.009 0.009 -308.148 0.01 -0.037 -22870.714 -0.034 -1235.702 0.016 0.02 -590.204 -4221.338 -4169.104 -9138.99 -6393.009 -5524.725 -933054.645 -1.519 0.007 0.031 -19594.855 -21012.372 -2770.607 0.019 0.005 -1496802.685 -4238933.894 -275180.159 -52194.281 -1.6306508414E7 -317558.303 -1.30102351682E8 -2590.17 -3559.29 -2592.28 0.01 -5.1232175979E7 -1.48120407894E8 -1.234891514861E9 -4143.278 -6698380.044 -632.651 -614.982 0.017 -92593.257 -557.802 0.005
-9999.0 -9999.0 -9999.0 -9999.0 -9999.0 -9999.0 -9999.0 -9999.0 -9999.0 -9999.0 -9999.0 -9999.0 -9999.0 -9999.0 -9999.0 -9999.0 -9999.0 -9999.0 -9999.0 -9999.0 0.009 0.009 0.01 0.009 0.017 0.01 0.013 0.009 0.021 0.034 -4243.165 -56.595 -615367.556 -3930.401 -233030.221 -44897.731 0.006 0.02 -278783.706 -11495.723 0.031 -5874.822 -216278.92 -1.6039552895E7 -67125.155 -482057.938 -67043.054 -1030460.206 0.005 -5060564.843 -948.219 -2592.864 -2590.755 -45914.352 -1.3176621558E7 0.012 -4111502.229 -2308673.85 -1.075870409195E9 -2.692 -805.304 -805.31 -835.343 0.01 -502063.884 -127.837
-9999.0 -9999.0 -9999.0 -9999.0 -9999.0 -9999.0 -9999.0 -9999.0 -9999.0 -9999.0 -9999.0 -9999.0 -9999.0 -9999.0 -9999.0 -9999.0 -9999.0 -9999.0 -9999.0 -9999.0 -9999.0 -9999.0 -9999.0 -9999.0 0.014 0.019 0.017 0.006 0.01 0.028 -628.658 -41567.907 -4295.516 -267181.987 -29.133 -169.779 0.004 0.019 0.073 0.018 0.031 0.031 -52703.141 -1760.57 -52599.003 -390677.766 -35922.304 -789.885 -76991.104 -2026599.264 -36098.728 -3560.375 -2596.795 -1428566.831 0.013 -49925.877 -1044085.072 -302794.095 -6.575587665E7 -3.68687885209E8 -1714.525 0.001 0.004 -557.802 -136.249 -3399.561
-9999.0 -9999.0 -9999.0 -9999.0 -9999.0 -9999.0 -9999.0 -9999.0 -9999.0 -9999.0 -9999.0 -9999.0 -9999.0 -9999.0 -9999.0 -9999.0 -9999.0 -9999.0 -9999.0 -9999.0 -9999.0 -9999.0 -9999.0 -9999.0 -9999.0 -9999.0 -9999.0 -9999.0 0.009 0.021 -8963.191 -10021.541 -1405.817 -1326.858 -5528.929 -1659.626 0.006 0.005 0.018 0.018 0.031 0.03 -52707.2 -52684.817 -156552.014 -29192.11 -757127.037 -52546.943 -7884196.417 -36095.296 -2595.689 -81183.243 -18228.754 -2605.778 0.02 -400395.369 -753657.942 -1652295.802 -845844.411 -2058084.307 -1.56832024126E8 0.001 0.012 -4.0985547791E7 -3025.77 -117.042
