static/jobfarm/user_models/minyf/common/HOME-GBHM/输出文件/Output/Grids/runoff20020227.asc
ncols 221
nrows 204
xllcorner -627000.0
yllcorner 3955000.0
cellsize 900.0
NODATA_value -9999.0
[rows 30 to 59 of 204, columns 66 to 131 of 221]
0.018 0.02 0.037 -628.151 -1163.918 -5142.308 -7738.928 0.004 0.004 0.004 0.003 -6801.278 -128570.385 -1572.403 -2960.938 0.005 0.019 0.017 0.024 0.012 0.017 0.02 -0.032 -42.016 0.014 0.015 0.018 0.015 -15.407 0.017 0.011 -1046.118 0.018 0.006 0.009 0.008 0.011 0.011 0.007 -192.331 0.004 0.048 0.007 0.017 -113.584 0.008 0.015 0.007 0.01 -9999.0 -9999.0 -9999.0 -9999.0 -9999.0 -9999.0 -9999.0 -9999.0 -9999.0 -9999.0 -9999.0 -9999.0 -9999.0 -9999.0 -9999.0 -9999.0 -9999.0
-34.855 0.018 0.007 0.007 -2897.887 0.006 -383.957 0.012 0.011 0.008 0.004 0.003 0.056 -111.146 0.01 -4072.659 0.006 0.009 0.023 0.004 0.007 -2844.126 -1956.937 0.016 -133.036 -141.359 0.013 -242.471 0.016 0.02 0.014 -2845.689 0.011 0.015 0.009 -137.14 -1278.436 -40.025 0.01 0.009 -18.554 0.007 0.005 0.008 -2967.93 0.011 0.01 0.014 -1102.288 0.005 0.003 0.006 -9999.0 -9999.0 -9999.0 -9999.0 -9999.0 -9999.0 -9999.0 -9999.0 -9999.0 -9999.0 -9999.0 -9999.0 -9999.0 -9999.0
0.019 0.014 0.01 0.01 -8.408 0.007 0.006 0.012 -19428.905 0.008 0.007 0.011 0.012 0.016 -902.162 0.001 0.011 0.007 0.008 0.019 0.025 0.017 -3479.155 -2364.653 0.011 0.012 -322.493 0.012 0.021 0.021 0.011 -407.245 0.011 0.017 0.007 0.013 0.025 -0.0 -108.816 -132.429 -39.286 0.016 -124.431 0.007 -454.727 0.01 0.01 -143.434 0.002 0.005 0.006 0.007 0.006 -9999.0 -9999.0 -9999.0 -9999.0 -9999.0 -9999.0 -9999.0 -9999.0 -9999.0 -9999.0 -9999.0 -9999.0 -9999.0
0.004 0.011 0.009 0.006 0.008 0.007 0.006 0.007 0.006 -23422.461 0.009 0.009 0.008 0.005 -723.657 0.01 -37.76 0.058 0.006 0.007 0.013 0.005 -9448.835 -30.411 0.014 -552.87 0.022 0.018 0.019 -0.01 -1852.828 0.014 0.012 0.007 0.009 0.007 0.018 0.006 0.019 0.006 0.007 -609.424 -7948.819 0.003 -9.069 0.005 0.003 -74.9 0.005 0.006 0.005 0.007 0.008 0.007 -9999.0 -9999.0 -9999.0 -9999.0 -9999.0 -9999.0 -9999.0 -9999.0 -9999.0 -9999.0 -9999.0 -9999.0
0.028 0.021 0.035 0.027 0.011 0.009 0.006 0.005 0.006 0.009 0.047 0.01 0.008 -16.211 0.003 0.007 0.006 0.007 0.008 0.005 0.015 -62839.488 -17289.632 0.021 -973.965 0.008 0.019 0.015 -857.063 -187.071 0.011 0.011 0.011 0.008 0.027 0.015 0.006 0.005 0.006 0.017 0.009 0.006 0.007 0.008 0.006 0.009 -0.0 -42.186 0.005 0.011 -367.812 0.005 0.006 -9999.0 -9999.0 -9999.0 -9999.0 -9999.0 -9999.0 -9999.0 -9999.0 -9999.0 -9999.0 -9999.0 -9999.0 -9999.0
-0.002 0.019 0.014 0.014 0.078 0.027 0.011 0.01 0.009 0.007 0.01 0.009 0.007 0.009 -1229.433 0.007 0.007 0.004 0.005 0.005 -1404.151 0.013 -11187.636 -2483.675 0.021 0.013 0.01 0.016 -5051.612 0.012 0.011 0.009 0.013 0.007 0.013 -198.169 0.006 0.017 0.006 0.006 0.011 0.019 -2010.276 -588.001 0.008 0.008 0.012 -833.696 -430.077 -9638.34 0.006 0.005 0.006 -9999.0 -9999.0 -9999.0 -9999.0 -9999.0 -9999.0 -9999.0 -9999.0 -9999.0 -9999.0 -9999.0 -9999.0 -9999.0
-224641.369 -2472.739 -829256.049 -221.154 0.018 0.031 0.021 0.014 0.014 -9854.343 0.001 0.013 0.004 -0.001 0.004 -421.555 -0.006 0.003 0.003 0.002 0.008 0.015 0.023 -1338.672 -4301.515 -158.903 -18.624 -42.608 -5980.055 0.017 0.012 0.02 0.025 -29.157 -8173.028 0.017 0.008 0.009 0.018 0.008 0.014 0.01 0.006 -1255.473 -467.357 0.004 -285.095 0.011 0.008 0.004 0.011 0.006 0.005 0.005 -9999.0 -9999.0 -9999.0 -9999.0 -9999.0 -9999.0 -9999.0 -9999.0 -9999.0 -9999.0 -9999.0 -9999.0
0.017 0.034 -21.562 -1056.014 -6855.109 -12869.411 -15672.873 -10327.538 -2671.578 0.007 -89.173 0.001 0.006 0.003 0.005 0.014 0.006 0.003 0.003 -24635.329 0.014 0.012 -536.744 0.006 -19347.048 -1969.675 -4564.849 -43.126 -37966.427 -1227.451 -31.762 -30.317 0.003 0.002 -20971.434 0.029 0.008 -504.893 0.001 0.008 0.019 0.018 0.02 0.004 -32094.057 0.005 -26.911 0.005 0.008 0.011 0.006 0.006 0.006 0.005 -9999.0 -9999.0 -9999.0 -9999.0 -9999.0 -9999.0 -9999.0 -9999.0 -9999.0 -9999.0 -9999.0 -9999.0
0.015 0.023 0.024 -762.353 0.045 -51245.818 0.013 0.016 -2.558 0.009 0.005 0.006 0.008 0.006 0.003 0.024 0.005 -0.002 0.054 0.005 0.007 -485.629 0.007 0.012 -3544.142 -74942.612 -3522883.236 -864.421 -34400.813 -1005.782 -47.285 -46.812 -47.099 -37557.894 0.022 0.027 0.008 -477.187 0.007 0.013 -86.189 0.019 0.019 0.004 0.005 -2931.744 0.011 0.006 0.008 0.008 0.008 0.005 0.005 0.005 0.001 0.018 0.019 0.021 0.009 0.012 -9999.0 -9999.0 -9999.0 -9999.0 -9999.0 -9999.0
0.011 0.044 0.024 0.035 -282.117 0.015 -4532.427 0.013 0.013 0.021 0.005 0.004 0.007 0.006 0.002 0.004 -0.016 0.02 0.002 0.02 0.011 0.01 0.022 -6924.131 0.011 -15824.421 -14.655 -66105.571 -477.487 -15716.462 -635.517 -34384.836 -35946.787 -8420.116 -6.522 0.025 0.017 0.019 -8298.907 0.013 -405.604 0.019 0.012 -0.831 0.005 -11634.909 0.007 0.006 0.008 0.009 -141.745 0.007 0.007 0.004 -0.0 0.001 0.025 0.018 0.014 0.007 0.011 -9999.0 -9999.0 -9999.0 -9999.0 -9999.0
0.011 0.022 0.062 0.012 0.012 0.009 -1288290.939 0.014 0.015 0.004 0.003 -10030.818 0.002 0.008 0.001 0.002 -0.021 0.019 0.0 0.014 0.012 0.01 -3133.766 0.012 -12397.309 0.006 -1130.945 -256.228 -13826.881 -18992.733 -295958.862 0.02 -203.802 -158088.69 0.009 -337.511 0.01 0.019 -2749.912 -4942.853 0.016 0.017 0.013 0.012 0.005 -56284.603 0.014 0.015 -14337.314 -469.845 0.007 0.008 0.006 0.005 -0.001 -0.001 0.011 0.002 0.002 0.005 0.007 -9999.0 -9999.0 -9999.0 -9999.0 -9999.0
0.015 0.012 0.012 0.018 0.012 -456.045 0.014 -1284.551 -14103.01 -933.386 -13.497 0.006 0.002 0.008 0.006 0.005 -0.009 -0.001 0.005 0.016 0.008 -2746.364 0.005 0.011 -13902.132 -13.414 -0.009 -260.561 -19997.882 -266.828 -704.233 0.024 0.026 -567909.128 -302676.063 -10.213 -804.673 -184.211 0.009 0.01 0.006 0.018 0.02 0.012 0.003 -4315.62 0.01 -60.008 -147.012 0.005 0.008 0.006 0.006 0.022 0.0 0.011 0.013 0.001 -0.0 -522.001 0.01 0.014 -9999.0 -9999.0 -9999.0 -9999.0
0.008 0.007 0.062 0.047 0.006 -123.508 -1211.875 0.016 0.003 -87.315 0.007 0.0 -1.727 0.009 -65.048 0.02 0.008 0.016 0.007 0.012 -3425.085 -47.297 0.007 0.009 -868.106 0.042 0.037 0.009 -15850.653 0.023 -20320.509 0.022 0.016 0.013 0.015 -785778.925 0.012 0.013 -0.03 0.009 0.017 0.027 0.019 0.013 0.013 -308900.758 -1093.756 -14456.763 0.008 0.006 0.007 0.015 -379.259 0.01 0.006 -515.748 0.008 0.008 0.005 -304.197 0.006 -9999.0 -9999.0 -9999.0 -9999.0 -9999.0
0.009 0.008 0.016 0.032 0.016 0.009 -17.596 0.009 -16.238 0.008 -28858.307 -6.623 0.0 -1.88 -61.085 -1126.795 0.015 -45.923 0.008 0.006 0.017 0.008 0.004 0.012 -207.481 0.028 0.016 0.005 -4.845 0.011 -9064.256 0.02 0.013 0.016 0.012 -40558.194 -0.0 -0.022 -0.025 0.009 0.026 0.027 0.027 0.004 -980.312 0.008 0.011 0.009 -1055.538 -8668.999 -713.924 0.008 0.012 0.016 0.006 0.011 0.013 0.007 -481.284 0.012 0.008 -9999.0 -9999.0 -9999.0 -9999.0 -9999.0
0.008 0.006 0.012 0.008 0.005 0.013 0.008 -21.409 0.012 0.011 0.001 -266.88 -45306.541 -3488.943 -54524.561 -1760.388 -49.216 -46.86 0.007 0.01 0.014 0.0 0.003 -306.114 0.008 -0.011 0.03 0.06 0.006 -265.812 0.022 0.031 0.01 0.013 0.007 -78163.854 -155780.938 0.013 0.021 0.027 0.031 0.021 -43464.898 -2067.97 -638.642 0.017 0.015 0.019 0.007 -646.123 -855.582 -847.75 -2831.226 0.005 -2999.353 -473.157 -100.109 0.007 0.01 0.009 0.006 -9999.0 -9999.0 -9999.0 -9999.0 -9999.0
0.009 0.008 -103.349 -2836.18 -235.05 0.003 0.004 0.007 0.01 -5654.176 0.012 0.017 -3535.649 0.003 -1791.077 -382845.093 -47.404 0.02 0.006 -0.028 0.007 -0.003 -0.003 0.005 0.007 -0.0 0.034 0.006 0.008 -7623.95 0.009 0.015 0.014 0.022 -96660.847 0.008 0.021 -68055.344 0.039 0.036 0.029 0.104 -458.709 -901.091 0.003 0.018 0.014 0.012 -1356.063 0.006 0.011 0.011 0.006 -73.64 0.009 0.009 0.007 0.008 0.012 0.01 0.005 0.005 -9999.0 -9999.0 -9999.0 -9999.0
-233.854 -108.968 0.006 0.006 -740.446 0.01 0.013 0.007 0.011 -1776.333 0.012 0.012 -434.396 0.016 -2774.9 -1184.06 -4139.837 -53.686 0.011 0.008 -0.003 0.012 -0.0 0.013 0.028 0.014 0.007 0.022 -14253.51 0.013 0.073 0.003 -1277.258 -1839.466 0.007 0.013 0.019 -61903.386 0.021 0.058 0.07 0.014 -19335.418 0.002 0.004 0.018 0.015 0.016 -464.065 0.01 0.009 0.017 0.017 0.01 0.007 0.006 0.011 0.01 0.01 0.013 0.005 0.006 0.007 -9999.0 -9999.0 -0.026
0.016 0.007 0.007 0.01 -574.472 0.005 0.016 0.014 0.008 -59.307 0.013 0.013 0.008 0.015 0.01 -1914.047 0.012 -720.844 0.006 0.006 0.005 -0.044 -0.04 -0.038 0.035 0.014 0.028 -130.626 0.016 -0.009 0.016 0.022 0.014 0.007 0.006 -1003.957 0.027 0.021 -66389.962 0.014 0.029 0.038 -9859.803 -0.027 -0.0 0.013 0.012 -1153.888 0.012 0.003 0.012 0.014 0.006 0.006 0.011 0.012 0.01 0.006 0.006 0.014 0.005 0.006 0.008 -9999.0 -9999.0 0.016
0.009 0.006 0.008 0.006 0.002 0.006 0.008 -0.03 0.008 0.007 0.006 0.008 0.004 0.004 0.007 -639.978 0.007 -243.129 0.015 0.007 -0.012 0.016 0.042 0.033 0.104 -0.026 0.088 -0.009 -0.0 0.009 -0.033 0.006 0.01 0.01 0.01 0.005 -87512.576 -1132.961 -1574.687 -1747.356 -0.128 -1013.45 0.01 0.014 0.013 0.009 0.018 -107946.362 0.01 0.009 0.016 0.012 0.011 0.011 -1734.477 -1729.773 -7766.39 -1270.063 -396.356 -515.156 0.01 0.014 0.012 0.016 0.026 0.024
0.027 0.008 0.008 0.003 0.001 0.001 0.007 0.008 -0.04 0.006 -0.041 -0.032 0.006 0.006 0.006 0.006 0.006 0.005 0.007 0.008 0.027 0.035 -16914.475 -11058.913 -2289.358 0.014 0.006 0.015 0.01 0.011 0.009 0.013 0.021 0.013 -0.019 0.006 -4964.33 -59809.686 -204403.86 -244989.764 -0.005 -1804.967 0.011 0.018 0.022 0.011 0.011 -1466.959 0.002 0.016 0.016 0.014 0.008 -3198.395 0.01 0.004 0.009 0.006 0.006 0.008 0.01 0.011 0.023 0.012 0.013 -925.013
0.026 0.025 0.006 0.012 0.008 0.012 0.008 0.007 0.008 -0.06 0.007 0.005 -0.027 -0.036 0.007 0.007 0.008 0.007 -0.017 0.002 -0.019 0.015 0.011 0.021 0.012 -1935.096 -2391.166 -10667.559 -3303.484 0.015 0.025 0.012 0.011 0.01 0.009 0.01 -133.742 -0.001 -1933.162 -97.368 -3194.019 -1466.165 -0.002 0.014 0.017 -0.107 -433.413 0.012 0.01 0.001 -101.201 -21067.913 -63.258 0.012 0.01 0.011 0.009 0.006 0.011 0.008 0.006 0.013 0.009 0.01 0.016 -814.512
0.051 0.028 0.029 0.015 0.012 0.01 0.007 -319.915 0.007 0.007 0.007 0.006 0.008 0.006 -0.048 -0.037 0.006 -0.008 0.003 0.01 -0.005 0.027 0.038 0.035 0.014 0.011 0.012 0.015 0.03 -17498.07 -1186.658 0.025 0.009 0.01 0.011 0.011 -5.589 -273.747 -1930.163 -17.49 -201850.753 -41671.038 0.021 0.028 -0.014 -4398.291 -12889.019 -12953.838 -2616.722 -98174.036 0.003 -28782.163 -22057.69 0.001 0.011 0.01 0.014 0.011 0.005 0.006 0.005 0.006 -0.004 0.008 -120759.061 0.013
0.078 0.052 0.073 0.013 0.013 0.007 -4069.763 0.008 0.007 0.008 0.007 -8.66 0.008 0.008 0.008 0.008 -3.762 0.008 0.001 0.006 0.005 0.037 0.037 0.028 0.004 0.02 0.014 0.019 0.013 0.016 0.027 -5856.505 -5788.09 -188884.47 -1384.341 0.008 0.012 0.002 -162.717 0.015 -1190.626 -156.815 -0.039 -22.571 -12605.737 0.016 0.007 0.064 0.003 0.006 -3582.451 0.013 -15006.618 -635.628 -1142.514 -1128.482 0.013 0.008 0.006 -0.006 -0.023 0.006 -84.472 -146.828 -226807.238 0.008
0.052 0.055 0.06 -22503.332 0.02 0.03 -16510.253 0.005 0.008 -8.346 0.012 -3635.07 0.014 0.018 0.007 0.013 -2351.786 0.009 0.004 -0.005 0.005 0.027 0.023 0.017 -16107.587 0.03 -5096.52 0.021 0.01 0.009 0.012 0.015 0.029 0.007 -11200.141 -334397.296 0.024 0.009 0.01 0.006 -901420.425 0.004 0.039 -15527.16 0.011 -0.001 0.007 0.012 0.001 0.004 -76.493 0.015 0.006 -4137.87 0.023 0.009 0.006 0.005 0.013 -0.084 -0.036 -0.011 0.081 -0.009 -42441.34 0.004
-91.622 0.028 -2470.793 0.026 -99.655 -175.021 -541.219 -279.344 -283.909 -6127.168 -330.946 -1211.533 0.016 -726.38 -8.061 0.02 -6808.989 0.008 -0.027 -1877.6 0.006 0.018 0.007 -1749.436 0.013 -5772.743 0.007 -1518.845 -35447.242 0.011 0.008 0.008 0.019 0.007 0.007 0.024 -112110.258 0.026 0.008 -61864.798 0.046 -153382.963 -32938.196 0.017 0.028 0.032 0.033 0.005 0.02 0.002 0.008 0.008 0.002 0.003 0.006 0.006 0.014 0.011 0.01 0.006 0.015 0.012 0.025 -0.003 -11.878 -225617.045
-4429.531 -29527.962 -2420.853 -165.322 -729.957 0.021 -27593.226 -315.687 -263.699 -5383.502 -155.069 -154.499 -220.835 -418681.301 -3011.379 0.011 -16497.012 0.019 -877.57 -723.644 -0.017 0.005 0.011 0.006 0.013 0.008 0.01 0.011 0.013 -38569.289 0.009 0.007 0.006 0.008 0.007 0.01 -194.94 -0.004 -1069.753 -54231.875 0.011 0.023 -19862.211 0.032 0.026 0.028 0.03 0.035 0.009 0.042 0.032 0.018 0.009 0.031 0.006 0.011 0.011 0.012 -2642.153 0.011 0.013 0.019 0.015 0.081 0.036 -18374.265
-629340.488 -2418.815 -2415.016 -529.961 -2080.2 -4151.653 -48120.154 -317.989 -12.677 0.017 -137.754 0.007 -561.771 0.021 0.009 -753.659 0.014 -12882.713 -26740.718 -3269.229 -1724.554 -0.0 0.005 0.006 -0.031 -0.018 0.009 0.01 0.013 0.013 -354582.989 -108262.451 0.015 0.099 -0.008 0.008 -2163.995 0.074 -226.076 0.024 0.005 0.055 -8352.67 -24016.603 -12419.603 -1105.164 0.026 0.032 0.013 0.032 0.037 0.029 0.03 0.032 -38.29 -38.796 -533.315 0.013 -5035.416 -11.43 -43.099 -78371.639 0.005 0.004 -14.988 -286266.903
0.021 -23.088 -2272.27 -2272.395 -2627817.973 -1709347.929 -374.141 -122.262 -14686.983 -263.831 -138.93 -428.65 0.017 0.018 0.022 0.009 0.009 0.008 0.005 0.008 0.01 -231.455 0.007 -0.009 -0.054 0.007 -0.037 -0.038 0.015 0.013 -0.029 -0.007 -13819.981 -4999.18 -0.011 -0.006 -2334.267 0.005 -0.005 -104.334 -105.281 -103.446 -0.019 -0.026 -0.002 0.026 0.027 0.029 0.035 0.031 0.022 0.003 0.028 0.022 0.008 0.006 -561.356 -528.322 -969646.197 -20857.012 -56355.226 0.017 0.018 -169.97 -88038.796 0.007
-3645.869 -18.532 -2272.01 -109.033 -9149851.73 -2390.634 -1276976.342 -800.608 -322.193 0.005 -2590.362 0.013 0.009 -949.72 0.021 0.009 0.01 0.011 0.005 0.005 0.014 0.0 0.016 -0.003 -0.018 0.006 0.006 0.003 -0.029 -0.028 0.008 -0.004 -0.008 0.033 -72947.797 0.012 0.03 -12610.82 -104.27 0.013 -11449.981 -106.609 -0.004 0.027 -0.001 -0.021 0.025 0.022 0.016 0.028 0.021 -47178.498 0.094 0.045 0.003 0.004 -1743569.098 -127045.722 -977364.379 -4992.092 -39.579 -0.001 0.003 -576770.021 -320944.571 -15.063
-8874.845 -36.468 -961.35 -1082378.566 0.011 -118419.558 0.023 -42.373 -37793.184 -1707.358 0.022 0.018 -13421.038 0.021 0.009 0.007 0.028 0.008 0.009 -0.015 0.009 0.005 0.005 0.004 0.006 0.006 0.007 -1803.645 -0.008 0.007 -0.003 -0.006 0.002 -0.009 0.02 -7777.239 -313186.728 0.062 0.016 -14.795 -111404.972 -5260.318 -8665.741 -0.001 0.025 -0.0 0.019 0.012 0.015 0.012 -13406.261 -1113.302 -1361.446 0.028 -1097.422 -76235.436 -0.002 -6251.651 -70403.114 -5880.306 -48.002 -3181.52 -165406.02 -86.302 -5.726 -30562.875
