static/jobfarm/user_models/minyf/common/HOME-GBHM/输出文件/Output/Grids/runoff20020222.asc
ncols 221
nrows 204
xllcorner -627000.0
yllcorner 3955000.0
cellsize 900.0
NODATA_value -9999.0
[rows 31 to 61 of 204, columns 0 to 70 of 221]
-9999.0 -9999.0 -9999.0 -9999.0 -9999.0 -9999.0 -9999.0 -9999.0 -9999.0 -9999.0 -9999.0 -9999.0 -9999.0 -9999.0 -9999.0 -9999.0 -9999.0 -9999.0 -9999.0 -9999.0 -9999.0 -9999.0 -9999.0 -9999.0 -9999.0 -9999.0 -9999.0 -9999.0 -9999.0 -9999.0 -9999.0 -9999.0 -9999.0 -9999.0 -0.344 -0.028 -0.056 0.009 0.08 0.055 0.051 0.051 -16.845 0.083 -1.468 -1.312 -0.606 -0.378 -0.66 0.526 1.37 4.187 -0.126 -0.483 -0.111 0.001 0.079 0.03 0.048 0.186 0.069 0.089 0.043 0.044 0.084 -1.999 -1.047 0.036 0.017 -0.34 -5.616
-9999.0 -9999.0 -9999.0 -9999.0 -9999.0 -9999.0 -9999.0 -9999.0 -9999.0 -9999.0 -9999.0 -9999.0 -9999.0 -9999.0 -9999.0 -9999.0 -9999.0 -9999.0 -9999.0 -9999.0 -9999.0 -9999.0 -9999.0 -9999.0 -9999.0 -9999.0 -9999.0 -9999.0 -9999.0 -9999.0 -9999.0 -9999.0 -9999.0 -9999.0 -0.306 -0.369 0.019 0.039 0.021 0.008 0.004 0.034 0.007 -4.93 -1.171 -0.743 -0.354 -0.153 -3.769 -0.802 0.835 2.873 0.517 0.674 0.307 -0.091 0.093 0.051 0.138 0.094 18.824 0.165 0.082 0.067 0.065 -0.094 0.035 0.075 0.095 0.101 -4.823
-9999.0 -9999.0 -9999.0 -9999.0 -9999.0 -9999.0 -9999.0 -9999.0 -9999.0 -9999.0 -9999.0 -9999.0 -9999.0 -9999.0 -9999.0 -9999.0 -9999.0 -9999.0 -9999.0 -9999.0 -9999.0 -9999.0 -9999.0 -9999.0 -9999.0 -9999.0 -9999.0 -9999.0 -9999.0 -9999.0 -9999.0 -9999.0 -9999.0 -9999.0 -0.093 -0.07 -0.115 -0.167 -0.17 -0.028 -0.076 0.045 -2.324 -0.514 -1.0 -1.048 -5.776 -8.01 -0.345 -7.065 0.029 0.727 2.864 1.398 0.285 -2.322 0.089 0.019 -3.009 1.594 18.892 1.859 0.151 0.08 0.045 0.022 -0.021 0.064 0.016 -0.045 0.06
-9999.0 -9999.0 -9999.0 -9999.0 -9999.0 -9999.0 -9999.0 -9999.0 -9999.0 -9999.0 -9999.0 -9999.0 -9999.0 -9999.0 -9999.0 -9999.0 -9999.0 -9999.0 -9999.0 -9999.0 -9999.0 -9999.0 -9999.0 -9999.0 -9999.0 -9999.0 -9999.0 -9999.0 -9999.0 -9999.0 -9999.0 -9999.0 -9999.0 -0.449 -0.415 -0.1 -0.208 -0.179 -0.165 -0.136 -0.046 -2.02 -1.423 -0.572 -1.044 -1.015 -15.759 -0.678 -1.003 -0.317 -6.087 0.476 0.727 0.112 2.066 0.127 0.184 0.044 0.048 1.648 18.968 0.544 2.153 2.093 1.816 1.854 0.844 0.184 0.08 0.084 0.07
-9999.0 -9999.0 -9999.0 -9999.0 -9999.0 -9999.0 -9999.0 -9999.0 -9999.0 -9999.0 -9999.0 -9999.0 -9999.0 -9999.0 -9999.0 -9999.0 -9999.0 -9999.0 -9999.0 -9999.0 -9999.0 -9999.0 -9999.0 -9999.0 -9999.0 -9999.0 -9999.0 -9999.0 -9999.0 -9999.0 -9999.0 -9999.0 -9999.0 -0.437 -0.389 -0.104 -0.189 -14.667 -0.373 -5.448 -1.372 0.008 -0.525 -0.462 -0.917 -19.177 -4.969 -1.174 -0.829 -0.234 -1.143 -1.044 -0.789 -4.485 -0.993 -2.128 0.146 0.172 0.085 -0.016 2.181 17.89 12.074 2.094 2.123 1.79 0.808 0.162 0.116 0.239 0.064
-9999.0 -9999.0 -9999.0 -9999.0 -9999.0 -9999.0 -9999.0 -9999.0 -9999.0 -9999.0 -9999.0 -9999.0 -9999.0 -9999.0 -9999.0 -9999.0 -9999.0 -9999.0 -9999.0 -9999.0 -9999.0 -9999.0 -9999.0 -9999.0 -9999.0 -9999.0 -9999.0 -9999.0 -9999.0 -9999.0 -9999.0 -9999.0 -9999.0 -9999.0 -0.452 -0.119 -21.937 -22.385 1.049 1.04 -0.041 -0.401 -0.04 -0.487 -8.279 -0.548 -1.019 -0.955 -0.453 -2.609 -2.694 -0.372 0.105 -8.458 0.133 0.197 -4.047 -0.729 1.105 1.034 5.791 19.173 18.901 19.082 18.957 18.952 19.092 1.202 1.833 0.939 0.042
-9999.0 -9999.0 -9999.0 -9999.0 -9999.0 -9999.0 -9999.0 -9999.0 -9999.0 -9999.0 -9999.0 -9999.0 -9999.0 -9999.0 -9999.0 -9999.0 -9999.0 -9999.0 -9999.0 -9999.0 -9999.0 -9999.0 -9999.0 -9999.0 -9999.0 -9999.0 -9999.0 -9999.0 -9999.0 -9999.0 -9999.0 -9999.0 -9999.0 -9999.0 -9999.0 -0.175 -0.924 -0.801 1.032 -0.508 -2.01 -0.475 -13.09 -4.235 -0.605 -0.7 -3.553 -2.674 -2.432 -2.283 -0.352 -0.192 -10.557 -0.322 -0.739 0.035 0.233 8.087 8.752 0.381 12.824 19.101 4.598 5.727 3.238 2.754 2.991 0.389 0.327 0.559 1.035
-9999.0 -9999.0 -9999.0 -9999.0 -9999.0 -9999.0 -9999.0 -9999.0 -9999.0 -9999.0 -9999.0 -9999.0 -9999.0 -9999.0 -9999.0 -9999.0 -9999.0 -9999.0 -9999.0 -9999.0 -9999.0 -9999.0 -9999.0 -9999.0 -9999.0 -9999.0 -9999.0 -9999.0 -9999.0 -9999.0 -9999.0 -9999.0 -9999.0 -9999.0 -9999.0 -0.667 -3.078 0.15 0.147 -0.844 -0.426 -0.383 -1.337 -4.174 -0.553 -3.696 -3.905 -0.491 -0.348 -0.616 -3.268 -10.324 -5.085 -0.414 -0.838 -0.708 -0.692 1.08 1.095 -3.921 18.978 18.892 5.871 5.728 2.817 -0.586 -0.26 0.234 0.084 0.104 0.051
-9999.0 -9999.0 -9999.0 -9999.0 -9999.0 -9999.0 -9999.0 -9999.0 -9999.0 -9999.0 -9999.0 -9999.0 -9999.0 -9999.0 -9999.0 -9999.0 -9999.0 -9999.0 -9999.0 -9999.0 -9999.0 -9999.0 -9999.0 -9999.0 -9999.0 -9999.0 -9999.0 -9999.0 -9999.0 -9999.0 -9999.0 -9999.0 -9999.0 -9999.0 -9999.0 -0.49 -2.669 -0.808 -0.906 -2.608 -3.079 -2.522 -3.801 -3.929 -4.186 -0.507 -0.432 -0.452 -0.099 -15.872 -0.69 -0.959 -0.409 -0.445 -0.675 -0.008 -1.081 -0.65 0.307 -5.058 0.167 12.514 5.665 -1.21 -0.962 -0.682 -0.389 -0.572 0.133 0.028 -0.01
-9999.0 -9999.0 -9999.0 -9999.0 -9999.0 -9999.0 -9999.0 -9999.0 -9999.0 -9999.0 -9999.0 -9999.0 -9999.0 -9999.0 -9999.0 -9999.0 -9999.0 -9999.0 -9999.0 -9999.0 -9999.0 -9999.0 -9999.0 -9999.0 -9999.0 -9999.0 -9999.0 -9999.0 -9999.0 -9999.0 -9999.0 -9999.0 -9999.0 -9999.0 -0.412 -0.43 -2.247 -2.414 -2.445 -2.836 -2.536 -2.501 -22.335 -21.235 -9.398 -0.724 -3.882 -0.394 -0.004 0.019 -6.496 -0.401 -0.203 -0.355 -1.046 -2.56 -7.333 -0.639 0.394 0.516 0.236 -0.23 -0.793 -0.701 -3.384 -0.175 -0.65 -0.469 0.068 -0.17 -0.292
-9999.0 -9999.0 -9999.0 -9999.0 -9999.0 -9999.0 -9999.0 -9999.0 -9999.0 -9999.0 -9999.0 -9999.0 -9999.0 -9999.0 -9999.0 -9999.0 -9999.0 -9999.0 -9999.0 -9999.0 -9999.0 -9999.0 -9999.0 -9999.0 -9999.0 -9999.0 -9999.0 -9999.0 -9999.0 -9999.0 -9999.0 -9999.0 -9999.0 -9999.0 -9999.0 -3.704 -30.547 -28.267 -17.402 -2.023 -1.813 -2.069 -3.51 -2.734 -13.992 -5.276 -4.788 -0.503 -1.972 -5.538 -8.522 -0.132 -0.382 -0.566 -1.055 -11.931 -14.295 0.009 0.379 0.558 0.238 -0.109 -0.117 -0.356 -8.745 -9.255 0.068 -0.309 -0.363 -0.257 -0.378
-9999.0 -9999.0 -9999.0 -9999.0 -9999.0 -9999.0 -9999.0 -9999.0 -9999.0 -9999.0 -9999.0 -9999.0 -9999.0 -9999.0 -9999.0 -9999.0 -9999.0 -9999.0 -9999.0 -9999.0 -9999.0 -9999.0 -9999.0 -9999.0 -9999.0 -9999.0 -9999.0 -9999.0 -9999.0 -9999.0 -9999.0 -9999.0 -9999.0 -9999.0 -9999.0 -0.05 -10.636 -4.229 -18.513 -15.602 -18.73 -15.379 -13.785 -0.696 -5.934 -7.983 -9.054 -15.303 -0.921 -0.308 -7.177 -0.906 -0.021 -0.415 -2.335 -2.555 -17.748 -0.908 0.632 0.364 0.247 0.315 0.143 -11.496 -4.152 -0.265 0.212 -0.263 0.056 -0.244 0.001
-9999.0 -9999.0 -9999.0 -9999.0 -9999.0 -9999.0 -9999.0 -9999.0 -9999.0 -9999.0 -9999.0 -9999.0 -9999.0 -9999.0 -9999.0 -9999.0 -9999.0 -9999.0 -9999.0 -9999.0 -9999.0 -3.502 -9999.0 -9999.0 -9999.0 -9999.0 -9999.0 -9999.0 -9999.0 -9999.0 -9999.0 -9999.0 -9999.0 -9999.0 -0.005 -0.021 -1.548 -1.363 -1.341 -1.21 -1.228 -16.763 -2.383 -17.77 0.029 0.025 -0.018 0.075 -0.263 -0.364 -2.547 -2.473 -1.634 -19.807 -0.599 -0.569 -3.862 -0.145 0.386 0.562 0.518 0.299 -0.299 -0.397 -0.713 -0.73 0.311 0.02 -0.328 -0.225 -0.133
-9999.0 -9999.0 -9999.0 -9999.0 -9999.0 -9999.0 -9999.0 -9999.0 -9999.0 -9999.0 -9999.0 -9999.0 -9999.0 -9999.0 -9999.0 -9999.0 -2.223 -1.986 -3.164 -3.417 -3.427 -3.521 -3.298 -1.274 -0.029 0.041 0.104 -9999.0 -9999.0 -9999.0 -9999.0 -9999.0 -9999.0 -9999.0 -0.016 0.005 0.044 -1.457 -1.583 -1.499 -1.133 -1.083 -1.845 -1.79 -2.212 -0.001 -0.104 0.194 -0.264 -0.394 -0.904 -17.848 -9.956 -3.106 -3.969 -12.248 -0.418 0.297 -0.084 2.843 -3.067 -1.564 0.098 -0.23 -0.669 -0.214 0.487 -0.452 -0.161 -0.286 -0.233
-9999.0 -9999.0 -9999.0 -9999.0 -9999.0 -9999.0 -9999.0 -9999.0 -9999.0 -9999.0 -9999.0 -9999.0 -9999.0 -9999.0 -2.789 0.552 -0.648 -2.739 -1.636 -2.865 -4.707 -1.773 -1.706 -1.133 0.094 0.079 0.094 0.044 -9999.0 -9999.0 -9999.0 -9999.0 0.01 0.01 0.015 0.016 0.304 0.12 -1.902 0.098 0.171 -1.598 -2.269 -2.316 -0.064 0.025 0.059 -4.882 -4.278 -8.485 -10.401 -0.69 -1.067 -0.998 -3.955 -5.804 0.293 0.216 -0.194 1.383 0.398 0.342 -0.397 -0.67 -6.069 0.021 0.57 0.087 -2.866 -8.474 -5.042
-9999.0 -9999.0 -9999.0 -9999.0 -9999.0 -9999.0 -9999.0 -9999.0 -9999.0 -9999.0 -9999.0 -9999.0 -9999.0 -9999.0 -1.289 0.059 -0.191 -0.183 -15.652 -18.792 -18.758 -1.221 -1.251 -1.026 -7.427 -0.127 -0.152 0.06 0.111 0.108 0.045 0.071 0.055 0.015 0.021 0.021 0.213 0.212 0.155 0.296 0.264 0.19 0.16 0.185 0.179 -0.062 -0.165 0.069 -0.231 -0.398 -0.955 -0.987 -0.335 -2.027 -2.26 -3.257 -0.228 -0.065 0.129 4.72 1.332 0.693 0.582 0.014 0.103 -7.256 -4.028 -2.524 0.182 0.26 -7.624
-9999.0 -9999.0 -9999.0 -9999.0 -9999.0 -9999.0 -9999.0 -9999.0 -9999.0 -9999.0 -9999.0 -9999.0 -5.547 -5.192 -1.107 -0.267 -18.916 -16.328 0.716 0.388 -0.56 -18.061 -13.402 -17.651 -0.037 0.042 0.084 0.094 0.106 0.29 0.026 0.02 0.071 1.273 0.033 0.015 0.232 1.091 0.161 0.266 0.267 0.085 0.306 0.224 0.261 0.185 0.289 0.283 0.061 -0.296 -0.857 -1.051 -0.587 -4.517 -1.68 -7.455 -2.395 -2.839 6.507 2.008 1.083 1.508 1.612 0.68 0.307 -0.302 0.449 0.286 0.096 0.2 -6.629
-9999.0 -9999.0 -9999.0 -9999.0 -9999.0 -9999.0 -9999.0 -9999.0 -9999.0 -9999.0 -9999.0 -9999.0 -9999.0 0.201 -0.018 0.118 0.148 0.058 -0.659 0.046 -2.911 -0.223 -2.512 -0.103 -0.891 0.074 0.028 0.012 0.184 0.199 0.298 0.233 0.687 0.16 0.307 0.165 0.553 1.02 0.912 -0.093 0.473 -2.87 0.001 0.038 -0.032 0.329 0.322 -1.203 -0.084 -0.296 -0.086 0.174 0.132 0.127 -1.006 -10.051 -0.025 0.821 0.614 -8.961 -8.381 -7.632 1.595 1.341 0.486 0.225 0.025 0.021 0.025 0.018 0.011
-9999.0 -9999.0 -9999.0 -9999.0 -9999.0 -9999.0 -9999.0 -9999.0 -9999.0 -9999.0 -9999.0 -9999.0 -9999.0 0.054 0.048 0.035 0.028 0.097 -0.109 -0.095 -1.791 -2.507 -0.185 -0.242 0.298 0.609 -7.06 -0.376 -0.134 -3.006 0.556 0.635 0.717 1.946 0.779 0.2 0.867 1.381 0.411 0.045 0.474 -2.483 0.274 0.147 0.774 0.368 -0.039 -0.578 -4.23 0.123 0.313 0.421 0.35 1.469 1.102 -0.03 -0.309 2.891 2.292 -8.747 -9.377 -0.943 -0.498 -0.17 1.087 0.345 0.046 0.027 0.023 0.017 0.017
-9999.0 -9999.0 -9999.0 -9999.0 -9999.0 -9999.0 -9999.0 -9999.0 -9999.0 -9999.0 -9999.0 -9999.0 -9999.0 0.02 0.183 0.195 0.295 -0.572 0.123 0.058 -6.801 -3.223 -4.445 -0.135 0.167 0.262 0.35 -1.315 -10.02 -5.388 0.398 0.586 0.8 2.013 0.815 0.556 0.924 1.014 -1.872 0.396 0.645 -1.501 0.343 0.789 0.334 0.222 -4.98 -0.782 -11.65 0.057 0.08 0.299 0.17 0.819 1.093 0.403 0.046 7.275 8.617 -3.457 -1.594 -8.444 0.197 0.222 1.318 -0.071 0.041 0.047 0.022 0.047 0.025
-9999.0 -9999.0 -9999.0 -9999.0 -9999.0 -9999.0 -9999.0 -9999.0 -9999.0 -9999.0 -9999.0 -9999.0 -9999.0 0.021 0.206 1.12 0.412 -7.208 -21.2 -3.303 -0.619 -0.951 -0.882 -0.206 0.296 -0.477 -0.082 -0.048 0.376 -1.261 -2.073 -0.272 -0.675 0.422 0.661 0.658 0.46 0.579 -0.647 0.262 0.242 -11.746 0.34 -3.457 0.111 0.378 0.248 -0.045 -0.302 -6.592 -6.059 -0.577 1.254 1.101 1.148 1.201 2.005 2.043 3.707 -1.8 -0.101 19.577 0.356 0.129 0.23 0.651 0.105 0.045 0.048 0.06 0.034
-9999.0 -9999.0 -9999.0 -9999.0 -9999.0 -9999.0 -9999.0 -9999.0 -9999.0 -9999.0 -9999.0 -9999.0 0.027 0.017 0.187 0.217 0.189 0.187 -0.201 -0.156 -0.028 -0.028 -9.261 0.027 0.07 0.063 -0.015 -5.346 -2.067 -2.646 0.39 0.552 -0.053 -0.739 0.188 0.111 -3.047 0.05 -2.116 -7.64 -1.953 -0.73 0.089 -0.842 -6.3 -0.213 -0.801 2.804 -0.058 0.022 0.054 0.027 0.029 0.158 0.327 0.767 2.386 2.447 2.2 5.016 0.062 19.738 4.396 2.839 0.333 0.056 0.202 0.11 0.173 0.033 0.033
-9999.0 -9999.0 -9999.0 -9999.0 -9999.0 -9999.0 -9999.0 -9999.0 -9999.0 -0.019 -0.18 -0.5 0.02 0.025 0.036 0.032 0.131 0.172 1.017 -0.21 -0.217 -3.047 -1.704 0.02 0.068 0.035 -0.096 0.021 -0.064 -0.042 0.572 -0.077 0.176 0.244 0.333 -2.003 -9.517 0.025 -5.007 -2.296 -24.216 -1.094 -0.196 -7.83 -2.821 -1.352 18.685 18.688 18.832 0.067 0.069 0.306 0.257 -3.865 -21.533 0.758 -3.7 -4.695 -21.073 9.529 2.955 -1.894 -0.826 2.413 2.459 6.074 0.079 0.1 0.112 -1.903 0.061
-9999.0 -9999.0 -9999.0 -9999.0 -9999.0 -9999.0 -9999.0 -9999.0 -9999.0 -0.022 0.005 -4.888 -0.117 0.15 -0.009 -1.018 0.142 0.178 1.283 -9.432 -10.314 -9.516 0.144 0.23 0.039 0.055 0.021 0.014 0.059 0.096 -2.535 0.25 0.065 0.039 0.046 0.063 0.816 -1.231 -21.615 -24.126 -7.796 -0.953 -0.063 -0.273 -7.701 -1.815 -1.345 11.47 0.485 18.723 18.803 -2.663 -4.511 0.915 0.549 0.689 10.753 11.156 -5.437 3.331 -0.305 -1.172 -4.41 -0.805 -4.359 -0.539 6.128 0.1 -0.617 -0.594 -4.372
-9999.0 -9999.0 -9999.0 -9999.0 -9999.0 -9999.0 -9999.0 -9999.0 -9999.0 0.02 0.184 0.068 -3.929 -0.33 0.649 -1.47 -0.535 4.117 -2.157 0.088 -1.343 -4.329 0.375 0.318 -0.087 0.048 -3.104 -3.365 -2.556 -8.003 -2.951 0.097 0.092 0.041 0.134 0.579 -1.04 -1.649 -17.001 -3.394 -2.464 -1.034 -0.513 -7.083 -1.34 -0.168 -0.262 5.323 -1.699 -4.742 -25.066 2.556 1.786 0.905 10.571 10.645 10.389 -5.657 -5.357 0.304 -0.402 -1.192 -4.502 -4.229 -3.49 -0.85 -0.93 -2.131 -1.121 -1.782 -9.912
-9999.0 -9999.0 -9999.0 -9999.0 -9999.0 -9999.0 -9999.0 -9999.0 -9999.0 0.188 0.228 0.239 -17.461 -0.556 0.444 -0.864 -0.082 1.338 0.76 0.771 0.488 -6.505 0.372 0.182 -0.217 0.139 0.091 0.069 0.103 -3.008 -1.093 0.065 0.125 0.072 0.126 0.148 0.416 -5.908 -1.383 -2.357 -10.476 -0.104 0.005 0.123 -1.688 -1.709 -0.239 -7.73 -14.388 -19.28 -3.215 0.839 4.86 18.724 9.946 9.88 9.934 10.003 -17.686 -0.353 -0.725 -2.701 0.237 -4.882 -3.225 -1.771 -3.829 -1.977 -1.191 -2.567 -14.552
-9999.0 -9999.0 -9999.0 -9999.0 -9999.0 -9999.0 -9999.0 -9999.0 -9999.0 0.021 0.027 -0.194 -4.178 -15.946 -3.133 -1.027 -0.199 -0.547 0.153 -0.109 1.245 -1.057 1.48 0.372 -0.215 0.106 0.109 0.077 0.085 -0.013 -1.773 0.058 0.074 0.091 0.11 0.131 0.114 0.452 0.235 -0.814 -5.278 -2.364 -3.15 -0.005 0.035 -1.754 -24.316 -1.263 -2.007 -8.535 -27.853 -22.114 1.029 18.721 18.832 18.808 18.862 -4.018 -16.047 -0.793 -1.802 2.448 5.641 0.672 1.083 6.289 -0.029 -2.163 0.06 0.061 -17.787
-9999.0 -9999.0 -9999.0 -9999.0 -9999.0 -9999.0 -9999.0 -9999.0 -0.025 0.015 0.021 0.218 -15.918 -0.58 -0.823 -18.9 -14.715 -23.562 -21.651 -6.516 -3.865 -6.73 0.762 0.033 0.091 0.057 -0.39 0.109 0.147 0.156 0.093 0.067 0.09 0.116 0.143 0.118 0.249 0.492 0.404 0.417 -0.599 -0.873 -2.945 0.019 0.037 -22.16 -21.716 -10.526 -28.294 -0.227 -6.364 -4.622 0.868 0.875 10.189 16.594 -0.079 -22.64 -6.762 5.995 0.912 0.894 0.148 5.242 4.816 1.43 0.681 0.066 0.059 0.064 -2.602
-9999.0 -9999.0 -9999.0 -9999.0 -9999.0 -9999.0 -9999.0 -9999.0 -0.303 -0.065 -0.09 0.008 -1.852 0.228 -0.041 -1.851 -1.548 -0.594 -15.797 -14.799 -0.793 -0.05 -0.264 -0.211 0.088 -0.286 0.012 -0.084 -0.313 -0.206 0.171 0.074 0.183 0.159 0.158 0.015 -1.922 -2.021 -2.015 0.464 0.301 0.208 -2.752 -4.835 -21.959 -20.902 -12.252 -4.279 -12.637 -8.067 -7.75 -3.572 -3.65 1.006 10.214 0.061 -0.3 -11.902 -1.626 1.995 7.055 18.686 18.688 18.798 18.817 0.869 0.931 0.046 0.072 -1.217 0.066
-9999.0 -9999.0 -9999.0 -9999.0 -9999.0 -9999.0 -9999.0 -9999.0 -7.414 -7.605 -1.846 -1.755 0.03 0.018 0.208 0.065 -0.146 0.099 -4.062 -0.764 -22.379 -23.718 -13.302 -0.839 -0.044 -0.734 -0.239 -0.126 -0.101 -0.044 -2.232 -0.429 0.09 -0.061 0.247 0.224 0.012 -0.024 -0.074 0.029 -0.046 -16.757 -15.495 -9.02 -8.631 -6.288 -15.009 -1.159 -6.326 -8.601 -9.115 -0.962 -0.578 -0.817 -0.556 -0.301 0.029 -0.858 -3.222 6.893 7.578 18.901 18.688 18.725 2.12 18.731 0.017 -0.371 0.029 0.042 0.134
-9999.0 -9999.0 -9999.0 -9999.0 -9999.0 -9999.0 -9999.0 -9999.0 -9999.0 -0.831 -12.8 -0.124 0.055 0.023 0.198 0.15 -0.171 -0.519 -17.013 -21.787 -1.399 -2.76 -2.427 -3.65 0.041 -0.426 -0.355 -0.23 -0.116 -0.11 -0.441 -0.226 0.12 -2.788 0.128 0.475 0.094 0.058 0.2 -2.917 -3.396 0.064 -0.185 -2.178 -8.21 -0.401 -11.177 -1.495 -2.72 -1.365 -0.519 -6.644 -8.645 -10.966 -22.402 -1.808 -6.105 -13.004 -4.724 1.272 4.617 -23.12 -9.354 -13.581 9.575 0.016 -0.233 -0.249 -0.092 -0.038 0.434
