static/jobfarm/user_models/minyf/common/HOME-GBHM/输出文件/Output/Grids/runoff20020224.asc
ncols 221
nrows 204
xllcorner -627000.0
yllcorner 3955000.0
cellsize 900.0
NODATA_value -9999.0
[rows 128 to 159 of 204, columns 72 to 143 of 221]
-0.139 0.327 0.048 0.553 0.352 0.213 1.215 0.657 0.202 0.422 0.191 0.197 0.202 0.263 0.278 0.608 0.3 0.524 0.47 0.36 0.253 0.101 0.224 0.551 1.5 0.764 0.702 0.795 0.127 0.535 0.258 0.807 0.585 0.917 0.983 1.897 0.562 1.545 0.406 0.5 0.519 0.249 -1.221 -1.158 -0.908 -0.989 -1.263 -0.653 0.073 0.156 0.139 0.077 0.089 0.089 -0.069 0.099 0.108 0.118 0.097 1.708 5.577 0.222 0.452 0.888 -0.9 -0.438 0.025 -0.055 0.026 0.026 -0.048 0.025
0.42 0.393 0.6 0.031 0.04 -0.007 1.621 0.758 0.648 0.601 0.779 0.583 0.445 0.382 0.256 0.702 0.678 0.326 0.649 1.3 0.127 0.447 0.13 -0.069 0.761 0.731 0.346 0.841 0.324 0.471 0.964 0.043 0.198 0.335 0.945 1.358 0.648 2.296 0.468 0.483 0.464 0.288 0.022 0.027 -1.151 -1.047 -1.244 0.147 0.072 0.09 0.522 0.095 0.075 0.09 -0.104 0.142 0.179 0.116 0.07 0.351 0.946 0.016 0.027 0.022 0.055 -0.22 0.025 -0.196 0.027 0.022 -0.004 0.02
0.055 0.421 0.754 0.975 -0.006 0.995 1.356 1.763 2.036 1.982 1.843 0.982 0.166 1.315 0.691 0.599 0.26 0.357 0.519 0.648 1.273 0.472 0.049 0.1 0.115 0.184 0.364 0.41 0.636 0.091 0.491 0.187 0.147 0.159 0.357 0.46 0.539 1.691 0.574 0.306 0.893 0.192 0.284 0.081 -1.146 0.192 0.075 0.111 0.115 0.068 0.203 0.09 0.085 0.113 0.213 0.081 0.345 0.09 0.085 0.264 0.543 -0.683 0.026 0.772 1.127 0.024 0.026 0.015 -0.759 0.024 0.014 0.026
-0.043 0.035 0.415 0.924 -0.249 0.043 2.76 1.327 1.807 1.624 1.355 1.657 3.397 1.689 1.066 1.183 0.625 0.72 0.684 0.445 1.105 0.449 0.405 0.14 0.237 0.159 0.212 0.176 0.619 0.218 0.297 0.095 0.105 0.098 0.118 0.407 0.053 0.606 0.31 1.92 0.459 0.155 0.225 0.058 0.081 0.08 0.195 -1.192 -1.187 0.135 -0.276 0.126 0.169 0.026 0.083 0.3 0.358 0.099 0.099 0.34 -0.173 -0.231 -0.366 2.007 0.354 0.524 -0.113 0.026 0.015 0.026 0.026 0.024
-0.408 1.606 1.888 1.668 4.559 2.168 1.743 1.21 0.513 -0.084 0.712 0.991 2.366 0.658 4.227 1.268 0.923 0.452 0.177 2.209 0.51 0.413 0.393 0.143 0.204 0.762 0.368 0.703 0.125 0.101 0.108 0.12 0.083 -0.076 0.093 0.235 0.139 0.091 0.967 1.247 0.995 0.36 0.195 0.105 0.015 0.092 -1.13 -1.12 -1.245 0.06 0.064 0.102 0.172 0.142 0.059 0.454 -0.37 0.076 0.079 0.309 0.024 0.026 1.039 1.261 0.796 1.346 -0.231 0.015 -1.291 0.051 0.022 0.324
0.029 0.728 0.997 1.607 1.397 5.315 -0.013 1.374 1.814 0.53 0.965 0.779 1.459 1.261 5.285 0.706 0.914 0.691 3.01 0.672 0.532 0.52 0.492 0.409 0.338 0.265 0.516 0.298 0.12 0.119 0.097 0.055 0.02 0.06 0.075 0.09 0.167 0.218 0.317 0.554 0.545 0.363 -0.036 0.186 0.015 0.113 -1.196 -1.126 -1.209 0.101 0.082 0.098 0.121 0.115 0.184 0.12 -0.218 0.067 0.097 0.07 0.141 0.024 0.357 0.961 0.907 2.567 -0.256 -0.063 0.089 0.049 0.022 0.306
-9999.0 0.465 0.769 1.043 0.812 4.775 0.677 -0.087 0.932 0.757 0.673 0.816 0.616 1.644 3.421 0.614 0.693 1.131 7.528 0.742 0.756 0.995 0.909 0.96 0.62 0.465 0.88 0.331 0.265 0.169 0.209 0.092 0.141 0.057 0.095 0.179 0.165 0.296 0.065 0.413 0.287 0.147 0.264 0.144 0.128 0.023 0.126 -1.775 -0.75 -1.22 -0.03 0.117 0.124 0.113 0.156 0.39 -0.219 0.08 0.126 -0.407 0.084 0.112 0.314 0.956 0.195 0.014 -0.004 0.179 0.016 -0.399 0.038 0.372
-9999.0 0.569 0.746 1.513 3.057 4.656 0.553 0.505 0.026 0.026 -0.061 1.063 0.683 0.797 1.141 0.66 0.921 1.733 3.345 1.183 -0.616 1.474 1.638 1.925 1.736 1.481 0.592 1.431 0.338 0.192 0.335 0.274 0.369 0.218 0.226 0.265 0.673 0.545 0.2 0.213 0.332 0.061 0.215 0.182 0.023 0.023 0.439 -1.867 -0.371 0.155 0.095 0.114 0.101 0.105 0.21 -0.047 0.092 0.107 0.2 0.094 0.094 0.152 0.135 0.865 0.024 0.023 0.024 1.523 0.057 0.058 0.308 0.337
-9999.0 1.237 1.003 0.958 1.322 4.037 2.918 1.075 0.505 -0.044 -0.078 0.835 1.104 0.039 0.078 -0.161 0.783 0.501 0.419 -0.732 -0.688 -0.675 -0.646 -0.479 3.39 1.899 1.387 1.511 1.101 0.304 0.405 0.263 0.311 0.299 0.127 0.112 0.103 0.272 0.284 -1.704 -0.06 0.036 0.258 -0.256 -1.134 0.023 -1.28 -0.541 -2.225 -1.749 0.099 0.104 0.128 0.163 -0.328 -0.043 0.059 -0.355 0.49 -0.258 0.108 0.165 0.152 0.124 0.175 0.026 0.33 0.051 0.201 0.066 0.314 0.094
-9999.0 -9999.0 -9999.0 1.266 0.876 3.07 0.001 1.785 1.37 0.029 0.034 0.033 0.033 0.685 0.102 -0.034 0.623 0.824 -0.762 -0.719 -0.37 -0.493 0.622 -0.556 -0.244 0.909 0.816 0.645 0.035 0.445 0.71 0.257 0.299 0.191 0.158 0.102 0.085 0.213 -1.739 -1.743 0.023 0.198 0.027 0.081 0.05 0.057 0.028 1.338 -1.204 0.106 0.073 0.089 0.098 0.123 0.049 0.053 -0.031 0.317 0.113 0.102 0.141 0.188 0.181 0.093 0.088 0.097 4.444 0.207 0.417 0.237 0.332 0.279
-9999.0 -9999.0 -9999.0 -0.124 4.672 0.034 -0.006 -0.01 2.28 2.597 0.61 0.034 0.741 0.102 0.141 0.25 -0.433 -0.593 -0.59 -0.091 -0.505 -0.685 -0.329 0.013 0.247 -0.194 -0.509 0.553 2.857 1.016 0.33 0.557 0.136 0.342 0.072 0.044 0.08 -1.772 -1.773 -1.701 0.011 0.062 0.187 0.126 0.094 0.085 0.033 -0.798 0.162 0.103 0.073 0.077 0.083 0.102 0.067 0.094 0.133 0.177 0.118 0.091 0.311 0.274 0.529 0.466 0.175 0.204 0.257 0.323 0.209 1.688 0.433 0.328
-9999.0 -9999.0 -9999.0 -9999.0 0.884 0.545 0.614 0.676 2.327 0.67 3.451 0.036 0.028 0.147 0.182 0.208 -0.444 -0.419 -0.377 0.144 -0.28 -0.369 -0.613 -0.407 0.882 0.431 0.935 1.071 3.1 1.259 0.559 0.275 0.105 0.276 0.094 0.045 -1.776 -1.77 -1.173 0.065 0.032 0.053 0.032 1.237 0.556 0.323 0.078 -2.226 0.07 -1.758 0.061 0.128 0.063 0.077 0.061 0.092 0.094 0.156 0.12 0.085 0.302 0.25 0.469 0.594 0.312 0.304 0.258 0.47 0.411 0.766 0.322 0.225
-9999.0 -9999.0 -9999.0 -9999.0 0.564 0.563 0.732 0.712 0.806 0.704 2.411 -0.024 0.024 0.023 0.474 0.223 -0.524 -0.415 0.509 -0.353 -0.475 -0.103 -0.203 -0.124 -0.246 3.298 3.611 1.299 1.155 2.135 0.992 0.411 0.199 0.104 -1.408 -1.765 -1.765 -2.512 0.033 0.034 0.063 0.164 0.178 0.199 0.974 0.781 0.68 -1.427 -2.481 -1.756 0.032 0.048 0.055 0.083 0.107 0.096 0.153 0.18 0.003 0.2 0.276 0.294 -0.242 0.368 0.145 0.194 0.083 0.117 0.378 0.312 0.401 0.129
-9999.0 -9999.0 -9999.0 -9999.0 0.448 0.507 0.044 0.535 0.068 0.047 1.356 0.041 0.091 0.113 0.053 0.77 0.958 0.94 0.467 -0.287 -0.434 -0.043 -0.191 0.337 -0.538 -0.469 0.548 3.032 1.154 1.397 1.117 0.517 0.207 -1.403 -1.0 0.155 0.022 0.028 0.03 0.075 0.036 0.026 0.141 0.271 0.45 0.436 0.408 1.185 0.342 -2.508 0.033 0.052 0.042 0.041 0.122 0.088 0.175 0.264 0.019 0.169 0.31 0.299 -0.395 -0.245 0.256 0.048 0.034 -0.286 0.016 0.514 0.288 0.555
-9999.0 -9999.0 -9999.0 -9999.0 -9999.0 -9999.0 -9999.0 0.045 -9999.0 0.052 0.042 0.121 0.068 0.096 0.549 0.942 0.394 0.492 -0.367 -0.315 -0.524 -0.006 1.116 -0.538 -0.049 0.738 0.563 1.044 3.402 1.141 0.859 0.223 -0.66 -0.63 0.123 0.042 0.039 0.03 0.033 0.03 0.054 0.054 0.056 0.073 0.27 0.329 2.02 1.143 1.021 -1.453 0.025 0.029 0.041 0.077 0.223 0.168 0.125 -0.221 0.234 0.127 0.234 0.234 0.117 0.182 0.228 0.125 0.038 0.017 0.773 0.257 0.141 1.214
-9999.0 -9999.0 -9999.0 -9999.0 -9999.0 -9999.0 -9999.0 -9999.0 -9999.0 0.048 0.072 0.122 0.17 0.107 0.162 0.143 0.229 1.548 0.277 0.197 -0.531 -0.26 -0.286 -0.342 2.114 0.886 1.404 2.127 4.031 1.246 0.634 -0.446 0.084 0.062 0.076 0.041 0.042 0.037 0.075 0.108 0.04 0.125 0.204 0.21 0.298 0.345 0.406 0.234 0.203 0.685 0.196 0.03 0.078 0.11 0.058 0.112 0.096 0.114 0.143 0.152 0.24 0.319 0.555 0.187 0.209 0.05 0.04 0.024 -2.417 0.081 1.123 0.91
-9999.0 -9999.0 -9999.0 -9999.0 -9999.0 -9999.0 -9999.0 -9999.0 -9999.0 -9999.0 -9999.0 0.179 -0.062 0.065 0.054 0.054 0.752 0.098 0.95 0.175 -0.709 -0.508 -0.503 -0.117 0.754 2.538 1.167 1.632 0.833 1.884 0.379 -0.158 0.199 0.074 0.037 0.242 0.17 0.154 0.054 0.011 0.069 0.065 0.209 0.319 0.193 0.343 0.165 0.038 0.517 0.294 0.424 0.04 0.041 -0.022 0.059 0.109 0.08 0.079 0.103 0.314 0.301 0.286 0.211 0.059 0.076 0.111 0.059 -0.486 -0.071 -0.011 1.193 4.142
-9999.0 -9999.0 -9999.0 -9999.0 -9999.0 -9999.0 -9999.0 -9999.0 -9999.0 -9999.0 -9999.0 -9999.0 0.065 0.05 0.063 0.454 0.314 0.089 0.534 0.765 0.151 -0.711 -0.416 0.018 1.29 1.079 0.894 2.595 1.219 1.859 0.055 0.398 0.533 0.133 0.054 0.139 0.203 0.17 0.133 0.102 0.217 0.289 0.188 0.138 0.165 0.253 0.04 0.015 0.141 0.132 0.729 0.338 0.088 0.054 0.049 0.053 0.102 0.044 0.003 0.09 0.118 0.163 0.129 0.065 0.066 0.034 0.117 0.021 -0.004 0.107 0.303 0.193
-9999.0 -9999.0 -9999.0 -9999.0 -9999.0 -9999.0 -9999.0 -9999.0 -9999.0 -9999.0 -9999.0 -9999.0 -9999.0 0.149 0.144 0.233 0.018 0.016 1.121 0.119 0.359 0.043 -0.447 0.1 0.397 0.32 0.914 1.498 2.339 2.838 0.681 0.287 0.171 0.527 0.276 0.096 0.023 0.015 0.138 0.153 0.085 0.065 0.214 0.117 0.39 0.034 0.041 0.038 0.026 0.318 1.4 0.714 0.11 0.255 0.049 0.047 0.047 0.066 0.074 0.04 0.03 0.093 0.057 0.093 0.046 0.044 0.032 0.031 0.057 0.007 0.078 -0.602
-9999.0 -9999.0 -9999.0 -9999.0 -9999.0 -9999.0 -9999.0 -9999.0 -9999.0 -9999.0 -9999.0 -9999.0 -9999.0 -9999.0 0.071 -0.16 0.146 -0.164 0.164 0.172 0.207 0.069 -0.5 -0.54 0.43 -0.102 1.314 1.951 1.636 1.365 0.35 0.488 0.64 0.302 0.177 0.243 0.231 0.345 0.095 0.114 0.074 0.123 0.016 0.199 0.046 0.04 0.035 0.068 1.361 0.036 0.743 0.485 0.552 0.065 0.036 0.037 0.05 0.066 0.075 0.021 0.023 -0.524 0.077 0.112 0.061 0.047 0.07 0.015 0.04 0.055 0.19 0.655
-9999.0 -9999.0 -9999.0 -9999.0 -9999.0 -9999.0 -9999.0 -9999.0 -9999.0 -9999.0 -9999.0 -9999.0 -9999.0 -9999.0 -9999.0 -9999.0 -9999.0 -9999.0 -0.04 0.043 0.037 -0.062 -0.719 -0.407 -0.354 2.379 0.506 2.091 0.749 0.573 0.401 0.522 0.42 0.255 0.114 0.107 0.173 0.089 0.131 0.17 0.098 0.037 0.094 0.159 0.085 0.043 0.048 0.122 -0.337 0.697 0.258 0.546 0.833 0.508 0.118 0.172 0.063 0.082 0.021 0.034 0.06 0.112 0.052 0.136 0.152 0.068 0.034 0.038 0.045 0.057 0.11 1.354
-9999.0 -9999.0 -9999.0 -9999.0 -9999.0 -9999.0 -9999.0 -9999.0 -9999.0 -9999.0 -9999.0 -9999.0 -9999.0 -9999.0 -9999.0 -9999.0 -9999.0 -9999.0 -9999.0 -9999.0 -9999.0 -9999.0 -0.714 -0.533 -0.331 0.151 0.598 2.425 2.347 1.425 0.517 0.499 0.673 0.547 0.18 0.097 0.174 0.166 0.154 0.092 0.149 0.11 0.197 0.083 0.046 0.096 0.129 0.066 0.028 0.427 0.382 0.249 0.604 0.615 0.539 0.15 0.055 0.33 0.031 0.02 0.026 0.081 0.083 0.063 0.109 0.085 0.029 0.033 0.075 0.19 0.126 0.623
-9999.0 -9999.0 -9999.0 -9999.0 -9999.0 -9999.0 -9999.0 -9999.0 -9999.0 -9999.0 -9999.0 -9999.0 -9999.0 -9999.0 -9999.0 -9999.0 -9999.0 -9999.0 -9999.0 -9999.0 -9999.0 -9999.0 -9999.0 -0.267 0.05 0.031 0.028 -0.09 0.036 0.067 1.449 1.409 1.319 0.93 0.522 0.1 0.25 0.269 0.066 0.18 0.074 0.067 0.254 0.077 0.039 0.157 0.121 0.143 0.778 0.107 0.133 0.084 0.069 0.073 0.717 1.868 0.522 0.896 0.05 0.035 0.173 0.077 0.06 0.069 0.127 0.208 0.063 0.056 0.134 0.043 -0.007 0.552
-9999.0 -9999.0 -9999.0 -9999.0 -9999.0 -9999.0 -9999.0 -9999.0 -9999.0 -9999.0 -9999.0 -9999.0 -9999.0 -9999.0 -9999.0 -9999.0 -9999.0 -9999.0 -9999.0 -9999.0 -9999.0 -9999.0 -9999.0 -9999.0 -0.209 0.007 0.045 0.037 0.034 0.018 0.795 1.379 2.075 2.263 0.835 0.297 0.106 0.106 0.147 0.053 0.093 0.089 0.155 0.466 0.141 0.03 0.144 0.083 1.241 0.407 0.304 0.241 0.142 0.387 0.142 0.411 0.509 0.506 0.491 0.212 0.086 -0.01 0.075 0.085 0.517 0.312 0.21 0.134 0.129 0.086 0.016 -0.838
-9999.0 -9999.0 -9999.0 -9999.0 -9999.0 -9999.0 -9999.0 -9999.0 -9999.0 -9999.0 -9999.0 -9999.0 -9999.0 -9999.0 -9999.0 -9999.0 -9999.0 -9999.0 -9999.0 -9999.0 -9999.0 -9999.0 -9999.0 -9999.0 -9999.0 -0.031 0.038 2.557 3.458 0.034 1.09 0.8 0.526 0.165 0.221 0.13 0.321 0.256 0.403 0.114 0.137 0.127 0.196 0.621 0.761 0.462 0.279 0.175 0.189 0.511 0.466 0.521 1.221 0.065 0.273 0.138 1.28 0.134 1.384 1.181 0.635 0.095 -0.434 0.066 1.242 0.325 0.24 0.1 0.082 0.023 0.064 -1.135
-9999.0 -9999.0 -9999.0 -9999.0 -9999.0 -9999.0 -9999.0 -9999.0 -9999.0 -9999.0 -9999.0 -9999.0 -9999.0 -9999.0 -9999.0 -9999.0 -9999.0 -9999.0 -9999.0 -9999.0 -9999.0 -9999.0 -9999.0 -9999.0 -9999.0 -0.022 0.031 0.02 2.508 1.749 1.837 1.347 0.342 0.305 0.166 0.114 0.55 0.493 0.702 0.157 0.315 0.163 0.228 0.285 0.665 0.814 0.531 0.225 0.253 0.042 0.815 1.798 0.844 0.39 0.347 0.34 0.521 0.763 0.844 2.088 0.567 -1.223 0.132 0.887 0.884 0.169 0.047 0.111 0.125 -0.351 0.52 0.025
-9999.0 -9999.0 -9999.0 -9999.0 -9999.0 -9999.0 -9999.0 -9999.0 -9999.0 -9999.0 -9999.0 -9999.0 -9999.0 -9999.0 -9999.0 -9999.0 -9999.0 -9999.0 -9999.0 -9999.0 -9999.0 -9999.0 -9999.0 -9999.0 -9999.0 -9999.0 0.038 0.02 0.024 0.056 0.488 0.388 0.916 0.892 0.42 0.296 0.175 0.385 0.811 0.222 0.438 0.438 0.347 0.201 0.611 0.696 1.03 0.707 0.233 0.774 1.613 3.211 0.702 0.581 0.604 0.782 0.786 0.591 0.655 2.22 0.564 -0.814 0.0 0.0 0.0 0.316 1.244 0.018 0.025 0.519 0.498 0.434
-9999.0 -9999.0 -9999.0 -9999.0 -9999.0 -9999.0 -9999.0 -9999.0 -9999.0 -9999.0 -9999.0 -9999.0 -9999.0 -9999.0 -9999.0 -9999.0 -9999.0 -9999.0 -9999.0 -9999.0 -9999.0 -9999.0 -9999.0 -9999.0 -9999.0 -9999.0 -9999.0 -9999.0 -9999.0 0.056 0.632 0.625 0.303 0.849 0.339 0.288 0.246 0.402 0.518 0.293 0.49 0.588 0.735 0.327 0.249 1.556 0.758 0.866 0.473 1.019 0.951 1.575 1.129 0.823 0.853 1.534 1.261 0.581 0.416 0.716 0.793 0.571 0.0 0.0 -0.628 2.474 -9999.0 0.015 0.017 0.366 0.114 1.808
-9999.0 -9999.0 -9999.0 -9999.0 -9999.0 -9999.0 -9999.0 -9999.0 -9999.0 -9999.0 -9999.0 -9999.0 -9999.0 -9999.0 -9999.0 -9999.0 -9999.0 -9999.0 -9999.0 -9999.0 -9999.0 -9999.0 -9999.0 -9999.0 -9999.0 -9999.0 -9999.0 -9999.0 -9999.0 -9999.0 -9999.0 0.179 0.193 0.221 0.19 0.224 0.601 -0.135 0.652 0.302 0.352 2.069 0.441 0.186 0.15 0.463 1.135 0.318 0.349 1.651 1.022 1.282 0.508 0.074 0.044 0.609 0.417 0.352 0.146 0.239 0.416 0.177 -2.799 -1.761 -1.219 -9999.0 -9999.0 -9999.0 0.23 0.288 0.066 0.026
-9999.0 -9999.0 -9999.0 -9999.0 -9999.0 -9999.0 -9999.0 -9999.0 -9999.0 -9999.0 -9999.0 -9999.0 -9999.0 -9999.0 -9999.0 -9999.0 -9999.0 -9999.0 -9999.0 -9999.0 -9999.0 -9999.0 -9999.0 -9999.0 -9999.0 -9999.0 -9999.0 -9999.0 -9999.0 -9999.0 -9999.0 -9999.0 -0.509 0.288 0.303 0.366 0.605 0.207 1.039 1.019 0.446 1.78 0.507 0.42 0.244 0.17 0.197 0.69 0.17 -0.244 0.062 0.045 -0.259 0.029 -0.06 0.701 1.678 0.505 0.289 0.171 0.472 0.226 -2.623 -2.474 -9999.0 -9999.0 -9999.0 -9999.0 -9999.0 0.101 0.049 0.161
-9999.0 -9999.0 -9999.0 -9999.0 -9999.0 -9999.0 -9999.0 -9999.0 -9999.0 -9999.0 -9999.0 -9999.0 -9999.0 -9999.0 -9999.0 -9999.0 -9999.0 -9999.0 -9999.0 -9999.0 -9999.0 -9999.0 -9999.0 -9999.0 -9999.0 -9999.0 -9999.0 -9999.0 -9999.0 -9999.0 -9999.0 -9999.0 -9999.0 -0.026 -0.537 0.838 0.5 0.388 3.025 0.791 0.847 3.527 0.73 0.886 0.668 0.238 0.238 0.165 0.138 0.034 0.042 0.016 -0.737 -0.566 -0.811 -0.011 -0.161 -0.453 -0.99 0.052 0.602 0.229 -1.218 -9999.0 -9999.0 -9999.0 -9999.0 -9999.0 -9999.0 -9999.0 -9999.0 0.18
-9999.0 -9999.0 -9999.0 -9999.0 -9999.0 -9999.0 -9999.0 -9999.0 -9999.0 -9999.0 -9999.0 -9999.0 -9999.0 -9999.0 -9999.0 -9999.0 -9999.0 -9999.0 -9999.0 -9999.0 -9999.0 -9999.0 -9999.0 -9999.0 -9999.0 -9999.0 -9999.0 -9999.0 -9999.0 -9999.0 -9999.0 -9999.0 -9999.0 0.596 0.741 -0.006 1.482 1.634 2.289 0.933 1.253 1.045 0.691 -0.04 -0.043 0.417 0.239 -0.048 0.04 0.05 0.158 0.043 0.043 -0.067 -0.348 -0.2 0.711 1.553 0.189 -0.249 -0.434 -0.979 -9999.0 -9999.0 -9999.0 -9999.0 -9999.0 -9999.0 -9999.0 -9999.0 -9999.0 -9999.0
