static/jobfarm/user_models/minyf/common/HOME-GBHM/输出文件/Output/Grids/runoff20020224.asc
ncols 221
nrows 204
xllcorner -627000.0
yllcorner 3955000.0
cellsize 900.0
NODATA_value -9999.0
[rows 32 to 63 of 204, columns 72 to 143 of 221]
-0.303 0.153 0.081 0.019 -0.355 0.142 0.146 0.08 0.159 1.119 0.608 0.269 0.24 0.285 -0.685 -0.653 0.021 -0.737 -0.433 -0.366 0.144 -0.378 0.029 0.03 0.029 0.02 -0.21 0.046 0.031 0.032 0.127 -0.018 0.074 0.027 0.017 0.017 0.027 0.017 0.068 0.07 0.039 0.063 -0.31 -0.317 -0.268 -0.236 -0.025 -9999.0 -9999.0 -9999.0 -9999.0 -9999.0 -9999.0 -9999.0 -9999.0 -9999.0 -9999.0 -9999.0 -9999.0 -9999.0 -9999.0 -9999.0 -9999.0 -9999.0 -9999.0 -9999.0 -9999.0 -9999.0 -9999.0 -9999.0 -9999.0 -9999.0
-0.299 -0.185 -0.14 0.118 0.017 0.02 0.017 -0.26 0.896 0.614 1.647 0.121 0.361 0.021 -0.266 -0.091 0.019 0.02 -0.018 0.196 -0.314 -0.003 0.036 0.046 0.021 0.038 0.076 0.028 0.067 0.051 0.197 0.02 -0.11 -0.267 0.01 0.028 0.049 0.017 0.017 -0.239 0.174 0.056 -0.218 -0.223 -0.191 -0.286 -0.181 -0.092 -9999.0 -9999.0 -9999.0 -9999.0 -9999.0 -9999.0 -9999.0 -9999.0 -9999.0 -9999.0 -9999.0 -9999.0 -9999.0 -9999.0 -9999.0 -9999.0 -9999.0 -9999.0 -9999.0 -9999.0 -9999.0 -9999.0 -9999.0 -9999.0
-0.247 -0.273 -0.498 -0.089 0.013 0.017 0.017 1.23 -0.432 0.603 0.196 0.255 -0.159 -0.72 -0.323 0.83 0.019 -0.264 0.212 -0.315 -0.294 0.057 0.02 0.02 0.054 0.041 0.073 -0.04 0.183 -0.015 0.02 0.018 0.019 0.061 -0.057 -0.02 0.017 0.01 0.017 -0.248 -0.102 -0.135 -0.174 0.039 0.072 -0.346 -0.274 -9999.0 -9999.0 -9999.0 -9999.0 -9999.0 -9999.0 -9999.0 -9999.0 -9999.0 -9999.0 -9999.0 -9999.0 -9999.0 -9999.0 -9999.0 -9999.0 -9999.0 -9999.0 -9999.0 -9999.0 -9999.0 -9999.0 -9999.0 -9999.0 -9999.0
0.12 -0.097 0.028 0.017 0.017 0.022 0.02 0.59 0.127 0.006 0.254 0.12 -0.295 -0.403 0.816 -0.413 0.089 0.122 -0.376 -0.304 -0.354 0.047 0.02 0.02 0.055 0.041 -0.257 0.08 0.057 0.388 0.021 0.051 0.031 0.018 -0.044 0.026 0.033 0.03 0.098 0.029 0.103 0.085 0.083 0.112 0.043 -0.121 -0.193 -9999.0 -9999.0 -9999.0 -9999.0 -9999.0 -9999.0 -9999.0 -9999.0 -9999.0 -9999.0 -9999.0 -9999.0 -9999.0 -9999.0 -9999.0 -9999.0 -9999.0 -9999.0 -9999.0 -9999.0 -9999.0 -9999.0 -9999.0 -9999.0 -9999.0
-0.048 0.104 0.104 0.49 -0.337 -0.243 -0.357 -0.43 -0.186 0.081 -0.53 -0.206 -0.325 -0.785 0.01 -0.527 -0.792 0.161 -0.296 -0.525 0.107 -0.762 0.02 0.042 0.029 0.515 0.379 -0.68 -0.481 -0.275 0.027 0.029 0.06 0.026 -0.064 -0.253 -0.276 0.032 0.053 -0.206 0.066 0.06 -0.205 -0.289 0.169 0.037 -0.01 -0.066 -9999.0 -9999.0 -9999.0 -9999.0 -9999.0 -9999.0 -9999.0 -9999.0 -9999.0 -9999.0 -9999.0 -9999.0 -9999.0 -9999.0 -9999.0 -9999.0 -9999.0 -9999.0 -9999.0 -9999.0 -9999.0 -9999.0 -9999.0 -9999.0
0.321 0.829 0.611 -0.203 0.059 -0.326 -0.309 -0.329 -0.209 0.03 -0.191 -0.362 -0.309 0.02 -0.314 -0.03 -0.047 -0.012 0.019 -0.013 -0.193 0.84 0.019 0.025 -0.665 -0.672 -0.691 -0.72 -0.545 -0.685 0.025 0.021 0.009 0.027 0.038 -0.252 0.05 0.017 0.047 -0.258 0.039 -0.265 0.127 -0.168 0.036 0.047 -0.084 -0.035 -9999.0 -9999.0 -9999.0 -9999.0 -9999.0 -9999.0 -9999.0 -9999.0 -9999.0 -9999.0 -9999.0 -9999.0 -9999.0 -9999.0 -9999.0 -9999.0 -9999.0 -9999.0 -9999.0 -9999.0 -9999.0 -9999.0 -9999.0 -9999.0
-0.152 0.097 -0.162 -0.192 0.07 0.018 -0.259 -0.239 -0.288 0.021 -0.2 -0.229 -0.225 -0.54 -0.444 0.156 -0.112 0.066 0.017 0.019 0.019 0.057 0.017 0.761 -0.656 -0.813 -0.748 -0.531 -0.003 -0.691 0.026 0.021 0.043 0.051 0.021 0.073 0.066 -0.21 0.017 -0.009 -0.784 -0.235 -0.189 -0.176 -0.129 -0.183 -0.172 0.051 -0.014 -0.018 0.026 0.022 0.022 0.024 -9999.0 -9999.0 -9999.0 -9999.0 -9999.0 -9999.0 -9999.0 -9999.0 -9999.0 -9999.0 -9999.0 -9999.0 -9999.0 -9999.0 -9999.0 -9999.0 -9999.0 -9999.0
1.348 0.207 0.137 -0.241 0.056 -0.029 -0.216 -0.231 -0.306 -0.125 -0.065 0.933 -0.089 -0.306 -0.476 -0.369 -0.189 0.02 -0.143 0.02 0.117 0.069 0.026 -0.746 -1.068 -0.734 -0.705 -0.577 -0.595 -0.579 0.052 0.169 0.02 -0.022 0.021 0.092 0.08 0.138 -0.195 0.038 -0.786 -0.11 -0.19 -0.148 0.069 0.34 -0.243 -0.137 -0.087 -0.008 -0.0 0.031 0.022 0.051 0.026 -9999.0 -9999.0 -9999.0 -9999.0 -9999.0 -9999.0 -9999.0 -9999.0 -9999.0 -9999.0 -9999.0 -9999.0 -9999.0 -9999.0 -9999.0 -9999.0 -9999.0
1.156 0.262 0.128 0.862 0.01 0.082 0.089 -0.211 -0.325 -0.139 -0.055 0.927 -0.167 -0.162 -0.321 0.03 0.02 -0.089 0.019 -0.072 0.575 -0.376 0.108 -0.453 -0.529 -0.055 -0.484 -0.376 -0.742 -1.273 -0.217 0.0 0.01 0.019 0.051 0.022 0.089 0.129 0.022 0.046 0.048 0.052 0.14 0.096 -0.16 -0.212 -0.218 -0.335 -0.063 -0.013 -0.017 0.001 0.004 0.027 0.021 -9999.0 -9999.0 -9999.0 -9999.0 -9999.0 -9999.0 -9999.0 -9999.0 -9999.0 -9999.0 -9999.0 -9999.0 -9999.0 -9999.0 -9999.0 -9999.0 -9999.0
0.097 0.707 0.7 0.124 0.053 -0.024 -0.117 -0.161 -0.259 -0.275 -0.175 -0.086 -0.045 0.05 0.033 0.02 -0.039 0.058 0.02 0.41 -0.055 0.087 0.118 -0.638 -0.649 -0.722 -0.223 -0.761 -0.766 -1.088 0.166 -0.153 0.139 -0.112 0.136 0.255 0.137 0.089 0.025 0.036 0.034 0.072 0.059 -0.186 -0.286 -0.206 0.049 0.067 -0.02 0.03 0.014 0.0 -0.003 0.018 0.008 0.013 -9999.0 -9999.0 -9999.0 -9999.0 -9999.0 -9999.0 -9999.0 -9999.0 -9999.0 -9999.0 -9999.0 -9999.0 -9999.0 -9999.0 -9999.0 -9999.0
0.44 -0.081 -0.393 0.256 -0.377 0.018 0.018 0.068 0.158 0.094 -0.177 0.06 0.015 0.037 0.022 -0.29 0.007 -0.004 0.021 0.058 0.054 0.052 0.112 -0.185 -0.566 -0.695 -0.077 0.107 0.084 -0.343 -0.077 0.001 0.019 -0.127 -0.103 -0.109 -0.235 0.069 -0.379 0.071 0.059 0.09 0.03 -0.224 0.017 0.18 0.076 -0.597 -0.032 0.021 -0.047 0.06 -0.01 0.87 0.039 -9999.0 -9999.0 -9999.0 -9999.0 -9999.0 -9999.0 -9999.0 -9999.0 -9999.0 -9999.0 -9999.0 -9999.0 -9999.0 -9999.0 -9999.0 -9999.0 -9999.0
0.124 0.146 0.201 0.031 0.084 0.046 0.003 0.009 0.06 0.125 0.117 0.089 -0.161 0.024 0.047 -0.001 0.006 -0.147 -0.043 -0.075 0.034 -0.016 0.391 0.026 0.394 -0.7 -0.741 -0.082 0.048 -0.612 -0.275 -0.129 0.023 -0.101 0.016 0.356 -0.07 0.059 0.037 0.23 0.788 -0.117 -0.707 -0.69 0.074 0.056 0.208 0.188 -0.137 -0.594 -0.167 -0.082 0.023 -0.035 -0.006 -9999.0 -9999.0 -9999.0 -9999.0 -9999.0 -9999.0 -9999.0 -9999.0 -9999.0 -9999.0 -9999.0 -9999.0 -9999.0 -9999.0 -9999.0 -9999.0 -9999.0
-0.291 0.196 0.032 0.074 0.011 0.098 0.052 0.022 0.11 0.096 0.168 0.121 -0.17 0.043 0.043 0.004 0.011 -0.833 -0.009 -0.042 0.085 0.005 0.025 0.388 0.214 -0.707 0.054 0.051 -0.521 -0.487 -0.574 -0.316 -0.198 -0.194 -0.02 -0.33 0.199 -0.139 0.137 0.593 -0.278 -0.736 -0.082 -1.394 0.074 -0.676 -0.689 -0.372 0.03 -0.137 0.81 0.017 0.13 -0.059 -0.183 -9999.0 -9999.0 -9999.0 -9999.0 -9999.0 -9999.0 -9999.0 -9999.0 -9999.0 -9999.0 -9999.0 -9999.0 -9999.0 -9999.0 -9999.0 -9999.0 -9999.0
0.076 -0.016 0.052 0.116 0.02 0.061 0.063 -0.487 0.015 0.176 0.134 0.06 -0.176 -0.065 0.035 0.001 0.004 0.003 -0.005 0.087 0.06 0.026 0.042 0.677 0.032 0.033 -0.122 0.394 -0.066 -0.521 -0.477 -0.652 -0.231 -0.244 -0.204 0.004 0.088 -0.069 -0.674 -0.379 -0.185 0.002 -0.71 -0.294 0.111 0.537 -0.333 0.343 -0.531 -0.161 -0.175 -0.159 0.141 0.028 -0.161 -0.159 -9999.0 -9999.0 -9999.0 -9999.0 -9999.0 -9999.0 -9999.0 -9999.0 -9999.0 -9999.0 -9999.0 -9999.0 -9999.0 -9999.0 -9999.0 -9999.0
-0.351 0.337 0.21 -0.071 0.021 0.017 0.163 0.136 0.101 0.063 0.088 0.242 -0.068 -0.165 -0.106 0.043 0.004 0.045 0.055 -0.02 0.136 -0.071 0.851 -0.035 0.08 -0.026 1.559 1.355 0.047 -0.735 -0.317 -0.604 -0.625 -0.253 0.111 -0.061 0.058 0.71 -0.748 -0.301 -0.188 -0.146 -0.668 -0.597 0.024 0.815 -0.212 -0.2 -0.267 -0.297 0.158 0.026 -0.097 -0.236 -0.003 -0.164 -0.091 -9999.0 -9999.0 -0.042 -0.016 -9999.0 -9999.0 -9999.0 -9999.0 -9999.0 -9999.0 -9999.0 -9999.0 -9999.0 -9999.0 -9999.0
0.188 0.161 0.252 0.176 0.174 0.09 -0.057 0.13 0.021 0.094 0.021 0.138 0.132 0.13 0.038 -0.026 -0.049 -0.059 0.092 0.023 0.24 0.823 0.034 -0.072 0.049 0.052 0.17 -0.707 -0.73 -0.678 -0.043 -0.413 -0.819 -0.744 -0.18 -0.257 0.076 0.897 -0.003 -0.091 -0.088 -0.662 -0.53 -0.763 0.395 0.034 -0.355 -0.204 0.048 0.677 0.094 -0.17 -0.333 -0.629 -0.191 -0.09 0.006 -9999.0 -9999.0 -0.041 0.042 -9999.0 -9999.0 -9999.0 -9999.0 -9999.0 -9999.0 -9999.0 -9999.0 -9999.0 -9999.0 -9999.0
0.029 -0.026 -0.049 -0.216 -0.043 -0.174 -0.286 -0.315 -0.12 0.116 -0.138 0.137 0.68 -0.204 -0.012 0.007 0.013 0.032 -0.069 0.004 -0.072 -0.013 -0.084 0.023 -0.121 0.045 -0.298 -0.301 -0.118 -0.654 -0.446 -0.704 -1.283 -1.297 0.123 -0.037 -0.347 -0.051 0.575 -0.13 -0.684 -0.669 -0.725 -0.718 0.234 -0.066 0.135 0.083 0.116 0.111 0.145 0.091 -0.124 -0.981 -0.123 -0.29 0.026 0.041 -0.188 -0.151 -0.104 -9999.0 -9999.0 -9999.0 -9999.0 -9999.0 -9999.0 -9999.0 -9999.0 -9999.0 -9999.0 -9999.0
0.035 -0.032 -0.037 -0.049 -0.023 -0.04 -0.221 -0.094 -0.16 -0.16 -0.253 -0.168 -0.179 -0.122 -0.092 -0.012 1.306 1.916 1.66 0.744 -0.003 0.026 0.045 0.023 0.025 0.041 0.025 0.023 -0.746 -0.889 -0.684 -0.759 -0.821 -0.763 -0.42 0.109 0.409 0.042 0.063 -0.109 -0.322 -0.693 -0.713 -0.095 -0.07 -0.669 -0.716 -0.635 0.055 0.068 -0.02 -0.084 0.005 -0.006 -0.119 -0.526 -0.03 -0.399 0.086 0.037 -0.119 -9999.0 -9999.0 -9999.0 -9999.0 -9999.0 -9999.0 -9999.0 -9999.0 -9999.0 -9999.0 -9999.0
-0.055 0.035 -0.071 -0.027 0.035 -0.005 -0.05 -0.042 -0.125 -0.13 -0.124 0.032 -0.013 -0.017 -0.014 0.005 -0.032 0.007 0.024 1.016 0.601 1.105 0.78 -0.024 -0.035 0.034 0.029 0.025 0.028 -0.607 -0.954 -0.985 -1.277 -0.42 -0.773 0.118 0.217 -0.152 0.041 0.138 -0.766 -0.742 -0.684 -0.715 -0.686 -0.676 -0.688 -0.664 0.055 -0.135 -0.02 0.145 -0.263 -0.007 0.065 -0.063 -0.249 0.314 -0.519 -0.729 -0.09 0.025 -0.151 -0.061 -9999.0 -9999.0 -9999.0 -9999.0 -9999.0 -9999.0 -9999.0 -9999.0
0.058 0.235 -0.151 0.01 -0.077 0.003 -0.104 -0.06 -0.035 -0.041 0.034 0.073 0.013 0.026 0.017 0.012 -0.026 0.012 0.053 0.027 0.028 0.055 0.017 1.708 1.452 0.706 0.034 0.245 0.034 0.028 0.62 -1.073 -1.284 0.313 0.296 0.083 -0.141 -0.525 0.252 -0.672 -0.732 -0.731 -0.708 -0.69 -0.105 -0.694 -0.594 -0.085 0.255 0.018 0.259 0.084 -0.066 -0.434 -0.121 -0.004 0.112 0.026 0.07 -0.183 -0.227 0.024 -0.052 0.035 -9999.0 -9999.0 -9999.0 -9999.0 -9999.0 -9999.0 -9999.0 -9999.0
0.399 -0.049 0.006 -0.037 -0.171 -0.246 -0.081 -0.072 -0.057 -0.097 -0.167 -0.007 0.003 0.011 0.022 -0.026 -0.026 -0.036 0.68 0.05 0.025 0.048 0.039 -0.02 0.771 1.79 1.132 1.845 0.75 0.018 1.225 1.404 0.872 0.034 0.113 0.018 0.121 -0.698 -0.672 -0.858 -0.773 -0.222 -0.747 0.001 -0.687 -0.71 -0.628 -0.665 0.11 0.091 0.039 0.07 -0.173 -0.095 -0.08 -0.104 -0.737 0.081 0.086 0.025 -0.287 0.026 0.02 -0.003 -9999.0 -9999.0 -9999.0 -9999.0 -9999.0 -9999.0 -9999.0 -9999.0
0.512 -0.146 -0.115 0.176 -0.11 0.358 -0.038 -0.033 -0.072 -0.011 0.156 -0.024 0.003 -0.0 0.015 -0.014 -0.014 -0.108 1.532 -0.139 1.767 0.006 0.54 0.585 0.905 0.053 0.048 0.637 1.756 2.314 0.948 0.439 0.42 0.324 0.003 -0.411 -0.151 -0.694 -0.379 -0.811 -0.395 0.053 -0.629 -0.117 -0.674 -0.682 0.071 0.113 0.071 -0.005 0.049 -0.25 -0.123 -0.015 0.007 0.032 0.051 -0.043 -0.263 -0.687 -0.229 -0.142 -0.742 -9999.0 -9999.0 -9999.0 -9999.0 -9999.0 -9999.0 -9999.0 -9999.0 -9999.0
0.141 0.137 0.152 0.174 0.334 0.208 -0.051 0.226 0.1 0.108 0.12 -0.468 0.074 0.022 0.034 0.023 0.025 2.083 0.043 1.9 0.034 1.71 1.927 0.049 0.723 -0.004 0.092 0.047 0.058 0.033 2.213 0.211 -0.088 0.647 0.421 0.005 -0.586 -0.297 -0.215 -0.131 -0.386 -0.068 -0.116 -0.126 -0.074 -0.062 -0.145 -0.097 0.039 0.041 0.277 -0.588 0.105 0.151 0.038 0.038 0.067 0.239 -0.531 -0.695 -0.609 -0.576 0.017 -9999.0 -9999.0 -9999.0 -9999.0 -9999.0 -9999.0 -9999.0 -9999.0 -9999.0
0.109 0.072 0.073 0.224 0.027 0.061 0.062 0.17 0.106 -0.418 0.12 -0.382 0.109 0.021 0.049 0.024 -0.006 0.026 0.037 0.028 0.03 0.047 0.044 2.371 0.74 0.822 1.035 0.833 0.076 0.072 1.272 0.506 0.283 0.78 0.335 -0.277 -0.656 -0.272 -0.178 -0.077 -0.075 -0.318 -0.084 -0.048 -0.045 -0.028 -0.114 0.093 0.041 0.025 0.028 -0.638 -0.365 -0.598 -0.639 0.037 0.042 0.496 0.218 -0.062 0.076 0.017 0.017 0.017 -9999.0 -9999.0 -9999.0 -9999.0 -9999.0 -9999.0 -9999.0 -9999.0
0.118 0.084 0.144 0.053 0.055 -0.194 0.385 -0.429 0.075 0.253 -0.065 0.106 0.077 0.022 0.022 0.006 0.026 0.03 -0.03 -0.015 0.029 0.018 0.038 0.044 3.205 3.147 0.83 0.081 0.363 0.073 1.964 0.031 -0.509 -0.238 -0.498 -0.185 -0.684 -0.639 -0.56 -0.678 -0.047 -0.257 -0.113 0.05 -0.031 -0.161 -0.068 -0.03 -0.491 -0.097 -1.336 0.109 -0.484 -0.617 -0.637 -0.494 -1.246 -0.486 -0.686 -1.256 -1.446 0.019 -0.351 -0.762 -0.045 -0.019 -0.044 -9999.0 -9999.0 -9999.0 -9999.0 -9999.0
0.057 0.04 0.155 0.074 0.065 0.227 -0.107 -0.32 0.046 -0.057 -0.262 -0.134 0.052 0.146 -0.098 0.022 0.032 -0.079 -0.041 -0.084 -0.032 -0.035 -0.026 0.035 0.081 -0.15 3.178 0.837 0.112 -0.319 0.826 -0.248 -0.735 -0.323 0.035 -0.296 -0.013 -0.11 -0.043 -0.278 -0.141 -0.131 -0.039 -0.013 0.018 -0.668 -0.154 0.02 -0.163 -0.216 -0.5 -0.837 -0.76 -0.497 -0.651 -0.607 -0.358 -0.625 -0.704 -0.446 0.046 -0.163 -0.005 0.009 0.017 -0.058 -0.069 -0.024 -9999.0 -9999.0 -9999.0 -9999.0
0.197 0.136 0.106 -0.163 0.218 -0.061 -0.076 0.26 -0.429 0.237 -0.31 0.041 0.019 0.019 0.074 -0.073 0.002 -0.089 -0.03 -0.009 -0.147 -0.01 -0.053 -0.051 0.065 0.06 -0.293 -0.172 0.049 0.337 -0.011 0.687 -0.324 0.055 0.143 0.129 -0.076 0.02 0.02 -0.036 -0.146 0.025 -0.034 -0.121 -0.121 0.357 -0.146 -0.158 -0.115 -1.082 -0.735 -0.755 -0.763 -0.605 -0.717 -1.51 -1.343 -0.692 -0.69 -1.362 -0.099 0.024 0.028 0.039 -0.069 -0.091 -0.065 -0.111 -9999.0 -9999.0 -9999.0 -9999.0
-0.243 0.045 0.214 0.208 0.115 0.093 0.512 -0.432 0.077 -0.058 -0.089 -0.24 0.081 -0.113 0.11 0.167 0.195 0.097 0.024 -0.072 0.053 0.945 -0.054 0.155 -0.12 -0.364 0.189 -0.125 -0.069 0.394 0.578 0.533 0.147 0.282 0.343 0.385 -0.719 -0.056 0.05 -0.12 -0.026 0.032 -0.135 0.07 0.326 0.148 0.094 -0.065 0.077 -0.761 -0.982 -0.311 -1.534 -0.766 0.026 -0.749 -1.52 -0.771 -0.646 -0.43 0.038 0.021 -0.007 -0.054 0.017 0.04 -0.038 -0.062 -9999.0 -9999.0 -9999.0 -9999.0
0.293 0.169 0.103 0.027 0.112 0.137 -0.258 -0.124 -0.058 -0.066 -0.213 -0.156 0.131 -0.041 0.146 0.958 0.415 0.832 0.278 0.1 0.097 0.833 0.88 0.228 0.061 -0.138 -0.074 2.361 2.693 0.505 0.021 -0.09 0.373 0.423 0.361 0.052 0.198 0.024 0.062 0.163 -0.082 0.158 0.473 0.279 0.358 0.039 0.159 0.185 0.176 -1.062 0.101 0.098 -0.791 0.537 -0.725 0.017 -0.442 -0.953 -0.07 0.094 0.067 -0.188 -0.05 -0.025 0.041 -0.192 0.022 -0.132 -9999.0 -9999.0 -0.076 -9999.0
0.065 0.207 0.145 0.491 0.29 0.333 0.321 0.302 0.559 0.556 -0.177 -0.051 0.079 0.073 0.372 0.856 1.171 0.913 0.93 0.1 0.33 0.813 0.861 0.862 0.083 0.036 -0.1 -0.266 0.656 -0.291 0.56 -0.191 0.225 0.197 0.675 1.546 -0.118 -0.121 0.043 0.222 0.047 0.093 0.39 0.246 0.345 0.264 0.183 0.37 0.049 -1.073 -0.005 0.011 0.032 -0.222 -0.343 0.017 0.009 -1.015 0.023 0.106 -0.092 -0.036 -0.028 -0.026 -0.061 0.02 0.02 0.032 0.035 0.039 0.038 -0.076
-0.134 0.219 -0.39 0.065 0.109 0.126 -0.069 -0.147 -0.138 -0.161 -0.247 -0.109 -0.178 0.966 1.191 1.104 1.259 0.218 1.063 0.884 0.85 0.897 0.896 0.391 0.18 -0.129 0.082 -0.007 -0.15 -0.181 -0.235 0.66 0.481 0.301 1.017 2.464 0.961 -0.15 0.149 0.02 0.02 0.603 0.425 0.327 0.121 0.562 0.385 0.504 -0.706 0.06 0.056 0.004 0.023 -0.039 -0.321 0.017 -0.249 0.022 -0.063 0.057 0.033 0.033 0.032 -0.027 -0.019 -0.003 0.05 0.019 0.001 0.033 0.038 -0.09
0.067 0.091 0.375 0.068 0.063 -0.355 -0.154 -0.065 -0.097 0.007 -0.105 0.039 0.464 0.581 0.864 0.836 0.952 0.375 -0.038 0.811 0.821 0.826 0.496 0.331 0.169 0.203 -0.007 -0.041 0.108 -0.092 0.248 0.494 0.785 0.286 0.774 0.032 3.098 0.177 0.236 -0.599 0.828 0.163 0.193 0.286 0.132 0.122 0.035 0.413 0.021 0.041 0.017 -0.718 0.043 -0.065 -0.065 0.009 -0.265 -0.254 0.073 -0.313 -0.056 0.019 0.034 0.016 0.025 0.024 0.001 0.02 0.021 -0.041 0.035 0.046
