static/jobfarm/user_models/minyf/common/HOME-GBHM/输出文件/Output/Grids/runoff20020224.asc
ncols 221
nrows 204
xllcorner -627000.0
yllcorner 3955000.0
cellsize 900.0
NODATA_value -9999.0
[rows 96 to 127 of 204, columns 144 to 215 of 221]
0.138 0.022 0.038 -0.412 -0.062 1.339 0.965 0.043 0.046 0.664 0.244 0.022 0.002 0.604 -0.163 -0.007 -0.034 -0.759 -0.194 0.419 0.708 0.479 0.022 0.703 0.25 1.621 1.663 1.981 0.488 0.382 0.08 0.169 0.732 0.729 0.185 0.249 0.296 0.274 0.214 0.04 1.423 1.535 -9999.0 -9999.0 -9999.0 -9999.0 -9999.0 -9999.0 -9999.0 -9999.0 -9999.0 -9999.0 -9999.0 -9999.0 -9999.0 -9999.0 -9999.0 -9999.0 -9999.0 -9999.0 -9999.0 -9999.0 -9999.0 -9999.0 -9999.0 -9999.0 -9999.0 -9999.0 -9999.0 -9999.0 -9999.0 -9999.0
0.117 0.012 -0.063 0.019 0.012 1.334 0.811 -0.182 0.339 0.068 0.719 0.424 0.234 0.235 0.338 -0.085 -0.059 -0.759 -0.037 0.806 -0.095 0.406 0.022 -0.532 1.103 1.12 0.606 1.628 0.424 0.234 -0.217 0.474 0.466 0.466 0.672 0.644 -0.472 0.246 0.074 0.179 1.406 0.034 -9999.0 -9999.0 -9999.0 -9999.0 -9999.0 -9999.0 -9999.0 -9999.0 -9999.0 -9999.0 -9999.0 -9999.0 -9999.0 -9999.0 -9999.0 -9999.0 -9999.0 -9999.0 -9999.0 -9999.0 -9999.0 -9999.0 -9999.0 -9999.0 -9999.0 -9999.0 -9999.0 -9999.0 -9999.0 -9999.0
0.079 -1.215 0.019 0.019 0.055 0.834 1.537 0.062 -0.142 0.051 0.033 0.038 0.019 0.311 0.345 0.014 -0.067 -0.758 0.608 0.845 0.926 2.983 0.023 0.023 0.294 1.324 0.568 0.437 0.35 0.113 0.078 0.037 0.702 0.369 -0.86 0.593 0.258 0.165 -0.145 0.243 1.435 0.034 -9999.0 -9999.0 -9999.0 -9999.0 -9999.0 -9999.0 -9999.0 -9999.0 -9999.0 -9999.0 -9999.0 -9999.0 -9999.0 -9999.0 -9999.0 -9999.0 -9999.0 -9999.0 -9999.0 -9999.0 -9999.0 -9999.0 -9999.0 -9999.0 -9999.0 -9999.0 -9999.0 -9999.0 -9999.0 -9999.0
-0.664 -0.66 -0.647 -0.72 0.019 0.062 0.033 0.037 0.037 0.022 0.036 0.04 0.126 0.163 0.234 -0.267 -0.067 0.052 0.139 0.872 2.14 1.618 -0.068 0.585 0.241 1.692 0.533 0.215 0.224 0.167 -0.009 0.025 -0.026 -0.113 0.115 0.027 0.587 1.426 0.933 1.48 1.434 0.019 -9999.0 -9999.0 -9999.0 -9999.0 -9999.0 -9999.0 -9999.0 -9999.0 -9999.0 -9999.0 -9999.0 -9999.0 -9999.0 -9999.0 -9999.0 -9999.0 -9999.0 -9999.0 -9999.0 -9999.0 -9999.0 -9999.0 -9999.0 -9999.0 -9999.0 -9999.0 -9999.0 -9999.0 -9999.0 -9999.0
0.102 -1.457 -1.43 -0.701 0.012 0.083 0.032 0.055 0.063 0.042 0.058 0.064 0.115 0.045 0.235 0.333 -0.066 2.63 0.225 0.875 1.41 1.175 0.784 0.527 0.057 0.29 0.301 0.384 0.186 -0.813 -0.926 -0.806 0.128 0.101 0.072 0.014 -0.843 0.283 1.544 0.401 1.12 -0.16 -0.065 -0.173 -9999.0 -9999.0 -9999.0 -9999.0 -9999.0 -9999.0 -9999.0 -9999.0 -9999.0 -9999.0 -9999.0 -9999.0 -9999.0 -9999.0 -9999.0 -9999.0 -9999.0 -9999.0 -9999.0 -9999.0 -9999.0 -9999.0 -9999.0 -9999.0 -9999.0 -9999.0 -9999.0 -9999.0
0.164 0.05 -0.661 -0.685 0.314 0.101 -0.139 0.343 0.036 0.118 0.064 0.176 0.059 0.045 0.234 0.448 0.736 2.665 1.151 1.523 0.139 1.236 1.06 0.715 0.322 0.052 -0.679 -0.591 -0.801 -1.271 0.231 0.286 0.184 -0.498 0.025 0.017 0.03 0.027 0.014 0.086 0.031 1.103 -0.665 -0.55 -9999.0 -9999.0 -9999.0 -9999.0 -9999.0 -9999.0 -9999.0 -9999.0 -9999.0 -9999.0 -9999.0 -9999.0 -9999.0 -9999.0 -9999.0 -9999.0 -9999.0 -9999.0 -9999.0 -9999.0 -9999.0 -9999.0 -9999.0 -9999.0 -9999.0 -9999.0 -9999.0 -9999.0
0.361 -0.061 -0.257 0.406 0.112 0.483 0.563 0.275 0.064 0.168 0.165 0.099 0.049 0.045 0.267 0.432 0.571 2.648 0.993 0.985 0.05 0.039 0.257 0.715 0.383 0.044 0.011 -0.086 -0.615 -0.501 -0.424 -0.562 -0.797 0.097 -0.573 -0.163 0.188 1.246 0.192 1.232 -0.057 1.442 -0.004 -0.419 -9999.0 -9999.0 -9999.0 -9999.0 -9999.0 -9999.0 -9999.0 -9999.0 -9999.0 -9999.0 -9999.0 -9999.0 -9999.0 -9999.0 -9999.0 -9999.0 -9999.0 -9999.0 -9999.0 -9999.0 -9999.0 -9999.0 -9999.0 -9999.0 -9999.0 -9999.0 -9999.0 -9999.0
0.119 -0.048 -0.019 0.327 -0.322 1.312 0.551 0.022 0.023 0.2 0.113 0.089 -0.713 -0.903 0.542 0.399 1.237 5.386 0.723 0.77 0.038 -0.135 -0.209 0.209 0.321 -0.506 -0.503 0.139 0.315 -0.576 0.389 -0.682 -0.661 -0.457 -0.598 -0.13 -0.253 -0.635 -0.283 -0.172 0.176 0.285 0.141 -0.245 -9999.0 -9999.0 -9999.0 -9999.0 -9999.0 -9999.0 -9999.0 -9999.0 -9999.0 -9999.0 -9999.0 -9999.0 -9999.0 -9999.0 -9999.0 -9999.0 -9999.0 -9999.0 -9999.0 -9999.0 -9999.0 -9999.0 -9999.0 -9999.0 -9999.0 -9999.0 -9999.0 -9999.0
-0.204 0.053 -0.094 0.035 0.026 0.145 1.181 0.023 -0.785 0.023 0.094 0.02 -1.004 -0.934 -1.034 0.023 0.212 1.094 3.412 4.636 3.565 0.734 -0.392 0.046 -0.296 -0.109 1.645 0.182 -0.277 -0.979 -0.704 -0.689 -0.309 -0.712 -0.137 -0.315 -0.023 0.389 -0.594 0.316 0.238 -0.561 -0.395 -0.682 -0.476 -9999.0 -9999.0 -9999.0 -9999.0 -9999.0 -9999.0 -9999.0 -9999.0 -9999.0 -9999.0 -9999.0 -9999.0 -9999.0 -9999.0 -9999.0 -9999.0 -9999.0 -9999.0 -9999.0 -9999.0 -9999.0 -9999.0 -9999.0 -9999.0 -9999.0 -9999.0 -9999.0
-0.328 -0.147 0.039 0.037 -0.109 -0.126 1.123 1.766 0.022 0.023 -0.18 -0.094 -0.078 -0.128 -0.926 0.025 0.039 1.355 0.807 0.707 0.71 0.564 0.05 -0.405 -0.579 1.27 1.042 -0.683 0.017 -0.373 -0.389 -0.773 -0.357 -0.339 -0.368 0.129 0.106 0.382 0.16 0.298 0.222 -0.146 -0.382 -0.444 -0.764 -9999.0 -9999.0 -9999.0 -9999.0 -9999.0 -9999.0 -9999.0 -9999.0 -9999.0 -9999.0 -9999.0 -9999.0 -9999.0 -9999.0 -9999.0 -9999.0 -9999.0 -9999.0 -9999.0 -9999.0 -9999.0 -9999.0 -9999.0 -9999.0 -9999.0 -9999.0 -9999.0
-0.04 -0.115 -0.343 0.035 -0.068 0.059 1.214 0.576 0.023 0.013 0.013 2.16 7.223 0.025 -0.944 -0.757 -0.771 1.785 0.505 -0.018 0.561 -0.592 -0.467 -0.346 1.41 -0.446 0.354 -0.156 -0.325 0.044 -0.426 -0.319 -0.488 -0.086 -0.01 -0.01 0.112 0.326 1.045 0.327 0.02 0.242 0.42 -0.338 0.27 -9999.0 -9999.0 -9999.0 -9999.0 -9999.0 -9999.0 -9999.0 -9999.0 -9999.0 -9999.0 -9999.0 -9999.0 -9999.0 -9999.0 -9999.0 -9999.0 -9999.0 -9999.0 -9999.0 -9999.0 -9999.0 -9999.0 -9999.0 -9999.0 -9999.0 -9999.0 -9999.0
-0.079 -0.116 -0.1 -0.117 -0.16 -0.392 0.049 0.243 2.884 0.07 -0.783 7.374 1.464 -0.134 -0.134 -0.757 -0.756 -0.07 -0.242 -0.11 0.051 0.106 1.478 -0.047 -0.192 0.192 0.486 -0.497 -0.494 0.182 -0.742 -0.682 -0.51 0.092 -0.398 0.226 0.945 0.077 1.573 0.12 0.223 0.139 0.335 -0.641 -9999.0 -9999.0 -9999.0 -9999.0 -9999.0 -9999.0 -9999.0 -9999.0 -9999.0 -9999.0 -9999.0 -9999.0 -9999.0 -9999.0 -9999.0 -9999.0 -9999.0 -9999.0 -9999.0 -9999.0 -9999.0 -9999.0 -9999.0 -9999.0 -9999.0 -9999.0 -9999.0 -9999.0
-0.096 -0.058 -0.22 -0.142 1.293 0.029 0.685 1.47 4.29 7.223 1.924 1.258 0.745 -0.049 0.012 0.019 -0.055 0.76 1.197 1.22 1.251 0.577 -0.279 0.045 -0.378 -0.479 -0.459 0.011 -0.016 0.012 -0.71 -0.069 0.655 -0.42 -0.387 0.123 1.3 1.263 1.23 1.018 1.054 1.441 0.072 -0.81 -0.806 -9999.0 -9999.0 -9999.0 -9999.0 -9999.0 -9999.0 -9999.0 -9999.0 -9999.0 -9999.0 -9999.0 -9999.0 -9999.0 -9999.0 -9999.0 -9999.0 -9999.0 -9999.0 -9999.0 -9999.0 -9999.0 -9999.0 -9999.0 -9999.0 -9999.0 -9999.0 -9999.0
-0.168 -0.089 0.014 0.02 6.244 0.022 1.554 3.833 6.292 0.467 0.713 0.796 0.521 -0.045 0.883 0.158 0.138 0.237 0.349 0.494 0.54 1.1 1.088 0.71 -0.503 0.019 0.428 -0.137 0.334 -0.081 -0.629 0.265 -0.549 0.391 0.18 -0.535 1.035 1.105 1.555 1.476 1.621 1.293 -0.283 -0.162 -0.58 -9999.0 -9999.0 -9999.0 -9999.0 -9999.0 -9999.0 -9999.0 -9999.0 -9999.0 -9999.0 -9999.0 -9999.0 -9999.0 -9999.0 -9999.0 -9999.0 -9999.0 -9999.0 -9999.0 -9999.0 -9999.0 -9999.0 -9999.0 -9999.0 -9999.0 -9999.0 -9999.0
-0.158 -0.049 0.032 -0.252 -0.089 3.26 0.825 1.83 2.577 2.71 1.275 0.562 -0.281 0.891 0.184 0.143 0.044 0.153 0.321 0.599 0.378 1.258 1.264 1.025 0.916 0.681 -0.066 -0.144 -0.258 0.016 -0.249 -0.284 -0.626 1.468 1.134 0.066 1.019 1.285 1.352 1.08 1.064 1.089 0.205 -0.531 -0.793 -9999.0 -9999.0 -9999.0 -9999.0 -9999.0 -9999.0 -9999.0 -9999.0 -9999.0 -9999.0 -9999.0 -9999.0 -9999.0 -9999.0 -9999.0 -9999.0 -9999.0 -9999.0 -9999.0 -9999.0 -9999.0 -9999.0 -9999.0 -9999.0 -9999.0 -9999.0 -9999.0
0.031 0.038 0.031 0.086 -0.087 3.334 2.491 5.241 2.144 3.623 1.049 0.604 0.163 0.033 0.157 0.043 0.033 0.033 0.223 0.892 0.872 0.689 0.442 0.521 1.142 0.102 0.668 -0.041 -0.299 0.015 -0.164 0.066 1.37 0.362 -0.119 -0.122 1.157 0.986 1.272 1.035 0.957 0.963 -0.223 -9999.0 -9999.0 -9999.0 -9999.0 -9999.0 -9999.0 -9999.0 -9999.0 -9999.0 -9999.0 -9999.0 -9999.0 -9999.0 -9999.0 -9999.0 -9999.0 -9999.0 -9999.0 -9999.0 -9999.0 -9999.0 -9999.0 -9999.0 -9999.0 -9999.0 -9999.0 -9999.0 -9999.0 -9999.0
0.091 0.093 0.087 0.041 -0.007 0.688 4.465 3.277 2.404 1.25 0.621 1.107 0.178 0.032 0.035 0.715 0.425 0.108 0.516 0.738 0.227 1.066 1.076 0.576 -0.322 -0.304 -0.173 -0.722 -0.256 0.017 -0.467 -0.18 0.896 1.537 0.48 -0.068 1.055 1.537 1.559 1.173 1.042 0.984 -0.041 -9999.0 -9999.0 -9999.0 -9999.0 -9999.0 -9999.0 -9999.0 -9999.0 -9999.0 -9999.0 -9999.0 -9999.0 -9999.0 -9999.0 -9999.0 -9999.0 -9999.0 -9999.0 -9999.0 -9999.0 -9999.0 -9999.0 -9999.0 -9999.0 -9999.0 -9999.0 -9999.0 -9999.0 -9999.0
-0.281 0.132 -0.148 -0.187 0.067 0.796 6.662 3.384 0.834 0.664 0.856 0.125 0.038 0.051 0.601 0.298 0.477 0.222 0.207 1.093 0.331 0.307 1.048 0.976 0.026 0.198 -0.133 -0.369 0.024 0.027 -0.758 -0.453 -0.333 -0.185 1.47 0.227 1.87 1.11 1.064 0.999 1.724 0.215 -0.236 -9999.0 -9999.0 -9999.0 -9999.0 -9999.0 -9999.0 -9999.0 -9999.0 -9999.0 -9999.0 -9999.0 -9999.0 -9999.0 -9999.0 -9999.0 -9999.0 -9999.0 -9999.0 -9999.0 -9999.0 -9999.0 -9999.0 -9999.0 -9999.0 -9999.0 -9999.0 -9999.0 -9999.0 -9999.0
1.065 0.572 3.069 6.375 4.339 5.165 1.546 1.021 0.167 -0.048 0.774 0.117 0.407 0.36 -0.12 0.868 0.543 0.31 0.052 0.301 0.073 0.006 -0.031 -0.14 0.054 -0.094 0.024 0.024 -0.176 0.025 0.025 0.023 0.869 0.927 1.582 0.998 1.581 1.063 0.942 0.887 0.875 0.041 0.033 -9999.0 -9999.0 -9999.0 -9999.0 -9999.0 -9999.0 -9999.0 -9999.0 -9999.0 -9999.0 -9999.0 -9999.0 -9999.0 -9999.0 -9999.0 -9999.0 -9999.0 -9999.0 -9999.0 -9999.0 -9999.0 -9999.0 -9999.0 -9999.0 -9999.0 -9999.0 -9999.0 -9999.0 -9999.0
3.603 1.724 4.26 17.143 6.996 5.476 0.05 0.07 0.234 0.122 -0.279 0.075 0.351 0.839 1.15 0.524 1.037 0.491 0.52 0.088 -0.215 0.009 -0.136 -0.113 0.093 0.26 0.024 0.024 0.024 0.015 0.026 0.174 1.125 0.959 0.923 1.519 1.688 1.648 1.054 0.931 -0.543 0.673 0.025 0.068 -9999.0 -9999.0 -9999.0 -9999.0 -9999.0 -9999.0 -9999.0 -9999.0 -9999.0 -9999.0 -9999.0 -9999.0 -9999.0 -9999.0 -9999.0 -9999.0 -9999.0 -9999.0 -9999.0 -9999.0 -9999.0 -9999.0 -9999.0 -9999.0 -9999.0 -9999.0 -9999.0 -9999.0
5.093 6.113 9.363 9.522 0.13 4.597 13.922 6.9 0.306 0.024 -0.146 0.738 0.247 0.446 0.5 1.806 0.672 0.627 -0.028 -0.042 -0.054 -0.29 -0.181 -0.112 0.014 0.09 0.024 0.024 0.025 0.143 0.017 0.026 0.992 0.914 0.891 1.104 1.927 1.101 1.064 0.953 0.127 0.638 1.54 0.122 -9999.0 -9999.0 -9999.0 -9999.0 -9999.0 -9999.0 -9999.0 -9999.0 -9999.0 -9999.0 -9999.0 -9999.0 -9999.0 -9999.0 -9999.0 -9999.0 -9999.0 -9999.0 -9999.0 -9999.0 -9999.0 -9999.0 -9999.0 -9999.0 -9999.0 -9999.0 -9999.0 -9999.0
2.143 6.802 0.012 0.017 1.231 1.345 0.317 0.287 0.125 0.252 0.118 0.056 0.487 1.223 1.167 1.632 1.229 0.569 -0.19 -0.144 -0.275 -0.088 0.018 0.019 0.017 0.025 0.024 0.024 0.026 0.146 0.018 0.025 1.067 0.993 0.937 1.267 1.233 0.979 1.043 1.006 0.313 0.721 -0.096 0.402 -9999.0 -9999.0 -9999.0 -9999.0 -9999.0 -9999.0 -9999.0 -9999.0 -9999.0 -9999.0 -9999.0 -9999.0 -9999.0 -9999.0 -9999.0 -9999.0 -9999.0 -9999.0 -9999.0 -9999.0 -9999.0 -9999.0 -9999.0 -9999.0 -9999.0 -9999.0 -9999.0 -9999.0
0.403 5.591 0.015 0.028 0.017 0.023 -0.56 0.217 0.27 -0.215 1.818 -0.123 1.17 1.245 1.02 1.635 1.344 1.251 -0.151 -0.228 0.217 -0.099 0.005 0.026 0.886 0.025 0.807 0.807 0.024 0.028 0.025 0.025 1.095 0.962 0.94 1.166 1.014 1.82 1.084 0.448 0.504 0.132 0.194 0.392 -9999.0 -9999.0 -9999.0 -9999.0 -9999.0 -9999.0 -9999.0 -9999.0 -9999.0 -9999.0 -9999.0 -9999.0 -9999.0 -9999.0 -9999.0 -9999.0 -9999.0 -9999.0 -9999.0 -9999.0 -9999.0 -9999.0 -9999.0 -9999.0 -9999.0 -9999.0 -9999.0 -9999.0
0.489 0.024 0.028 8.287 0.028 0.014 0.328 -0.113 0.974 0.105 2.021 0.379 1.122 1.121 1.196 1.419 1.677 1.334 -0.064 -0.168 -0.119 -0.434 -0.071 -0.129 0.886 0.275 0.808 0.77 0.025 0.026 0.024 0.024 1.084 0.943 1.139 1.095 1.421 1.095 1.121 0.249 1.324 1.193 0.084 -9999.0 -9999.0 -9999.0 -9999.0 -9999.0 -9999.0 -9999.0 -9999.0 -9999.0 -9999.0 -9999.0 -9999.0 -9999.0 -9999.0 -9999.0 -9999.0 -9999.0 -9999.0 -9999.0 -9999.0 -9999.0 -9999.0 -9999.0 -9999.0 -9999.0 -9999.0 -9999.0 -9999.0 -9999.0
0.014 0.024 8.052 8.593 3.502 2.442 1.428 4.303 1.165 1.305 1.738 1.193 0.903 0.953 1.649 1.382 0.884 1.232 0.93 -0.294 -0.461 -0.747 -0.136 -0.615 0.742 -0.548 -0.665 -0.673 0.459 0.026 0.059 0.954 0.979 0.438 0.276 0.258 0.21 0.976 0.894 0.917 1.183 1.631 -0.255 -9999.0 -9999.0 -9999.0 -9999.0 -9999.0 -9999.0 -9999.0 -9999.0 -9999.0 -9999.0 -9999.0 -9999.0 -9999.0 -9999.0 -9999.0 -9999.0 -9999.0 -9999.0 -9999.0 -9999.0 -9999.0 -9999.0 -9999.0 -9999.0 -9999.0 -9999.0 -9999.0 -9999.0 -9999.0
5.153 1.425 5.977 6.792 3.01 3.129 2.255 6.674 1.391 1.233 2.445 1.438 0.97 1.281 2.202 1.303 1.368 -0.255 0.536 0.316 -0.749 -0.616 -0.696 -0.749 -0.673 -0.505 -0.618 0.461 0.744 -0.021 -0.627 0.358 0.177 0.628 0.159 0.106 0.987 -0.374 -0.658 -0.617 -0.9 0.278 -0.437 -9999.0 -9999.0 -9999.0 -9999.0 -9999.0 -9999.0 -9999.0 -9999.0 -9999.0 -9999.0 -9999.0 -9999.0 -9999.0 -9999.0 -9999.0 -9999.0 -9999.0 -9999.0 -9999.0 -9999.0 -9999.0 -9999.0 -9999.0 -9999.0 -9999.0 -9999.0 -9999.0 -9999.0 -9999.0
0.617 1.157 6.253 1.746 2.707 2.325 1.658 7.359 1.642 1.29 1.403 1.178 1.211 2.642 2.447 2.736 -0.239 0.994 0.067 -0.743 -0.047 -0.6 -0.336 -0.256 -1.201 -0.538 -0.364 0.736 0.028 0.747 0.057 1.07 0.926 1.036 1.047 0.282 -0.638 -0.647 -0.634 -0.02 -0.629 0.936 -0.762 -9999.0 -9999.0 -9999.0 -9999.0 -9999.0 -9999.0 -9999.0 -9999.0 -9999.0 -9999.0 -9999.0 -9999.0 -9999.0 -9999.0 -9999.0 -9999.0 -9999.0 -9999.0 -9999.0 -9999.0 -9999.0 -9999.0 -9999.0 -9999.0 -9999.0 -9999.0 -9999.0 -9999.0 -9999.0
0.884 0.929 2.713 2.882 3.243 2.107 1.559 8.4 2.161 1.708 1.204 1.136 0.538 1.903 1.778 0.947 1.611 0.035 0.03 -0.747 -0.224 -0.742 -0.369 -0.732 -0.538 -0.499 -0.493 -0.015 0.027 0.735 0.035 1.023 0.882 1.699 0.297 -0.497 -0.652 -0.664 -0.561 -0.337 -0.101 1.301 0.109 -0.411 -9999.0 -9999.0 -9999.0 -9999.0 -9999.0 -9999.0 -9999.0 -9999.0 -9999.0 -9999.0 -9999.0 -9999.0 -9999.0 -9999.0 -9999.0 -9999.0 -9999.0 -9999.0 -9999.0 -9999.0 -9999.0 -9999.0 -9999.0 -9999.0 -9999.0 -9999.0 -9999.0 -9999.0
-0.213 0.452 0.882 7.416 2.44 2.473 -0.757 0.023 -0.194 1.898 1.372 1.419 1.776 1.704 1.755 1.576 0.12 0.032 0.043 -0.515 -0.532 -0.718 -0.605 -0.341 -0.534 -0.452 -0.535 -0.019 0.241 0.062 0.027 0.745 0.342 0.73 0.116 0.077 0.096 0.186 -0.264 -0.659 -0.675 -0.67 0.932 -0.366 -9999.0 -9999.0 -9999.0 -9999.0 -9999.0 -9999.0 -9999.0 -9999.0 -9999.0 -9999.0 -9999.0 -9999.0 -9999.0 -9999.0 -9999.0 -9999.0 -9999.0 -9999.0 -9999.0 -9999.0 -9999.0 -9999.0 -9999.0 -9999.0 -9999.0 -9999.0 -9999.0 -9999.0
-0.112 0.066 0.093 0.891 -0.782 0.811 0.003 0.023 -0.815 2.798 1.222 1.696 1.1 1.058 0.965 0.149 0.084 0.039 0.291 -0.014 -0.582 -0.689 -0.755 -0.516 -0.543 -0.26 -0.586 -0.753 -0.752 -0.753 0.032 0.757 0.764 0.699 -0.722 -0.694 0.204 0.395 -0.654 -0.672 -0.677 -0.169 -0.444 -9999.0 -9999.0 -9999.0 -9999.0 -9999.0 -9999.0 -9999.0 -9999.0 -9999.0 -9999.0 -9999.0 -9999.0 -9999.0 -9999.0 -9999.0 -9999.0 -9999.0 -9999.0 -9999.0 -9999.0 -9999.0 -9999.0 -9999.0 -9999.0 -9999.0 -9999.0 -9999.0 -9999.0 -9999.0
-0.058 0.154 0.359 0.187 0.259 -0.559 0.028 0.014 0.025 0.028 2.069 1.395 0.956 0.927 0.798 -0.005 0.254 0.174 0.978 0.203 -0.69 -0.544 -0.719 -0.697 -0.44 0.193 -0.6 0.026 -0.752 0.026 0.424 1.119 1.739 1.701 -0.559 -0.645 0.192 -0.017 0.257 -0.266 -0.318 -0.398 0.379 -9999.0 -9999.0 -9999.0 -9999.0 -9999.0 -9999.0 -9999.0 -9999.0 -9999.0 -9999.0 -9999.0 -9999.0 -9999.0 -9999.0 -9999.0 -9999.0 -9999.0 -9999.0 -9999.0 -9999.0 -9999.0 -9999.0 -9999.0 -9999.0 -9999.0 -9999.0 -9999.0 -9999.0 -9999.0
-0.016 0.057 0.171 0.044 0.644 0.039 0.015 0.014 0.025 1.143 1.601 0.406 0.106 0.094 0.075 0.076 0.438 0.029 1.088 -0.718 -0.664 -0.42 -0.726 -0.696 -0.595 0.002 -0.601 0.026 0.125 0.026 1.176 1.147 1.796 -0.268 0.595 0.255 -0.254 0.372 0.231 -0.071 -0.701 -0.7 -9999.0 -9999.0 -9999.0 -9999.0 -9999.0 -9999.0 -9999.0 -9999.0 -9999.0 -9999.0 -9999.0 -9999.0 -9999.0 -9999.0 -9999.0 -9999.0 -9999.0 -9999.0 -9999.0 -9999.0 -9999.0 -9999.0 -9999.0 -9999.0 -9999.0 -9999.0 -9999.0 -9999.0 -9999.0 -9999.0
