static/jobfarm/user_models/minyf/common/HOME-GBHM/输出文件/Output/Grids/runoff20020224.asc
ncols 221
nrows 204
xllcorner -627000.0
yllcorner 3955000.0
cellsize 900.0
NODATA_value -9999.0
[rows 96 to 127 of 204, columns 72 to 143 of 221]
4.682 5.835 4.687 2.699 2.474 1.496 0.362 0.676 0.414 0.163 0.254 0.321 1.038 3.157 1.045 1.863 0.904 0.706 0.043 0.032 0.044 0.036 0.087 0.032 0.161 0.092 0.11 0.12 0.115 0.075 0.136 -0.042 0.088 0.185 -0.065 -0.421 -0.259 0.163 0.325 -0.37 -0.153 -0.171 -0.396 0.043 0.034 -0.161 -0.248 -0.191 -0.203 -0.144 -0.196 -0.278 -0.176 0.01 0.059 -0.115 0.022 0.028 -0.128 0.031 -0.691 0.021 -0.197 0.575 -0.474 -0.687 -0.388 0.371 -0.012 -0.021 -0.067 -0.161
1.157 0.909 1.396 1.824 4.423 2.162 2.703 0.412 0.269 0.099 0.23 0.486 0.857 2.463 1.489 3.683 2.289 4.153 1.27 0.897 1.463 0.847 0.035 -0.073 0.12 0.092 0.25 0.142 -0.327 0.222 0.276 0.059 0.102 -0.292 0.138 0.074 -0.757 0.07 0.104 -0.26 -0.258 0.09 -0.245 0.023 0.04 -0.068 -0.077 -0.179 -0.671 -0.606 -0.068 -0.626 -0.598 0.265 -0.168 -0.346 -0.283 0.027 -0.033 0.02 0.182 0.015 0.027 0.034 -0.274 -0.706 -0.087 -0.012 -0.004 0.018 0.028 0.055
1.016 0.033 5.645 5.115 0.692 0.964 0.831 0.721 0.303 0.273 0.363 0.512 0.818 1.64 0.985 1.923 -0.089 5.342 4.54 1.657 -0.574 1.083 0.85 -0.286 -0.243 0.073 0.088 0.05 0.163 0.044 0.041 -0.079 -0.375 -0.352 -0.29 -0.267 0.197 -0.173 0.257 0.095 0.169 0.179 0.071 0.038 0.033 -0.178 -0.725 -0.35 -0.557 -0.597 -0.613 0.567 -0.125 -0.553 -0.045 -0.153 -0.115 -0.255 -0.127 -0.117 -0.23 2.477 -0.217 0.23 -0.329 -0.722 -0.704 -0.087 -0.059 -0.196 -0.104 0.06
2.893 0.025 -0.109 -0.107 0.023 -1.38 -0.31 -0.231 0.98 0.436 0.293 0.373 1.069 0.315 0.897 1.164 3.37 1.925 0.722 6.733 9.38 3.726 0.729 -0.374 0.076 0.065 0.055 0.695 0.164 0.671 -0.634 -0.6 -0.64 -0.052 -0.41 -0.253 0.019 0.718 -0.452 -0.188 -0.222 -0.268 -0.29 0.033 -0.031 -0.631 -0.551 -0.72 0.809 0.81 -0.442 0.825 0.078 0.132 -0.207 0.011 0.026 -0.103 -0.294 -0.184 0.71 1.876 0.7 0.187 -0.516 -0.19 -0.024 -0.459 -0.01 0.057 0.039 0.105
-0.128 -0.055 -0.221 -0.022 0.03 0.077 -0.684 0.033 0.031 -0.759 0.812 -0.759 0.81 -0.005 3.916 2.295 1.29 1.574 0.732 1.225 1.07 1.147 1.066 -0.178 0.077 -0.254 0.113 0.138 -0.578 -0.356 -0.457 -0.595 -0.664 -0.099 -0.189 -0.031 0.234 -0.482 -0.432 -0.212 -0.376 -0.373 0.048 -0.027 0.036 -0.372 -0.357 0.806 0.81 1.578 -0.442 -0.307 0.89 -0.318 -0.335 -0.183 1.135 2.769 0.028 0.029 0.047 1.549 0.048 0.205 -0.457 -0.209 -0.596 -0.144 -0.114 0.052 0.083 -0.222
0.018 -0.572 0.025 -0.1 0.031 -1.075 0.039 0.023 -0.503 0.224 -0.758 -0.78 -0.553 -0.937 0.0 4.386 2.894 4.21 5.437 3.784 -0.339 -0.732 -0.706 -0.001 0.06 0.135 0.216 0.135 0.772 0.149 -0.614 -0.596 -0.638 -0.649 -0.452 0.194 0.138 -0.448 -0.426 -0.238 -0.37 -0.217 0.049 -0.341 -0.405 -0.662 0.813 0.812 -0.33 0.815 -0.375 -0.391 0.732 0.091 -0.038 -0.248 -0.168 0.028 2.078 0.024 0.386 1.377 0.042 -0.401 -0.384 -0.339 -0.718 -0.704 0.014 0.187 0.156 0.032
-0.249 -0.171 0.015 0.142 0.051 0.046 0.057 0.01 0.023 1.433 0.05 0.51 0.402 0.381 0.0 0.0 0.0 3.096 0.065 0.022 -0.391 -0.38 -0.389 -0.453 0.023 0.262 0.56 0.387 0.183 0.185 -0.418 -0.482 -0.484 -0.65 0.162 0.344 -0.624 -0.477 -0.26 -0.372 -0.042 -0.39 -0.071 0.002 -0.0 -0.067 -0.072 0.881 0.829 0.834 -0.281 -0.353 0.849 0.826 -0.223 -0.338 -0.072 0.008 0.047 1.524 0.419 -0.039 0.699 0.539 0.188 -0.546 -0.267 -0.085 -0.107 0.003 -0.342 -0.179
0.002 -0.131 0.089 -0.145 -0.758 0.038 -0.65 0.033 0.052 -0.008 0.671 1.421 1.157 2.272 1.06 2.815 0.19 0.185 0.072 0.056 0.061 0.102 0.073 0.415 0.175 0.601 -0.015 0.242 0.208 0.19 0.418 -0.392 -0.537 -0.591 -0.139 0.205 -0.328 -0.597 -0.197 0.202 -0.392 -0.589 -0.097 -0.12 -0.016 -0.049 -0.068 -0.02 0.234 0.856 -0.218 -0.434 0.214 -0.495 -0.308 -0.313 0.162 -0.244 1.612 1.166 0.587 1.142 0.701 -0.221 -0.248 -0.451 -0.074 -0.087 -0.188 -0.105 -0.122 0.209
0.149 0.203 2.003 1.153 0.058 -0.766 -0.759 0.075 0.052 1.078 1.433 2.501 2.358 -0.01 0.0 0.052 0.059 0.209 0.852 0.78 0.305 0.372 0.405 0.248 0.571 0.254 0.235 0.305 0.235 0.243 0.407 0.347 -0.367 -0.312 -0.674 -0.129 -0.548 -0.259 0.182 -0.317 -0.313 -0.37 -0.222 -0.032 -0.125 0.001 -0.055 -0.097 0.321 -0.325 0.779 0.802 0.17 0.119 0.003 -0.023 -0.292 0.089 0.463 0.235 -0.247 0.287 0.057 0.051 -0.435 -0.295 -0.064 -0.1 -0.102 -0.104 -0.088 0.047
0.044 0.113 0.503 0.266 0.965 0.229 -0.198 0.236 0.13 0.244 0.358 1.639 0.365 0.846 1.762 0.0 0.112 0.372 0.225 0.237 0.299 0.246 0.04 0.497 0.305 0.23 0.178 0.054 0.358 0.457 0.14 -0.614 -0.58 -0.689 0.114 -0.064 -0.054 0.263 0.177 -0.197 -0.382 -0.176 -0.072 0.007 -0.0 0.007 0.004 -0.007 0.225 -0.222 0.061 -0.396 0.025 -0.367 -0.002 -0.033 0.008 -0.046 0.107 -0.089 0.013 0.326 0.435 0.065 0.081 0.085 -0.104 -0.106 -0.109 -0.102 -0.111 -0.084
0.032 0.152 0.193 0.527 1.388 0.724 0.64 0.221 0.16 0.484 1.049 0.35 0.639 0.549 1.461 0.209 0.201 0.17 -0.094 0.791 0.471 0.367 0.478 0.185 0.249 0.24 0.041 0.458 0.242 0.175 0.16 -0.589 -0.686 -0.656 0.27 0.24 0.26 -0.478 -0.26 -0.261 -0.246 -0.104 0.003 -0.066 0.005 -0.051 -0.058 -0.085 0.037 -0.103 -0.225 -0.074 -0.285 -0.207 -0.172 -0.147 0.024 0.004 0.004 -0.147 0.026 -0.689 0.151 0.277 0.036 -0.08 -0.106 -0.101 -0.113 -0.063 -0.113 -0.106
0.045 0.62 0.498 0.417 -0.03 1.428 0.619 0.185 -0.005 2.079 1.342 1.71 0.956 0.049 1.876 0.307 0.209 -0.157 0.45 0.172 0.717 0.282 0.15 0.347 0.315 0.178 0.651 0.307 0.195 0.039 0.188 -0.61 -0.635 -0.663 -0.389 0.137 -0.283 -0.614 -0.261 0.094 -0.358 -0.01 -0.061 0.023 0.023 0.023 0.084 -0.001 0.036 0.034 -0.274 0.052 -0.021 0.447 0.009 -0.467 -0.658 0.003 -0.018 0.01 0.023 -0.254 0.041 1.152 0.394 0.062 -0.071 0.375 -0.137 0.457 -0.082 -0.081
0.488 0.295 0.435 1.652 0.75 1.219 0.445 0.354 0.315 0.043 1.388 2.587 0.908 0.664 0.709 0.28 0.175 0.17 -0.473 -0.064 0.012 0.574 0.007 -0.175 0.162 0.139 0.017 0.366 0.378 0.101 0.146 -0.63 -0.596 -0.416 -0.656 -0.142 -0.051 -0.2 -0.028 0.102 -0.156 -0.082 0.022 0.024 0.024 0.265 0.023 0.023 0.073 -0.089 -0.196 -0.076 -0.124 -0.071 0.223 0.003 -0.054 -0.326 -0.075 -0.026 0.023 -0.174 0.044 1.253 0.047 0.035 0.039 -0.093 0.623 0.877 0.352 -0.101
0.578 0.482 0.426 0.675 1.542 1.47 1.041 0.357 0.347 0.062 0.038 3.053 3.051 0.516 0.023 0.114 0.142 0.21 0.691 0.021 0.031 0.421 0.821 -0.201 0.16 0.164 0.122 0.107 0.326 0.529 0.572 -0.195 -0.515 0.026 -0.448 0.355 0.394 0.169 0.2 -0.226 -0.162 -0.603 0.673 0.023 0.023 0.802 0.023 -0.029 -0.102 -0.037 -0.207 -0.115 -0.069 -0.099 -0.114 -0.282 -0.018 -0.038 -0.05 0.491 1.198 0.58 1.017 0.631 0.105 0.048 0.02 0.062 0.153 0.689 -0.097 0.067
0.997 0.346 0.292 1.62 0.578 1.401 1.971 0.804 0.384 0.051 0.037 4.182 4.619 0.087 0.307 0.206 0.49 0.035 -0.032 -0.005 0.199 -0.042 0.258 0.22 0.273 0.238 0.285 0.187 0.101 0.52 0.797 -0.143 -0.452 -0.576 0.122 0.14 -0.337 -0.149 -0.466 0.037 0.043 -0.076 0.023 0.023 0.024 0.022 0.024 0.042 0.023 -0.092 -0.094 -0.035 0.024 0.031 0.05 -0.187 -0.269 -0.106 -0.019 0.15 0.529 1.036 0.825 0.441 0.342 0.098 0.034 0.052 1.146 1.623 0.209 0.082
0.052 0.655 1.077 0.627 2.738 0.05 0.067 1.613 0.297 0.339 1.176 3.537 6.176 2.048 0.604 0.399 0.513 0.332 0.187 0.61 0.04 0.093 0.072 -0.348 0.032 0.034 0.076 0.2 0.173 0.042 -0.456 -0.136 -0.165 -0.175 -0.556 0.155 0.032 -0.012 0.043 0.042 0.054 -0.063 0.023 0.024 0.024 0.023 0.024 0.024 -0.137 -0.196 -0.086 -0.09 0.024 -0.16 -0.098 0.254 2.514 0.047 -0.152 0.053 0.821 0.329 0.466 0.575 0.242 0.14 0.062 0.103 1.734 0.311 0.128 0.083
3.183 1.133 1.314 0.838 2.729 0.792 0.053 1.059 0.925 0.331 0.736 0.818 1.882 7.779 -0.761 -0.201 -1.689 -0.981 0.158 0.027 0.035 -0.12 -0.016 0.218 0.383 0.099 0.089 0.043 -0.575 -0.564 -0.008 -0.554 -0.602 -0.578 0.222 0.185 0.044 0.032 0.038 -0.006 0.082 -0.052 0.024 0.024 0.024 0.004 0.024 0.023 -0.029 -0.043 -0.003 -0.165 0.837 -0.254 -0.254 -0.203 0.704 3.115 0.573 0.058 1.882 1.871 1.098 0.667 -0.005 0.367 0.127 0.215 1.286 0.331 0.132 0.111
1.234 1.252 1.476 0.678 2.114 0.648 0.038 0.047 0.996 0.298 0.236 0.614 1.823 1.269 -0.491 -0.782 -0.789 0.068 0.088 0.215 0.049 -0.092 0.05 0.248 0.121 0.163 0.099 0.109 0.219 0.636 1.156 0.108 -0.619 -0.32 -0.312 0.156 0.054 -0.126 0.283 0.038 -0.167 0.302 0.198 0.242 0.023 0.024 0.156 0.199 0.027 0.861 -0.208 0.428 0.856 -0.132 -0.231 -0.16 -0.222 0.049 3.861 0.832 2.626 1.094 0.557 0.582 0.789 0.178 0.169 0.169 2.089 0.539 0.174 0.209
1.079 0.762 1.674 1.549 2.535 0.758 0.396 0.059 0.838 0.112 0.254 0.245 0.086 0.052 1.06 3.151 0.244 0.546 0.128 0.1 -0.105 0.124 0.239 0.293 0.345 0.266 0.273 0.091 0.55 0.532 0.049 0.041 0.16 0.031 0.121 -0.099 0.093 0.023 0.023 0.024 0.023 0.023 0.085 0.014 -0.029 0.024 0.161 -0.007 0.068 0.852 0.829 0.102 0.866 0.466 -0.123 0.806 0.389 1.499 7.628 2.143 2.314 -0.03 0.061 0.013 -0.119 0.731 0.133 0.146 1.68 0.69 0.487 0.259
0.482 0.651 -0.065 -0.273 1.73 0.774 0.079 0.474 2.462 0.664 0.515 0.089 2.376 2.825 -0.007 2.484 0.391 2.088 0.293 0.233 0.146 0.208 0.165 -0.307 0.064 0.058 0.439 0.19 0.32 3.766 0.037 0.047 0.037 0.035 -0.255 -0.12 0.024 0.024 0.024 0.024 0.024 0.023 0.384 0.908 0.016 0.023 0.015 0.04 0.059 0.023 0.024 0.83 0.833 0.859 0.864 0.324 -0.294 1.343 4.54 1.892 1.47 0.071 0.053 0.252 0.796 0.002 0.177 0.253 0.539 4.861 0.994 1.089
-0.062 0.09 0.113 1.193 1.09 0.395 0.634 0.634 3.831 1.182 0.487 0.642 0.138 3.518 2.616 3.769 0.184 0.891 0.156 0.052 0.148 0.12 0.157 0.091 0.045 0.043 0.486 0.307 0.631 2.587 -0.005 0.035 0.027 0.055 -0.076 -0.104 0.024 0.024 -0.059 0.866 0.805 0.805 0.805 0.015 -0.005 0.025 0.323 0.023 0.023 0.023 0.036 0.851 -0.025 -0.708 -0.728 -0.246 -0.018 0.851 2.511 2.235 1.566 0.665 1.005 0.248 0.266 0.945 1.694 0.574 0.305 0.539 5.701 6.581
0.025 0.022 0.661 0.834 1.329 0.294 0.185 0.212 1.284 0.776 0.795 0.68 0.854 0.989 1.2 0.0 0.258 0.968 0.114 0.061 -0.164 0.305 0.222 0.11 0.059 0.521 0.872 0.583 0.715 2.21 -0.006 -0.009 0.043 0.055 0.05 -0.093 0.024 -0.068 0.903 0.877 0.889 0.805 0.805 -0.044 0.024 0.025 0.294 -0.591 0.024 0.023 0.8 0.802 -0.708 -0.168 -0.713 0.803 0.339 1.229 1.521 0.913 1.012 0.762 0.84 0.513 0.251 0.235 0.417 1.964 0.531 1.386 0.82 1.594
-0.067 -0.037 0.801 0.237 0.17 0.215 0.167 0.157 0.605 0.283 0.361 0.518 1.202 0.232 0.0 0.0 0.0 1.139 2.308 0.485 0.121 0.057 0.086 0.111 0.436 0.846 3.194 0.61 1.024 1.495 3.295 1.916 2.323 0.038 0.09 -0.023 0.805 0.805 0.419 1.182 1.108 -0.288 0.806 0.837 0.223 0.225 0.024 0.024 0.036 0.023 -1.206 0.089 0.934 0.058 0.931 0.304 0.135 1.41 1.214 0.165 1.182 1.007 0.601 0.232 0.384 0.316 0.448 0.335 1.301 3.131 1.271 0.613
0.719 0.169 0.176 0.123 0.407 0.457 0.215 0.807 0.21 0.3 0.38 0.214 0.476 0.344 0.0 0.0 0.0 0.292 0.428 0.76 0.243 0.445 0.118 0.565 3.44 3.191 0.557 0.597 0.051 4.711 0.034 0.038 -0.048 0.056 0.003 -0.191 0.885 1.134 0.978 1.275 0.102 -0.108 -0.353 0.022 0.065 0.239 0.024 0.024 -0.001 0.023 0.802 0.811 0.803 1.025 -0.089 0.137 1.234 0.786 0.441 0.673 0.514 1.286 0.965 0.401 0.418 0.316 0.332 0.383 0.572 2.163 1.456 0.87
0.14 0.16 0.341 0.168 0.274 0.485 1.249 0.235 0.266 0.223 0.343 0.555 1.459 1.711 0.0 0.0 0.0 0.277 0.406 0.346 0.728 0.471 0.26 0.788 3.056 1.358 1.267 0.993 1.612 4.137 0.706 0.298 0.287 0.262 0.256 0.627 0.041 0.365 1.112 1.422 1.048 -0.302 0.026 0.883 0.161 0.163 0.024 0.024 0.022 0.022 0.01 0.8 0.207 0.188 0.227 0.057 1.01 0.646 0.34 0.664 1.284 1.762 4.053 1.24 0.357 0.325 0.262 -0.063 0.196 1.591 3.155 -0.264
0.299 0.193 0.157 0.119 0.27 0.508 0.675 0.638 1.606 0.328 0.104 0.571 1.12 0.0 0.0 1.291 0.776 0.389 1.788 2.722 0.646 0.407 0.193 0.735 1.488 2.842 2.05 1.772 2.034 4.735 0.621 0.917 0.682 0.403 0.408 0.658 0.6 0.852 0.344 0.071 0.997 0.116 0.082 0.901 0.113 0.092 0.023 0.024 0.079 0.805 0.036 0.104 -0.126 0.145 0.054 0.578 0.812 0.541 0.687 1.846 0.677 0.84 2.029 1.195 0.623 2.267 0.332 0.052 -0.13 0.328 0.028 0.028
0.092 0.048 0.149 -0.267 0.222 0.466 0.807 2.545 1.139 0.35 0.233 1.488 0.0 0.0 0.0 1.058 0.875 0.897 1.949 0.511 0.626 0.11 0.099 0.834 1.241 1.73 1.347 2.181 2.254 6.214 0.57 0.99 0.889 0.775 0.535 1.01 0.788 0.622 0.054 0.076 0.359 0.197 0.084 0.05 -0.528 0.44 -0.036 0.116 0.049 -0.091 0.043 0.04 0.047 0.125 0.045 1.296 0.519 0.428 0.747 0.596 0.613 1.918 0.339 0.372 0.048 2.036 0.267 0.015 -0.21 0.034 -0.273 -0.249
0.291 -0.118 0.289 -0.277 0.21 0.401 1.713 0.369 0.92 0.311 0.769 0.87 0.416 0.255 0.364 0.664 1.748 0.946 2.171 1.799 0.282 0.179 0.094 0.603 0.971 1.095 2.497 1.183 1.327 3.753 0.584 2.22 1.764 0.852 0.844 1.885 0.998 1.027 0.796 0.075 0.094 -0.532 -0.465 -0.688 -0.535 -0.096 0.526 0.038 0.038 0.037 0.039 0.051 0.166 -0.692 -0.685 1.17 0.023 0.022 0.025 0.367 0.369 1.409 0.025 0.025 0.028 0.025 0.024 -0.137 0.025 -0.09 -0.272 -0.202
0.227 0.23 0.417 -0.062 0.232 0.448 0.301 0.727 0.92 0.291 0.27 0.282 0.384 0.121 0.133 0.251 0.173 0.529 0.703 1.356 0.237 0.236 0.178 0.171 1.046 1.22 0.736 1.325 0.942 3.16 0.71 3.337 0.419 0.99 4.129 0.315 1.555 0.701 0.605 0.054 0.074 -0.046 -0.585 0.101 -0.133 -0.41 0.638 0.003 -0.112 0.31 -0.59 0.382 0.024 -0.481 0.047 1.138 -0.329 -0.643 0.022 0.022 0.522 0.626 0.599 0.44 0.028 0.028 -0.078 0.001 0.025 -0.024 0.02 -0.098
0.201 0.112 -0.008 0.064 0.506 0.429 0.582 0.516 0.289 0.067 0.493 0.11 0.055 0.316 0.208 0.343 0.274 0.283 1.448 0.359 0.352 0.224 0.248 0.473 0.622 0.741 1.172 1.316 0.235 2.478 2.426 1.447 0.418 3.119 0.408 0.313 1.4 1.165 0.56 0.429 0.039 0.055 0.039 0.082 0.022 0.752 -0.056 0.022 -0.108 -0.274 -0.113 -0.224 0.024 -0.097 0.047 0.645 0.025 1.105 0.467 0.821 0.544 -0.089 0.688 2.096 -0.051 -0.04 -0.149 0.025 -0.044 -0.098 -0.048 -0.085
0.142 0.048 0.029 0.078 0.135 -0.324 0.26 0.209 -0.009 0.535 0.073 0.113 0.247 0.071 0.728 0.557 0.278 0.269 0.477 0.868 1.437 1.682 2.127 2.19 2.992 2.024 1.254 0.454 0.918 0.679 0.911 0.75 2.723 0.862 0.812 0.955 0.516 2.567 0.579 0.385 0.035 0.197 0.369 0.495 -0.389 0.187 0.339 -0.723 -0.715 -0.389 -0.629 -0.701 -0.608 0.034 0.065 0.06 0.097 0.025 2.208 0.182 0.346 0.808 2.503 0.646 0.341 -0.253 -0.12 0.025 0.025 -0.188 -0.114 0.042
0.06 0.108 0.083 0.058 -0.048 0.103 0.76 0.567 0.854 0.077 0.329 0.15 0.151 0.24 0.352 0.341 0.665 0.253 0.334 0.168 0.534 0.783 1.457 1.772 1.736 1.41 1.727 1.787 1.53 0.417 0.179 0.4 2.72 1.361 0.938 1.091 0.573 1.391 0.495 0.398 0.378 0.245 -0.226 -0.477 -0.497 -0.349 -0.691 -0.65 -0.649 0.068 0.196 -0.659 -0.737 -0.834 0.011 0.071 0.098 0.061 1.226 1.242 -0.069 1.845 0.645 0.556 0.596 -0.412 -0.318 0.025 -0.006 0.025 0.025 0.016
