static/jobfarm/user_models/minyf/common/HOME-GBHM/输出文件/Output/Grids/runoff20020222.asc
ncols 221
nrows 204
xllcorner -627000.0
yllcorner 3955000.0
cellsize 900.0
NODATA_value -9999.0
[rows 93 to 123 of 204, columns 71 to 141 of 221]
0.821 4.839 2.061 1.74 6.324 16.116 5.957 18.524 -6.061 -5.657 -13.074 -13.844 -10.502 -9.155 -4.705 19.041 19.081 19.11 11.86 12.092 0.983 3.81 17.174 17.316 -7.343 -0.412 -1.475 -1.621 -3.096 -3.106 -1.828 -1.824 -2.181 -2.119 -1.902 -0.679 -0.835 -1.477 0.326 -0.801 -11.965 0.17 0.4 0.057 0.084 0.048 0.059 0.025 -6.506 -15.238 -13.646 -0.615 0.064 0.169 -4.385 -1.655 -1.228 0.241 0.281 0.291 0.41 3.03 0.395 0.213 -0.13 -1.765 -1.644 -0.977 -18.118 -17.184 -16.717
0.484 4.531 1.331 2.348 7.198 12.704 18.714 12.25 18.517 9.777 14.535 14.478 -0.37 -3.066 -9.041 -4.118 -3.987 -4.929 -7.563 18.886 18.83 2.476 6.397 6.753 -2.813 -9.651 -11.223 -12.36 -1.771 -1.925 0.397 0.209 0.109 0.138 0.351 -2.709 -2.472 -1.355 0.79 -12.031 0.807 0.119 0.09 0.042 0.051 0.05 0.041 -2.814 -0.957 -0.147 -0.243 0.275 0.177 0.363 0.151 0.142 0.58 1.865 1.377 3.793 1.244 18.305 0.413 0.347 -0.031 -1.689 -1.319 -1.032 -0.824 -0.914 -5.24
2.367 -1.485 1.868 1.807 7.677 6.338 18.723 18.736 16.878 17.112 14.872 14.072 -0.308 -3.392 -8.113 17.408 -11.106 -16.123 -16.484 -16.304 -10.017 -10.78 -10.133 6.674 -5.815 -1.629 -1.531 -1.681 0.306 0.342 0.061 -8.013 -11.236 0.64 0.516 0.097 0.08 -1.673 0.191 -13.138 -0.002 -0.045 0.004 0.035 0.038 0.039 0.032 0.043 0.07 -0.651 -0.467 -0.443 -0.851 0.148 0.211 0.051 -0.751 0.13 0.217 0.277 0.932 18.896 1.011 1.26 0.376 -1.437 -1.217 -0.727 -0.939 -0.34 -1.003
0.137 7.681 7.84 9.942 4.346 16.616 16.088 12.622 17.118 17.239 -20.929 -5.593 -5.372 -5.309 17.02 3.321 -4.749 -11.159 -13.205 -1.854 -1.671 -1.283 -1.455 -1.379 0.262 -1.843 -3.001 -3.166 -2.151 -1.615 -0.217 -12.713 -1.422 -14.507 -19.709 -0.378 -0.769 -3.1 -3.607 -13.658 -1.545 -1.529 -0.247 -1.12 -0.133 -1.667 -0.298 -0.112 -0.135 -0.005 -0.078 -0.208 0.084 -0.203 0.388 0.125 0.061 0.043 0.11 0.156 0.161 1.926 16.24 1.675 0.493 -0.461 -14.436 -2.72 -4.178 -3.376 -3.684
-0.181 -1.049 1.04 1.55 2.603 18.09 10.052 19.047 7.343 -5.542 3.747 16.177 0.786 1.439 5.355 2.897 17.063 -7.304 8.138 2.999 -0.815 3.137 -0.893 -1.439 0.465 -1.512 -2.9 -13.063 -3.108 -0.042 -12.403 -15.612 -4.019 -0.312 0.114 -21.23 -21.341 -2.249 -2.531 -8.241 -1.645 -1.597 -16.718 -0.398 -8.375 -1.983 -0.457 -0.409 -0.207 -0.096 -0.015 -0.309 0.027 -0.182 0.195 0.074 0.26 0.291 0.162 0.207 0.496 7.535 19.174 1.412 0.516 -0.913 -20.747 -4.34 -2.374 -2.52 -1.874
-0.113 -1.099 0.532 8.708 10.01 1.704 9.084 18.451 12.81 -5.432 5.379 15.589 -1.713 -0.185 3.265 2.024 7.127 0.961 11.26 9.819 5.364 1.834 -0.613 -0.889 0.376 0.126 -0.447 -0.342 -2.547 -21.206 -0.036 -0.013 -0.005 -0.264 -0.762 -0.181 -0.06 -1.682 0.028 -16.736 -9.611 -16.043 -15.996 -9.027 -2.194 -2.162 -1.007 -8.708 -0.424 -0.379 -0.326 -0.259 -0.964 -0.271 -0.729 0.353 0.278 0.295 0.218 0.222 0.226 1.34 3.529 1.438 0.353 -1.125 -2.393 -20.361 -9.727 -16.077 -0.01
-10.42 -11.819 -5.333 0.011 -0.372 -2.588 -3.451 -3.808 -2.808 -7.015 5.504 5.395 0.582 10.248 5.756 6.132 6.199 17.007 3.627 1.23 17.893 18.495 -8.693 -1.08 0.206 0.553 0.375 0.194 -0.886 -4.822 -0.688 0.117 0.077 0.071 -0.125 0.18 -0.24 -0.397 -10.969 -0.559 -1.039 -1.271 -1.632 -0.744 -2.089 -0.618 -0.504 -0.861 -7.582 -13.347 -11.639 -0.343 -9.914 -0.194 -0.692 0.031 0.377 6.862 0.288 0.193 0.223 0.935 2.632 0.924 0.268 -0.77 -0.969 -8.55 -16.49 -6.02 -14.4
-11.453 0.535 -0.253 -1.56 -3.781 -3.332 -3.752 -1.358 -0.68 -0.853 -1.569 9.905 -0.439 1.587 2.145 19.121 18.927 6.595 6.838 1.292 1.843 1.655 1.75 2.852 0.116 0.498 -0.13 -2.985 -0.38 -0.33 -6.137 -1.188 0.105 -0.132 0.091 0.055 0.175 -7.361 0.213 -1.165 -0.923 -1.213 -1.35 -2.018 -0.609 -10.349 -1.589 -0.451 -2.347 -21.467 -22.809 -0.567 -2.349 -1.806 -0.36 -0.045 0.271 1.617 3.9 0.32 0.312 0.777 -2.805 0.826 0.174 -0.754 -0.947 -18.46 -2.228 -2.816 -1.945
0.211 -14.572 -4.597 -2.152 -4.726 -3.307 -4.058 -9.406 12.603 9.272 4.561 -0.865 -1.02 -0.884 0.212 9.081 19.178 18.999 19.157 17.682 16.959 0.431 0.175 0.223 0.203 0.132 -4.513 -1.782 0.108 -3.361 -0.003 -0.016 0.098 0.091 -0.002 0.287 -2.101 -0.386 -0.239 -0.406 -1.377 -1.611 -1.244 -1.698 -0.571 -0.487 -4.31 -10.164 -4.217 -0.039 -12.083 -0.565 -0.428 -1.273 -0.15 0.079 0.182 0.078 0.325 -6.462 0.139 -0.883 -1.139 0.649 1.222 -0.664 -0.534 -2.414 -3.339 -2.154 -1.231
0.027 -1.406 -17.166 -17.013 -17.472 -22.9 -20.263 -18.583 9.1 10.604 -20.345 -16.696 -6.508 -1.149 -0.703 19.331 19.272 18.873 18.768 0.729 0.322 0.392 0.341 0.62 0.168 1.367 0.672 -0.093 -0.552 -0.899 -0.877 -0.393 -0.081 0.209 -0.611 -0.131 -7.623 0.181 -0.05 -0.462 -0.465 -0.315 -0.364 -0.102 0.036 0.055 0.022 0.025 -1.831 -7.027 -5.504 -0.959 0.266 -2.784 -5.539 -0.02 -0.056 0.324 0.152 0.273 -2.637 -12.732 0.37 0.318 0.083 0.202 -0.882 0.008 0.02 -0.047 0.06
-0.029 -0.312 -2.055 -3.94 -4.944 -3.135 -3.344 -1.243 -13.88 -12.53 -12.315 0.338 -1.491 -4.46 -14.393 -3.494 -1.842 0.686 0.742 0.913 0.473 0.192 -0.368 0.239 0.537 0.165 0.151 0.061 0.562 -0.666 -0.829 -13.575 -2.881 -0.044 -0.047 -15.101 -2.785 -0.014 -0.091 -0.048 -12.197 -0.587 -0.634 0.013 -0.114 0.027 0.028 0.043 0.029 -0.481 -3.009 0.432 0.391 -0.299 0.246 -0.009 -0.102 0.237 0.215 -4.207 -15.19 -21.635 -15.256 0.32 -3.867 -0.597 -1.226 -0.045 -0.048 -0.009 0.075
-0.097 -5.138 -18.105 -15.47 -13.402 -2.756 -1.294 -0.334 -11.111 -12.515 -10.853 -15.935 -13.399 -13.678 18.814 18.922 0.088 0.292 0.416 -0.42 0.353 0.667 0.367 0.81 0.499 0.58 0.259 0.532 0.81 0.535 -8.942 -10.101 -8.309 -7.369 -4.487 -0.122 -0.155 -0.04 -0.394 -13.217 -0.414 -0.417 -0.482 0.003 -0.023 -0.065 0.053 0.028 0.027 -0.585 0.104 -1.222 -0.551 -0.595 0.427 0.425 0.234 0.065 0.016 0.204 -0.212 18.879 -0.945 -0.727 -3.414 -4.076 -4.186 -0.496 -0.397 -0.38 -0.403
0.027 -0.985 -6.428 -14.664 -23.047 -14.143 -10.391 -0.301 -6.533 -9.558 -10.309 -17.21 -15.39 -20.032 -17.239 -15.627 19.06 -1.373 -2.83 0.151 0.218 0.535 0.271 0.082 -4.001 0.598 0.577 0.39 0.095 -2.167 -2.3 -0.74 -0.608 -0.347 -0.258 -0.638 -1.097 -1.057 -12.816 -13.317 0.011 -0.461 -0.627 -0.085 0.082 0.05 0.081 0.065 0.015 -0.352 0.417 0.334 0.203 1.999 1.615 0.432 0.515 0.253 0.062 -0.35 3.448 18.877 8.038 -0.789 -3.221 -3.196 -3.329 -0.393 -0.412 -0.359 -0.381
0.019 -0.674 -6.029 -17.437 -13.301 -17.142 -8.314 -8.201 -6.94 -8.731 -8.067 -15.742 -12.262 18.707 18.699 18.777 0.592 0.583 0.546 0.078 2.467 -3.28 -6.939 -9.035 -0.082 0.447 0.22 0.038 -0.18 0.561 -0.978 -0.555 -0.414 -0.436 -0.675 -0.062 -1.332 -11.543 -0.391 -0.474 -0.549 -0.448 -1.593 0.063 0.064 0.072 0.037 0.125 -0.087 -3.837 -0.988 0.409 0.301 0.673 0.86 0.967 0.851 0.407 0.339 0.111 3.492 18.963 8.259 -3.26 -10.958 -2.403 -3.122 -0.323 -0.318 -0.326 -0.211
-1.505 -5.9 -13.07 -13.575 -6.674 0.169 -12.725 -1.338 -7.987 -8.417 -12.329 -14.659 18.832 18.733 5.954 18.811 4.903 4.734 0.187 18.873 0.308 -3.824 0.448 0.278 -2.973 0.017 0.137 -4.406 0.289 0.361 0.067 -0.311 -0.579 -0.457 0.036 -10.168 -1.569 -0.124 -0.197 -0.551 -4.128 -0.59 -2.3 0.081 -12.369 -7.754 -4.842 0.179 0.025 -0.454 -3.952 -4.641 -1.654 0.027 0.653 0.403 1.008 0.297 0.341 0.362 0.397 19.106 8.314 -3.454 -14.804 -10.887 -3.229 -0.282 -20.272 -0.202 -19.192
0.178 -9.008 -12.251 -11.246 -15.973 -1.482 -18.064 -0.475 -0.769 -0.807 -4.397 -8.968 18.924 18.73 18.703 18.707 2.242 2.186 18.673 0.391 0.15 0.092 -4.201 0.105 0.342 0.336 0.132 0.042 -2.501 -2.872 0.005 -0.647 -0.717 -1.015 -16.414 -0.641 -0.146 0.038 -0.127 -0.329 -8.806 -0.323 -0.107 -3.503 -12.04 -11.636 -1.2 -3.574 -3.997 0.009 -0.735 -0.906 -0.811 -0.971 -0.403 0.152 0.443 0.368 0.498 0.286 0.402 19.314 18.153 -7.12 -14.404 -8.279 -9.929 -4.859 -0.555 -18.1 -16.303
-12.416 -10.15 -3.133 -3.417 -2.272 -16.383 -12.584 -11.285 -0.643 -0.682 -5.237 -4.274 18.972 18.885 18.692 0.586 7.712 4.567 4.227 0.387 0.169 0.101 -0.542 -0.487 0.328 0.164 0.158 0.11 0.093 -3.81 -15.888 -6.617 -4.166 -2.209 0.053 -10.737 -8.017 -7.474 -6.871 -16.075 -0.009 -0.276 -0.025 -2.516 -4.19 -11.247 -1.526 -3.092 -7.788 -0.834 -0.827 -0.898 -0.697 -0.596 -0.658 -1.926 -1.93 0.367 0.357 0.472 0.36 -3.477 -2.098 -3.549 -1.831 -4.446 -11.164 -5.159 -4.563 -3.665 -15.439
-11.337 0.458 -3.839 -3.408 -15.949 -2.352 -16.866 -14.803 -2.672 -0.119 -5.532 -4.949 -11.702 19.004 -0.973 -21.629 -15.916 -20.057 -22.0 0.41 -0.696 -0.136 -0.408 0.624 0.52 0.645 0.286 0.357 0.345 -0.297 -13.11 -11.933 -7.537 0.174 -1.128 -0.546 -0.521 -0.048 -0.033 -0.193 -3.362 -2.774 -0.729 -2.853 -3.887 -11.591 -3.727 -11.906 0.239 -0.676 -0.564 -0.745 -0.285 -7.544 -0.27 -1.714 -0.413 -0.615 -1.351 0.36 -0.964 -5.513 -1.912 -6.827 -2.328 -2.736 -10.234 -4.958 -4.69 -5.526 -9.007
2.002 0.495 -0.339 1.11 -1.795 -14.077 -1.207 0.313 -17.434 -0.37 -0.247 -7.894 -12.029 -10.688 -7.553 -19.128 -14.253 -13.367 -14.789 -2.246 -1.532 0.272 0.051 -1.751 -1.793 -3.695 -4.137 -4.232 0.424 0.251 -0.277 -0.631 -8.199 -9.481 -12.45 -0.918 -1.444 -3.911 -3.049 -2.622 -2.627 -2.712 0.09 -4.157 -3.662 -12.528 -3.768 -12.181 -3.263 -0.419 -0.23 -0.261 -0.164 -14.954 -0.601 -3.093 -0.681 -1.049 0.129 -0.389 0.147 1.815 -0.302 -0.098 -0.02 -3.56 -8.243 -4.56 -1.11 -7.51 -0.885
1.28 0.654 0.811 0.964 -0.338 -14.102 -0.467 0.032 -5.569 -3.529 -0.224 -9.257 -8.978 -10.468 -12.584 19.388 3.748 18.782 18.72 -1.114 0.106 0.163 0.259 0.232 -0.637 -1.162 -2.937 -4.1 -3.962 0.185 0.016 -0.373 -0.891 -1.411 -3.19 -0.814 -1.143 -3.155 -0.927 0.071 -1.426 -2.586 0.019 -9.459 -12.696 -12.961 -2.366 -12.656 -4.15 -0.595 -0.62 -0.685 -0.14 -16.615 -0.04 -0.481 -0.054 -0.034 -2.077 0.356 0.389 1.605 5.198 -3.36 -0.83 -2.937 -2.064 -1.085 -0.844 -5.379 -0.309
0.468 1.384 0.904 1.422 -0.799 -13.489 -0.892 -0.094 -0.241 -14.488 -0.319 -0.511 -9.652 -14.995 -9.241 18.939 19.145 18.909 -0.382 -19.262 -15.839 -1.059 0.255 0.142 -0.156 -4.373 -1.043 -2.737 -3.651 -5.281 -4.644 -9.926 -14.519 -1.603 -0.802 -0.679 -1.44 -3.342 -0.941 -11.383 -0.918 -1.447 -1.377 -12.952 -12.307 -6.582 -13.044 -15.085 -12.927 -7.965 -12.613 -0.413 -1.372 -12.668 -0.128 -0.268 -0.237 -0.18 0.508 5.014 0.613 7.761 0.881 -0.135 -0.185 -10.214 -2.442 -1.045 -0.954 -6.753 -0.995
0.511 1.168 0.768 0.792 0.668 -14.726 -2.184 -0.288 -0.15 -11.984 0.017 -0.73 -0.76 -14.141 -7.999 18.128 18.683 -17.204 -16.047 -19.32 -2.399 0.013 -2.625 -6.302 -12.668 -10.644 -11.797 -9.95 -10.467 -13.049 -1.711 0.087 0.09 -0.205 -1.282 -1.328 -0.794 -9.124 -2.208 -10.679 -4.032 -3.478 -4.288 -13.474 0.21 0.618 -2.463 -9.519 -13.072 -12.484 -12.895 -12.726 -4.838 -16.546 -0.281 -0.315 -1.221 -5.033 1.121 16.487 2.564 10.683 0.504 0.352 0.073 -0.015 -7.14 -1.249 -1.2 -0.964 -0.023
-1.309 -0.206 0.13 18.843 19.088 -7.062 -0.681 0.24 0.25 -9.99 0.591 0.03 -7.635 18.71 18.776 5.59 -15.165 -20.974 18.284 -16.592 -16.914 -16.829 -12.116 -2.872 -1.955 -3.619 -5.108 -12.705 -14.729 -3.269 1.151 0.122 0.098 0.05 0.039 -0.843 -0.025 -2.205 -2.877 -7.216 -3.796 -2.656 -3.217 -0.329 0.319 0.853 -1.841 0.264 -15.176 -13.757 -3.546 -3.249 -6.45 -2.568 -15.862 -15.81 -0.617 -0.212 1.875 16.594 18.744 3.096 0.965 0.314 0.045 -5.49 0.078 -1.135 -0.952 -0.029 2.903
-3.521 18.692 18.717 18.787 9.986 -4.583 -0.484 0.312 0.312 2.447 0.542 0.251 0.315 -12.885 18.879 -15.216 -14.399 -21.034 -14.143 -1.584 -1.97 -16.802 -2.739 -2.035 -4.498 -5.21 -5.398 -1.888 -2.644 -0.549 -0.594 0.104 0.026 0.067 0.086 -0.975 0.019 -4.457 -12.115 0.042 -12.458 -2.662 -3.749 -0.182 0.169 0.662 -4.567 0.113 -3.114 -3.231 -4.053 -3.113 -17.007 -2.509 -14.733 -6.082 -1.048 -1.198 0.028 8.534 19.033 18.601 2.069 0.996 0.201 -0.039 -2.966 -2.267 0.247 -0.018 0.212
-0.213 18.827 18.775 18.746 18.771 18.841 0.189 0.094 0.103 1.072 0.371 0.737 0.618 4.127 4.205 -13.561 19.344 -14.948 -13.994 -6.795 -1.125 0.12 -12.561 -4.879 -3.184 -4.093 -13.313 -0.53 -0.642 -0.451 -3.395 0.043 0.107 0.094 0.086 -0.616 0.033 -4.045 -4.868 -10.807 -12.09 -11.45 -5.292 -5.432 -0.392 -2.02 -2.635 0.241 -1.352 -11.978 -4.119 -2.785 -0.923 -14.687 0.199 -10.697 -0.62 -0.719 1.813 6.438 7.652 18.158 2.131 2.18 0.729 0.391 -0.066 0.095 -0.097 0.204 0.693
0.028 18.829 18.78 9.742 9.391 -1.019 0.675 -0.081 0.055 0.045 0.227 0.304 1.324 4.329 -2.174 18.83 18.824 19.232 -13.674 18.447 -7.637 -2.402 -0.425 -2.549 -2.672 -2.726 -0.173 -0.394 -0.685 0.178 -3.312 -4.088 -5.958 -2.216 -0.016 -0.603 0.153 -3.056 -4.765 -0.554 -12.043 -16.667 -5.877 -5.128 -0.997 -11.523 -11.47 -0.794 -11.797 -4.092 -4.519 -2.171 -1.329 -6.346 -0.092 -16.638 -0.912 -0.464 6.366 7.869 0.709 18.226 2.809 2.028 1.14 1.463 1.417 0.832 0.165 -5.428 -4.199
1.076 0.198 0.052 0.089 0.267 0.186 0.246 -0.416 18.792 1.156 1.205 1.248 -0.862 -3.417 -1.869 18.94 19.195 18.963 -2.073 -1.01 -1.796 -16.053 -14.812 -2.473 -3.225 0.561 -1.143 -0.861 -0.715 -0.208 0.114 0.153 0.108 0.09 0.087 -0.579 0.114 -11.683 -12.455 -4.136 -11.255 -6.081 -3.864 -4.839 -0.169 -2.145 -11.229 0.524 -15.292 -1.843 -3.568 -3.146 -0.691 -0.43 -15.644 0.006 -0.467 4.973 -5.36 -7.638 -24.094 2.474 2.998 2.781 1.186 1.486 -1.045 -2.83 -0.37 -0.939 -3.048
-0.731 -0.168 -0.451 -7.928 -0.738 -0.249 0.225 0.033 1.514 18.336 -17.46 -5.193 -3.801 9.698 9.834 19.086 19.097 18.958 -6.767 -0.279 -0.433 -0.332 -1.546 -2.3 -0.43 -1.208 -0.677 -0.759 -1.025 -0.455 0.902 0.001 -0.318 -0.326 -0.222 -0.347 0.502 -1.579 -2.283 -12.642 -11.336 -3.293 0.154 -1.062 -6.197 -15.326 -15.203 0.145 -14.811 -1.195 -1.501 -0.254 -0.145 -5.794 -9.123 -0.475 -0.122 -4.789 -5.387 -7.636 -18.985 -4.105 7.266 19.099 6.906 -3.78 -0.848 -0.682 -1.034 -0.0 -1.56
-6.361 -9.307 -4.058 -7.31 0.051 -0.26 0.233 0.383 2.927 18.869 -24.408 -19.506 16.684 9.516 18.857 18.824 -0.404 -4.432 -5.997 -0.092 1.019 -0.556 -1.301 -2.122 -0.478 -0.61 8.942 3.373 3.112 3.43 10.732 0.638 0.938 0.676 -0.239 0.349 0.543 -4.427 -3.936 -1.838 0.065 -2.408 -0.772 0.433 -1.425 -19.578 -9.258 0.789 -17.074 -6.928 -0.716 -0.292 -0.142 0.097 -17.082 -0.179 0.58 -4.126 -3.419 -17.908 -7.046 -5.187 -4.785 -14.549 6.874 -2.538 -8.323 -0.626 -1.589 -0.899 0.08
-1.266 -1.392 -0.61 -11.265 -0.302 -0.388 0.219 0.529 18.869 5.69 -6.455 -3.242 18.443 18.724 18.709 18.812 -2.611 -0.98 -0.947 -1.135 -0.278 -1.164 -1.148 -2.666 -0.387 1.621 7.033 2.034 3.604 3.273 13.215 0.584 1.003 0.908 0.781 0.375 0.977 -1.312 -1.505 -0.46 0.546 0.444 -3.397 0.304 -0.27 -2.883 0.796 1.015 0.789 -4.042 -0.225 -0.091 -0.164 0.008 -11.6 -0.462 6.077 -2.264 -6.054 -16.085 -2.15 -5.433 -14.618 -0.675 -7.049 -1.246 -8.468 -0.691 -1.481 -0.658 -0.862
-0.92 -1.17 0.039 -9.058 -0.275 -0.424 0.196 0.791 0.292 5.572 -3.849 -16.468 6.371 -5.87 -5.674 -5.016 -23.146 -4.172 -3.969 -10.788 -4.452 -0.146 -0.361 -2.696 -0.595 1.332 1.466 5.422 1.198 1.374 6.921 0.578 4.58 2.183 1.253 1.245 3.353 -1.122 2.991 2.781 0.522 0.034 -16.342 -15.828 -2.682 -2.685 0.701 1.319 0.618 -0.237 -0.295 -0.213 0.093 -8.861 -5.123 -0.426 5.99 6.729 14.706 18.279 -2.542 -2.987 -9.506 7.939 8.044 18.902 7.938 -2.11 -0.362 -5.94 -0.719
