static/jobfarm/user_models/minyf/common/HOME-GBHM/输出文件/Output/Grids/runoff20020226.asc
ncols 221
nrows 204
xllcorner -627000.0
yllcorner 3955000.0
cellsize 900.0
NODATA_value -9999.0
[rows 30 to 59 of 204, columns 0 to 65 of 221]
-9999.0 -9999.0 -9999.0 -9999.0 -9999.0 -9999.0 -9999.0 -9999.0 -9999.0 -9999.0 -9999.0 -9999.0 -9999.0 -9999.0 -9999.0 -9999.0 -9999.0 -9999.0 -9999.0 -9999.0 -9999.0 -9999.0 -9999.0 -9999.0 -9999.0 -9999.0 -9999.0 -9999.0 -9999.0 -9999.0 -9999.0 -9999.0 -9999.0 -9999.0 -0.045 0.011 0.004 0.009 0.012 0.012 0.008 0.016 -424.224 0.074 0.066 0.006 0.005 0.021 0.126 0.003 -128548.042 0.033 0.027 0.013 0.034 0.009 -3025.143 -466.498 -22599.596 0.038 0.006 -142688.477 0.013 0.006 0.01 -277.475
-9999.0 -9999.0 -9999.0 -9999.0 -9999.0 -9999.0 -9999.0 -9999.0 -9999.0 -9999.0 -9999.0 -9999.0 -9999.0 -9999.0 -9999.0 -9999.0 -9999.0 -9999.0 -9999.0 -9999.0 -9999.0 -9999.0 -9999.0 -9999.0 -9999.0 -9999.0 -9999.0 -9999.0 -9999.0 -9999.0 -9999.0 -9999.0 -9999.0 -9999.0 -0.06 0.01 0.01 0.013 0.008 0.008 0.013 0.013 -26329.978 0.067 0.019 0.035 0.007 0.009 0.016 0.032 -363.321 -2023.346 0.024 0.014 0.007 0.04 -142.496 0.014 0.016 -3954.698 -104.776 0.015 0.011 0.011 0.009 0.013
-9999.0 -9999.0 -9999.0 -9999.0 -9999.0 -9999.0 -9999.0 -9999.0 -9999.0 -9999.0 -9999.0 -9999.0 -9999.0 -9999.0 -9999.0 -9999.0 -9999.0 -9999.0 -9999.0 -9999.0 -9999.0 -9999.0 -9999.0 -9999.0 -9999.0 -9999.0 -9999.0 -9999.0 -9999.0 -9999.0 -9999.0 -9999.0 -9999.0 -9999.0 0.009 -0.03 0.013 0.014 0.007 0.007 0.007 0.008 0.037 -8.669 0.052 0.02 0.027 0.01 0.032 -343443.044 -0.156 -656.097 0.124 0.002 0.021 0.021 0.013 0.011 0.009 0.016 -131036.833 0.026 0.1 0.008 0.058 0.018
-9999.0 -9999.0 -9999.0 -9999.0 -9999.0 -9999.0 -9999.0 -9999.0 -9999.0 -9999.0 -9999.0 -9999.0 -9999.0 -9999.0 -9999.0 -9999.0 -9999.0 -9999.0 -9999.0 -9999.0 -9999.0 -9999.0 -9999.0 -9999.0 -9999.0 -9999.0 -9999.0 -9999.0 -9999.0 -9999.0 -9999.0 -9999.0 -9999.0 -9999.0 0.002 0.002 -0.047 -0.007 -0.007 0.009 0.006 0.016 -1609.359 0.008 0.016 0.016 -1970.137 -51.018 0.012 -25.438 0.014 0.015 -896.366 -2280.698 0.05 0.026 0.012 0.011 0.019 -0.001 -113863.607 -0.001 0.029 0.044 0.011 0.01
-9999.0 -9999.0 -9999.0 -9999.0 -9999.0 -9999.0 -9999.0 -9999.0 -9999.0 -9999.0 -9999.0 -9999.0 -9999.0 -9999.0 -9999.0 -9999.0 -9999.0 -9999.0 -9999.0 -9999.0 -9999.0 -9999.0 -9999.0 -9999.0 -9999.0 -9999.0 -9999.0 -9999.0 -9999.0 -9999.0 -9999.0 -9999.0 -9999.0 0.007 -0.065 -0.042 -0.019 -0.007 -0.041 0.02 0.051 -3.023 0.001 0.003 0.042 0.027 -348.136 0.013 0.012 0.008 0.026 0.026 0.017 0.065 -23117.629 0.031 0.036 0.045 0.045 -0.001 -63281.062 0.0 0.019 0.019 -0.001 -0.001
-9999.0 -9999.0 -9999.0 -9999.0 -9999.0 -9999.0 -9999.0 -9999.0 -9999.0 -9999.0 -9999.0 -9999.0 -9999.0 -9999.0 -9999.0 -9999.0 -9999.0 -9999.0 -9999.0 -9999.0 -9999.0 -9999.0 -9999.0 -9999.0 -9999.0 -9999.0 -9999.0 -9999.0 -9999.0 -9999.0 -9999.0 -9999.0 -9999.0 0.007 -0.045 -0.044 -0.009 -388.037 0.003 -405.857 0.05 0.006 0.003 0.001 -0.001 0.039 0.009 0.052 0.023 0.006 0.008 0.018 0.013 0.019 -518.026 -352.702 0.01 0.028 0.031 0.049 0.007 -2546.02 -3284.798 0.019 0.019 0.001
-9999.0 -9999.0 -9999.0 -9999.0 -9999.0 -9999.0 -9999.0 -9999.0 -9999.0 -9999.0 -9999.0 -9999.0 -9999.0 -9999.0 -9999.0 -9999.0 -9999.0 -9999.0 -9999.0 -9999.0 -9999.0 -9999.0 -9999.0 -9999.0 -9999.0 -9999.0 -9999.0 -9999.0 -9999.0 -9999.0 -9999.0 -9999.0 -9999.0 -9999.0 0.013 -0.016 -1968.116 -1969.195 -140.832 0.0 0.003 0.003 0.004 0.003 0.009 0.001 0.019 0.014 0.019 0.014 0.015 0.011 0.008 0.022 -19.002 0.039 -2692.346 -930.056 0.007 -0.254 0.024 -14083.921 -162445.839 -2997446.305 -79680.945 -223144.884
-9999.0 -9999.0 -9999.0 -9999.0 -9999.0 -9999.0 -9999.0 -9999.0 -9999.0 -9999.0 -9999.0 -9999.0 -9999.0 -9999.0 -9999.0 -9999.0 -9999.0 -9999.0 -9999.0 -9999.0 -9999.0 -9999.0 -9999.0 -9999.0 -9999.0 -9999.0 -9999.0 -9999.0 -9999.0 -9999.0 -9999.0 -9999.0 -9999.0 -9999.0 -9999.0 -0.007 0.012 0.011 0.0 0.017 0.006 0.005 0.019 0.014 0.001 0.049 0.016 0.024 0.018 0.034 0.054 0.013 -4932.044 0.016 0.013 0.03 -13.806 -6493.368 -9222.376 -0.009 -214.835 -33746.52 0.016 0.024 0.018 0.026
-9999.0 -9999.0 -9999.0 -9999.0 -9999.0 -9999.0 -9999.0 -9999.0 -9999.0 -9999.0 -9999.0 -9999.0 -9999.0 -9999.0 -9999.0 -9999.0 -9999.0 -9999.0 -9999.0 -9999.0 -9999.0 -9999.0 -9999.0 -9999.0 -9999.0 -9999.0 -9999.0 -9999.0 -9999.0 -9999.0 -9999.0 -9999.0 -9999.0 -9999.0 -9999.0 -0.074 0.033 0.0 0.0 0.012 0.003 0.006 0.071 0.01 0.002 0.008 0.013 0.016 0.017 0.019 0.012 -1516.663 -116.256 0.015 0.012 0.013 0.013 0.007 -0.276 -48241.568 -28638.735 -1042.572 0.021 -184.52 -113.002 0.014
-9999.0 -9999.0 -9999.0 -9999.0 -9999.0 -9999.0 -9999.0 -9999.0 -9999.0 -9999.0 -9999.0 -9999.0 -9999.0 -9999.0 -9999.0 -9999.0 -9999.0 -9999.0 -9999.0 -9999.0 -9999.0 -9999.0 -9999.0 -9999.0 -9999.0 -9999.0 -9999.0 -9999.0 -9999.0 -9999.0 -9999.0 -9999.0 -9999.0 -9999.0 -9999.0 0.009 -0.007 0.009 0.006 0.034 0.017 0.016 0.016 0.01 0.009 0.015 0.01 0.02 0.012 -308.566 0.024 0.047 0.014 0.008 0.013 0.006 0.015 0.014 0.021 -36225.501 0.022 -210.099 -183.745 0.014 0.015 0.016
-9999.0 -9999.0 -9999.0 -9999.0 -9999.0 -9999.0 -9999.0 -9999.0 -9999.0 -9999.0 -9999.0 -9999.0 -9999.0 -9999.0 -9999.0 -9999.0 -9999.0 -9999.0 -9999.0 -9999.0 -9999.0 -9999.0 -9999.0 -9999.0 -9999.0 -9999.0 -9999.0 -9999.0 -9999.0 -9999.0 -9999.0 -9999.0 -9999.0 -9999.0 0.019 0.018 0.008 0.003 -0.013 0.027 0.026 0.008 -39.245 -128.147 -5.386 0.033 -6.547 0.009 0.016 0.012 -7245.402 0.016 0.016 0.015 0.015 0.05 0.015 0.013 0.085 -86010.523 0.021 0.013 0.013 0.013 0.01 0.042
-9999.0 -9999.0 -9999.0 -9999.0 -9999.0 -9999.0 -9999.0 -9999.0 -9999.0 -9999.0 -9999.0 -9999.0 -9999.0 -9999.0 -9999.0 -9999.0 -9999.0 -9999.0 -9999.0 -9999.0 -9999.0 -9999.0 -9999.0 -9999.0 -9999.0 -9999.0 -9999.0 -9999.0 -9999.0 -9999.0 -9999.0 -9999.0 -9999.0 -9999.0 -9999.0 0.017 -50.626 -1716.993 -1951.824 0.017 0.014 0.013 0.009 0.011 -260.905 -64.67 -0.921 0.023 -43.203 -4635.889 -19492.861 0.01 0.008 0.006 0.01 -75.684 -1144.636 0.015 0.089 -86080.372 0.127 0.087 0.014 -5.045 -90118.673 -615.973
-9999.0 -9999.0 -9999.0 -9999.0 -9999.0 -9999.0 -9999.0 -9999.0 -9999.0 -9999.0 -9999.0 -9999.0 -9999.0 -9999.0 -9999.0 -9999.0 -9999.0 -9999.0 -9999.0 -9999.0 -9999.0 -9999.0 -9999.0 -9999.0 -9999.0 -9999.0 -9999.0 -9999.0 -9999.0 -9999.0 -9999.0 -9999.0 -9999.0 -9999.0 -9999.0 -0.022 0.039 0.023 -400.689 -3751.099 -1518.161 -15589.53 -9128.482 0.014 -1382.987 -4612.276 -1498.312 -23322.688 -4.638 0.02 -22378.925 0.017 0.01 0.033 0.027 -206.955 -3251.101 0.01 0.039 -723.811 0.179 0.105 0.024 -234652.852 -8379.169 -0.494
-9999.0 -9999.0 -9999.0 -9999.0 -9999.0 -9999.0 -9999.0 -9999.0 -9999.0 -9999.0 -9999.0 -9999.0 -9999.0 -9999.0 -9999.0 -9999.0 -9999.0 -9999.0 -9999.0 -9999.0 -9999.0 0.01 -9999.0 -9999.0 -9999.0 -9999.0 -9999.0 -9999.0 -9999.0 -9999.0 -9999.0 -9999.0 -9999.0 -9999.0 -0.005 -0.017 0.024 0.012 0.013 0.014 0.012 -5151.598 0.016 -17972.547 0.016 0.016 0.017 0.016 0.015 0.015 0.037 -84.757 0.02 -80241.58 -879.257 0.013 -834.083 0.016 0.022 -15372.895 -309.415 -4204.985 -330651.148 -205684.442 -25.999 -0.498
-9999.0 -9999.0 -9999.0 -9999.0 -9999.0 -9999.0 -9999.0 -9999.0 -9999.0 -9999.0 -9999.0 -9999.0 -9999.0 -9999.0 -9999.0 -9999.0 0.02 0.019 0.013 0.01 0.011 0.011 0.012 0.012 0.014 0.015 0.008 -9999.0 -9999.0 -9999.0 -9999.0 -9999.0 -9999.0 -9999.0 -0.018 -0.015 0.069 0.009 0.027 0.013 0.014 0.012 0.017 0.018 0.018 0.016 0.019 0.025 0.02 0.02 0.033 -26243.898 -4292.17 -452.31 -872.533 -734956.267 0.014 -22.376 -2734.863 -6607866.369 -462081.129 -2638780.111 0.032 -20738.872 -25.94 0.024
-9999.0 -9999.0 -9999.0 -9999.0 -9999.0 -9999.0 -9999.0 -9999.0 -9999.0 -9999.0 -9999.0 -9999.0 -9999.0 -9999.0 0.024 -0.004 0.018 0.017 0.019 0.015 -121.186 0.011 0.01 0.013 0.009 0.008 0.008 0.007 -9999.0 -9999.0 -9999.0 -9999.0 0.001 0.001 0.01 0.003 0.018 0.02 0.015 0.024 0.023 0.012 0.017 0.017 0.015 0.017 0.024 -8678.675 -1748.525 -6285.94 -1621.605 0.019 0.025 0.033 -16.67 -1042.019 0.077 -2506.46 -2722.32 -4337.878 0.023 0.008 -2995.295 -16644.505 -22894.889 0.017
-9999.0 -9999.0 -9999.0 -9999.0 -9999.0 -9999.0 -9999.0 -9999.0 -9999.0 -9999.0 -9999.0 -9999.0 -9999.0 -9999.0 -0.056 -9.972 0.005 0.017 -4503.981 -4745.629 -232755.537 0.013 0.012 0.013 -21578.595 -0.026 -0.03 0.016 0.042 0.042 0.027 0.01 0.006 0.002 0.005 0.004 0.036 0.036 0.037 0.019 0.02 0.037 0.01 0.025 0.033 0.017 0.017 0.016 0.016 0.02 0.025 0.025 0.016 0.019 -45.303 -147.72 -250095.281 -2096.59 -33.372 -41636.8 -770.368 0.027 -485.953 -289.636 0.061 -1867.089
-9999.0 -9999.0 -9999.0 -9999.0 -9999.0 -9999.0 -9999.0 -9999.0 -9999.0 -9999.0 -9999.0 -9999.0 0.028 0.03 -0.448 0.033 -2826.916 -43180.594 -18.03 0.014 0.018 -18212.14 -12052.119 -208502.489 0.015 0.014 0.035 0.04 0.041 0.024 0.038 0.005 0.01 -8608.584 0.016 0.002 0.034 -40061.743 0.032 0.02 0.019 0.041 0.011 0.011 0.018 0.018 0.019 0.019 0.017 0.033 0.025 0.025 0.028 -7891.495 -572.613 -30582.153 -919.894 -5297571.997 -422368.495 -6649.373 -765.186 -776.086 -779.232 -489.991 0.001 0.027
-9999.0 -9999.0 -9999.0 -9999.0 -9999.0 -9999.0 -9999.0 -9999.0 -9999.0 -9999.0 -9999.0 -9999.0 -9999.0 -0.046 -0.034 0.02 0.011 0.018 -61.159 0.02 -14062.385 -384.878 -71.602 0.006 -2628.703 0.016 0.01 0.007 0.019 0.017 0.013 0.01 0.01 -420536.869 0.012 0.006 -214.876 -30636.534 0.007 -56.654 -59.78 -7581.118 -4.07 0.036 0.02 0.022 0.03 0.014 0.015 0.013 0.018 0.019 0.01 0.017 -542927.092 -61546.177 -16.141 -107559.289 -70.279 -904496.22 -2132140.464 -719920.022 -1630.375 -112.557 0.016 0.016
-9999.0 -9999.0 -9999.0 -9999.0 -9999.0 -9999.0 -9999.0 -9999.0 -9999.0 -9999.0 -9999.0 -9999.0 -9999.0 0.012 0.01 0.047 0.049 0.036 -284.436 -483.516 -5251.759 -39384.421 -331780.546 -896306.794 -14980.64 -1492.562 -390.259 0.078 0.033 -8470.868 0.029 -17.37 0.007 -41555.181 0.007 0.017 -223.39 -3243.068 0.013 -57.253 -59.787 -5947.52 -8.911 0.041 -16400.105 0.019 -0.939 0.026 -10255.704 0.017 0.013 0.026 0.023 0.0 -14709.435 -12.499 -8984.935 -30562.109 -13816.429 -428960.042 -1476214.24 -49.604 0.023 0.019 -0.007 0.012
-9999.0 -9999.0 -9999.0 -9999.0 -9999.0 -9999.0 -9999.0 -9999.0 -9999.0 -9999.0 -9999.0 -9999.0 -9999.0 0.078 0.028 0.03 0.047 -284.358 0.018 0.021 -110863.089 -40190.228 -95879.561 -787986.411 0.082 -101.553 0.023 -1294.406 -79516.726 -99.796 0.025 0.017 -0.001 -62137.934 -32.869 -29.365 0.006 0.005 -7309.4 -70.833 -72.649 -25407.901 0.021 -29058.126 0.022 -0.782 -11208.024 0.037 -30102.171 0.014 0.013 0.028 0.026 0.0 -243.97 0.0 0.031 -713431.9 -2.2636440866E7 -75.529 -682.161 -23583.709 0.038 -0.105 -0.004 0.016
-9999.0 -9999.0 -9999.0 -9999.0 -9999.0 -9999.0 -9999.0 -9999.0 -9999.0 -9999.0 -9999.0 -9999.0 -9999.0 0.072 0.03 -350.248 -25074.037 -13421.571 -125294.847 -4869.797 -261.649 -259.044 -795.609 -266.812 0.023 0.02 0.008 0.05 0.02 -6670.155 -19010.481 -1270.827 -11897.03 -20596.222 0.005 0.016 0.016 -60.524 -8398.911 -70.045 -69.935 -40445.338 0.022 -3194.968 0.019 -3147.083 0.017 -63.732 0.012 -1675.25 -851.425 -3942.219 -297.893 -682.374 -54253.434 -167072.941 -23719.658 -8.999 -460.044 -203.507 0.048 -12921.814 0.029 0.029 -0.079 0.024
-9999.0 -9999.0 -9999.0 -9999.0 -9999.0 -9999.0 -9999.0 -9999.0 -9999.0 -9999.0 -9999.0 -9999.0 0.002 0.021 0.029 0.051 0.027 0.018 -62.697 -283.433 -59.412 0.008 -814715.097 0.011 0.077 0.014 0.087 -283.373 0.014 -21.581 0.025 0.018 -39455.239 -777512.988 -6791.095 0.017 -27162.459 -267.601 -46850.649 -2860.267 -101.386 -179605.341 -303.508 0.075 -19075.353 -1627.198 -644.77 0.041 0.006 0.013 0.062 0.008 0.037 0.031 -107.878 -109.037 -236.758 -237.32 -9559.503 -14658.504 0.042 -17026.496 0.03 0.021 -18.348 0.041
-9999.0 -9999.0 -9999.0 -9999.0 -9999.0 -9999.0 -9999.0 -9999.0 -9999.0 -0.016 -0.065 0.02 -0.019 0.004 0.006 0.025 0.022 0.027 -145.412 -62.66 -150.301 -7357.824 -574.428 0.077 0.014 0.012 0.003 0.028 0.008 0.017 -11.212 -51806.272 0.007 0.017 0.041 -10159.796 -102090.354 0.009 -36469.06 0.071 -3488.475 -7564.184 -87.399 -754.021 -16135.499 -67930.131 -74019.684 -115611.247 -44827.983 0.011 0.022 0.13 0.014 0.101 0.038 -109.006 0.029 0.037 0.031 -536.08 0.144 -615917.567 -7.251 -124.016 0.012 -91.727
-9999.0 -9999.0 -9999.0 -9999.0 -9999.0 -9999.0 -9999.0 -9999.0 -9999.0 -0.036 -0.024 -651.397 0.017 0.011 0.01 -299.419 0.007 0.016 -136.392 -25787.806 -35916.571 -390817.203 0.013 0.012 0.016 0.042 0.011 0.019 0.015 0.009 -436042.24 0.01 0.016 0.039 0.028 0.014 0.009 -390.763 -70313.048 -25613.247 -35.227 -2810.585 -103.264 0.006 -25944.267 -106565.591 -56272.887 -103224.048 0.0 -426012.767 -145674.428 0.023 0.025 -3330.881 -0.002 -165.94 0.034 0.04 0.02 0.008 -7.772 -4528.83 -33517.698 -8.273 -5538.906 0.004
-9999.0 -9999.0 -9999.0 -9999.0 -9999.0 -9999.0 -9999.0 -9999.0 -9999.0 0.015 0.012 0.016 0.014 0.01 0.037 0.037 -524.484 -27930.454 -340643.268 0.018 -20.931 -23108.128 0.021 0.021 -0.047 0.027 -1012.388 -1560.497 -758.769 -23885.294 -861.587 0.009 0.009 0.029 0.016 -10941.69 -2175.201 -8503.07 -1829396.276 -266.483 0.011 -13940.618 -119809.769 -664.069 0.011 -520.082 0.026 -5801.225 -134.578 -723.636 -1002993.241 -216746.882 -37120.059 -48.012 0.032 -565.517 -571.957 0.034 0.026 0.023 -7.857 -4526.94 -20935.381 -17587.198 -57016.851 -1857.35
-9999.0 -9999.0 -9999.0 -9999.0 -9999.0 -9999.0 -9999.0 -9999.0 -9999.0 0.012 0.008 0.01 -3849.28 0.028 -52.448 0.034 0.036 -0.04 -37.89 -314.457 -60.868 -22755.526 0.007 0.007 -0.025 0.038 0.041 0.011 0.015 -1990.556 -161.541 0.008 0.009 0.027 0.042 0.033 0.022 -21710.85 -13.922 0.011 -8756.989 0.007 -1102.042 -1109.365 -280.424 -280.309 -856.442 -10787.096 -71313.538 -1440.612 -0.838 -3311.935 -42008.255 -1502985.58 -512.134 -556.119 -557.558 0.03 -593.918 0.021 -1867.481 -4506.552 -378702.815 -85545.73 -4465.119 -8.508
-9999.0 -9999.0 -9999.0 -9999.0 -9999.0 -9999.0 -9999.0 -9999.0 -9999.0 0.016 -0.001 0.019 -2584.395 -65551.486 -836.632 0.019 0.016 0.024 0.021 -287.773 -336.341 -32945.49 -70.34 0.004 -0.018 0.043 0.041 0.036 0.011 0.02 -3271.549 0.012 0.017 0.029 0.042 0.041 -227.771 0.022 -42.547 -37.637 -8.255 -66.041 -141.859 -1101.535 -1103.631 -280.071 -9587.331 -28.145 0.01 -685.215 -594.048 -9169.544 -6302.407 -9705.821 -43974.799 -2154010.599 -3366157.832 -5921157.277 -2773092.307 0.007 -1652.882 -7606.471 -1822475.741 -1424.097 -6847.826 -2450449.158
-9999.0 -9999.0 -9999.0 -9999.0 -9999.0 -9999.0 -9999.0 -9999.0 -0.036 0.016 0.015 0.01 -915.495 0.038 -17.977 -14051.665 -761.633 -112666.697 -15056.628 -10447.752 -145128.266 -364988.606 0.019 0.003 0.009 0.013 -0.044 0.041 0.038 0.036 0.013 0.011 0.017 0.028 0.031 0.032 0.015 0.02 0.015 -43.227 -41.391 -41.532 -142.093 -1102.762 0.026 -48887.654 -48728.747 -1663.617 -20.184 -0.002 -216.472 0.025 -48.289 -3320.618 0.024 -1610.395 -533.719 -10.699 -720.74 -118491.091 -3046.434 -6835.178 0.008 -714986.619 -10917.357 -19041.203
-9999.0 -9999.0 -9999.0 -9999.0 -9999.0 -9999.0 -9999.0 -9999.0 -0.02 -0.037 -0.04 0.012 0.021 0.035 0.026 0.027 0.017 0.023 -26630.871 -17343.923 -106.834 0.013 -8.745 0.018 0.008 -0.041 0.006 0.003 -0.035 -0.028 0.073 0.011 0.01 0.009 0.032 -0.038 0.017 0.017 0.016 0.003 0.011 -42.447 -142.522 -153.584 -45107.592 -156475.916 -35.983 0.029 0.046 0.013 0.013 0.023 0.026 -47.572 -553.446 0.002 -169100.124 -3.651 -0.001 -226.716 -3356666.266 -956.548 -15488.13 -2.1261739141E7 -1889295.852 -6833.626
