static/jobfarm/user_models/minyf/common/HOME-GBHM/输出文件/Output/Grids/runoff20020223.asc
ncols 221
nrows 204
xllcorner -627000.0
yllcorner 3955000.0
cellsize 900.0
NODATA_value -9999.0
[rows 32 to 63 of 204, columns 71 to 141 of 221]
-0.373 -0.53 0.032 0.556 -0.867 -0.312 -0.647 -0.717 -0.747 -0.667 -1.171 -1.24 -1.248 -1.221 -0.871 -0.144 -0.596 -0.013 -0.309 -0.425 -0.428 -0.41 -0.351 0.167 0.181 0.126 0.02 -0.234 -0.154 -0.205 -0.147 -0.348 -0.01 -0.824 -0.776 -0.44 0.107 -0.559 0.143 -0.683 -0.817 -0.807 0.014 -0.749 -0.307 -0.087 -0.167 -0.117 -9999.0 -9999.0 -9999.0 -9999.0 -9999.0 -9999.0 -9999.0 -9999.0 -9999.0 -9999.0 -9999.0 -9999.0 -9999.0 -9999.0 -9999.0 -9999.0 -9999.0 -9999.0 -9999.0 -9999.0 -9999.0 -9999.0 -9999.0
-0.313 -0.531 -0.49 -0.529 0.836 -0.819 -0.559 -0.859 -0.51 -0.693 -1.241 -1.013 -1.383 -0.481 -0.455 -0.11 -0.017 0.072 0.229 -0.299 -0.338 -0.144 0.196 -0.179 0.06 0.143 0.182 -0.149 -0.215 -0.472 -0.442 -0.032 0.074 -0.615 -0.254 -0.692 -0.278 0.226 -0.005 0.556 -0.39 -0.72 -0.019 -0.324 -0.28 -0.402 -0.096 -0.058 -0.042 -9999.0 -9999.0 -9999.0 -9999.0 -9999.0 -9999.0 -9999.0 -9999.0 -9999.0 -9999.0 -9999.0 -9999.0 -9999.0 -9999.0 -9999.0 -9999.0 -9999.0 -9999.0 -9999.0 -9999.0 -9999.0 -9999.0
-0.587 -0.521 -0.443 -0.339 -0.514 -0.598 -0.835 -0.861 -0.464 -0.543 -1.25 -1.263 -1.323 -0.597 -0.29 -0.051 0.041 0.041 -0.202 -0.32 -0.084 -0.218 0.017 0.308 0.161 0.091 0.197 0.056 -0.321 0.062 -0.346 0.074 0.048 0.07 -0.409 -0.796 -0.39 0.129 -0.509 -0.733 -0.759 -0.033 -0.14 -0.325 -0.468 -0.688 -0.221 -0.146 -9999.0 -9999.0 -9999.0 -9999.0 -9999.0 -9999.0 -9999.0 -9999.0 -9999.0 -9999.0 -9999.0 -9999.0 -9999.0 -9999.0 -9999.0 -9999.0 -9999.0 -9999.0 -9999.0 -9999.0 -9999.0 -9999.0 -9999.0
-0.389 -0.791 -0.371 -0.769 -0.46 -0.852 -0.845 -1.254 -0.854 -0.524 -1.28 -1.248 -0.797 -0.794 -0.794 -0.456 -0.178 -0.499 -0.533 -0.568 -0.35 -0.28 -0.089 -0.469 -0.13 0.094 0.043 -0.48 -0.295 -0.367 0.404 0.103 0.094 0.12 0.008 -0.732 -0.596 -0.315 -0.53 -0.971 -0.839 -0.786 -0.199 0.088 0.289 -0.387 -0.341 -0.108 -9999.0 -9999.0 -9999.0 -9999.0 -9999.0 -9999.0 -9999.0 -9999.0 -9999.0 -9999.0 -9999.0 -9999.0 -9999.0 -9999.0 -9999.0 -9999.0 -9999.0 -9999.0 -9999.0 -9999.0 -9999.0 -9999.0 -9999.0
-0.693 -0.228 -0.457 -0.792 0.364 -0.108 0.388 -0.39 -0.419 -0.95 0.063 -0.673 -0.952 -0.128 -0.155 0.152 -0.123 -0.062 -0.572 0.276 0.181 -0.619 0.162 -0.478 0.09 0.072 -0.024 0.144 -0.618 -0.403 -0.012 0.102 0.07 0.093 0.031 -0.275 -0.571 -0.339 -0.408 -0.431 -0.613 0.035 -0.721 -0.592 -0.294 -0.596 -0.377 -0.213 -0.198 -9999.0 -9999.0 -9999.0 -9999.0 -9999.0 -9999.0 -9999.0 -9999.0 -9999.0 -9999.0 -9999.0 -9999.0 -9999.0 -9999.0 -9999.0 -9999.0 -9999.0 -9999.0 -9999.0 -9999.0 -9999.0 -9999.0
0.338 0.287 0.516 0.341 -0.637 0.217 -0.123 -0.349 -0.219 -0.073 -0.105 -0.063 -0.648 -0.113 -0.118 -0.172 -0.278 -0.13 0.012 -0.501 0.272 0.277 0.553 -0.618 -0.003 -0.652 -0.588 -0.681 -0.729 -0.5 -0.837 0.036 0.413 0.027 0.036 -0.159 -0.584 -0.759 -0.793 0.403 -0.332 0.544 -0.616 -0.683 -0.138 -0.334 -0.368 -0.346 -0.247 -9999.0 -9999.0 -9999.0 -9999.0 -9999.0 -9999.0 -9999.0 -9999.0 -9999.0 -9999.0 -9999.0 -9999.0 -9999.0 -9999.0 -9999.0 -9999.0 -9999.0 -9999.0 -9999.0 -9999.0 -9999.0 -9999.0
0.547 -0.103 -0.463 0.255 0.372 -1.094 -0.283 -0.312 -0.385 -0.226 -0.625 -0.065 -0.134 -0.7 -0.138 -0.201 -0.005 -0.013 0.027 -0.705 -0.375 0.043 -0.427 -0.732 -0.821 -0.86 -0.911 -0.879 -0.493 -0.331 -0.794 0.092 0.445 0.149 -0.018 0.244 -0.045 -0.69 -0.694 0.122 1.094 -0.709 -0.589 -0.162 -0.646 -0.579 -0.283 -0.221 -0.375 -0.007 0.011 0.028 0.033 0.031 0.104 -9999.0 -9999.0 -9999.0 -9999.0 -9999.0 -9999.0 -9999.0 -9999.0 -9999.0 -9999.0 -9999.0 -9999.0 -9999.0 -9999.0 -9999.0 -9999.0
-0.448 0.747 -0.435 -0.477 0.382 -1.096 -1.117 -0.273 -0.38 -0.265 -0.053 -0.065 -0.977 0.013 -0.166 -0.406 -0.31 -0.055 -0.64 -0.041 -0.52 -0.327 -0.528 -0.907 -0.747 -0.916 -0.727 -0.455 -0.434 -0.672 -0.692 -0.068 -0.203 -0.127 -0.037 0.413 -0.041 -0.566 0.03 -0.448 0.849 -0.697 -0.485 -0.221 -0.134 -0.003 -0.817 -0.453 -0.477 -0.015 0.002 0.015 0.053 0.035 0.019 0.029 -9999.0 -9999.0 -9999.0 -9999.0 -9999.0 -9999.0 -9999.0 -9999.0 -9999.0 -9999.0 -9999.0 -9999.0 -9999.0 -9999.0 -9999.0
-0.042 1.157 0.03 -0.483 -1.002 -0.913 0.095 -1.16 -0.227 -0.313 -0.056 -0.055 -0.966 0.033 -0.195 -0.147 0.148 -0.185 0.163 -0.55 -0.232 0.969 -0.442 -0.601 -0.39 -0.41 -0.148 -0.532 -0.929 -0.056 -0.732 0.198 0.013 0.033 -0.129 -0.052 -0.526 -0.517 -0.546 -0.743 0.373 -0.798 -0.096 0.311 0.107 -0.362 -0.503 -0.475 -0.578 -0.023 -0.002 -0.008 0.007 0.007 0.127 0.016 -9999.0 -9999.0 -9999.0 -9999.0 -9999.0 -9999.0 -9999.0 -9999.0 -9999.0 -9999.0 -9999.0 -9999.0 -9999.0 -9999.0 -9999.0
0.295 -0.229 0.439 0.481 -0.25 -0.117 -1.132 -1.174 -0.183 -0.239 -0.22 -0.108 0.017 0.059 -0.368 0.184 -0.425 0.039 0.011 -0.512 0.052 -0.021 0.035 -0.56 -0.686 -0.757 -0.693 -0.705 -0.81 -0.93 -0.59 -0.671 0.147 -0.152 -0.559 -0.733 -0.565 0.022 -0.522 -0.723 0.208 -0.174 0.007 -0.01 -0.568 -0.639 -0.503 -0.779 -0.023 -0.013 -0.313 -0.181 0.004 -0.0 -0.751 0.032 0.015 -9999.0 -9999.0 -9999.0 -9999.0 -9999.0 -9999.0 -9999.0 -9999.0 -9999.0 -9999.0 -9999.0 -9999.0 -9999.0 -9999.0
0.589 0.88 -0.383 -0.927 -0.068 -0.364 0.092 -0.107 -0.372 0.191 -0.456 -0.116 -0.31 0.037 0.069 -0.368 0.007 0.023 0.015 -0.446 -0.295 -0.286 -0.367 -0.575 -0.771 -0.413 -0.578 -0.341 -0.401 -0.873 -0.591 -0.06 0.019 0.085 -0.245 -0.241 -0.105 -0.675 -0.082 0.128 0.093 0.218 0.087 -0.28 -0.318 -0.109 -0.787 -0.435 -0.341 -0.399 0.277 -0.053 0.106 0.038 -0.864 0.093 -9999.0 -9999.0 -9999.0 -9999.0 -9999.0 -9999.0 -9999.0 -9999.0 -9999.0 -9999.0 -9999.0 -9999.0 -9999.0 -9999.0 -9999.0
-0.913 0.062 -0.349 -0.236 -0.959 0.5 -0.099 -0.063 -0.109 0.354 0.332 0.04 -0.645 -0.085 0.209 0.315 0.011 0.019 0.133 -0.499 -0.076 -0.208 -0.148 -0.02 -0.374 0.606 -0.76 -0.744 -0.351 -0.375 -0.779 -0.608 -0.107 0.103 -0.164 -0.197 -0.087 -0.482 -0.124 0.632 -0.416 -0.346 -0.693 0.09 0.211 0.091 -0.587 -0.507 -0.54 -0.185 -0.765 -0.17 -0.041 0.082 0.055 0.003 -9999.0 -9999.0 -9999.0 -9999.0 -9999.0 -9999.0 -9999.0 -9999.0 -9999.0 -9999.0 -9999.0 -9999.0 -9999.0 -9999.0 -9999.0
-1.074 -0.314 -0.227 -1.082 -0.535 -0.145 0.029 1.547 0.361 0.879 0.889 0.182 -0.582 -0.117 0.122 0.304 0.01 0.027 -0.517 0.019 -0.042 -0.197 -0.224 -0.162 0.393 0.095 -0.506 -0.441 -0.42 -0.734 -0.749 -0.603 0.05 0.104 0.056 -0.147 0.011 -0.574 -0.316 -0.112 -0.113 -0.081 -0.064 -0.436 0.755 0.093 0.053 -0.06 -0.864 0.194 0.078 -0.008 -0.83 -0.3 -0.032 0.053 -9999.0 -9999.0 -9999.0 -9999.0 -9999.0 -9999.0 -9999.0 -9999.0 -9999.0 -9999.0 -9999.0 -9999.0 -9999.0 -9999.0 -9999.0
-0.857 -1.114 -1.107 -1.105 0.143 -0.497 -1.053 0.044 -0.674 0.024 0.92 0.203 -0.488 -0.113 -0.042 0.145 0.006 0.015 0.03 0.01 -0.192 -0.176 -0.196 -0.106 0.731 -0.364 -0.237 -0.418 -0.548 -0.623 -0.785 -0.256 -0.68 0.145 0.05 0.043 -0.005 0.473 -0.057 0.26 -0.342 -0.494 -0.925 0.095 -0.453 -0.209 -0.094 -0.803 -0.126 -0.884 -0.524 -0.204 -0.438 -0.08 -0.036 0.033 0.029 -9999.0 -9999.0 -9999.0 -9999.0 -9999.0 -9999.0 -9999.0 -9999.0 -9999.0 -9999.0 -9999.0 -9999.0 -9999.0 -9999.0
-0.33 -0.349 -0.295 -0.378 -0.06 -0.478 -0.127 0.106 -0.319 0.87 0.135 0.443 -0.441 -0.043 -0.101 -0.086 0.092 0.009 0.047 -0.224 -0.069 -0.065 0.107 0.815 0.079 -0.346 -0.022 1.087 0.975 -0.172 -0.807 -0.101 -0.685 -0.725 0.085 -0.074 -0.163 0.128 -0.163 0.322 -0.302 -0.702 -0.121 0.137 -0.817 -0.628 -0.452 -0.552 -0.406 -0.095 -0.134 -0.346 -0.464 -0.111 -0.096 0.033 0.024 0.051 -9999.0 -9999.0 -0.031 -0.214 -9999.0 -9999.0 -9999.0 -9999.0 -9999.0 -9999.0 -9999.0 -9999.0 -9999.0
-0.231 0.035 0.012 -0.315 0.203 -0.429 -0.031 -0.027 -0.295 -0.252 -0.525 -1.197 -0.416 -0.159 -0.173 -0.25 -0.026 -0.047 -0.059 -0.238 -0.055 0.071 0.533 -0.147 -0.123 -0.192 -0.37 -0.48 -0.67 -0.781 -0.75 -0.101 0.061 -0.874 0.465 -0.053 0.047 -0.152 -0.828 0.185 -0.098 -0.433 0.192 -0.044 -0.596 -0.056 -0.578 -0.224 -0.156 -0.189 -0.164 -0.228 -0.247 -0.158 -0.097 -0.054 -0.035 -0.011 -9999.0 -9999.0 -0.157 -0.364 -9999.0 -9999.0 -9999.0 -9999.0 -9999.0 -9999.0 -9999.0 -9999.0 -9999.0
0.002 -0.173 -0.022 -0.007 -0.132 -0.161 -0.085 -0.253 -0.343 -0.181 -0.468 -0.212 -0.479 -0.886 -0.171 -0.013 0.055 0.027 0.072 -0.07 -0.177 -0.074 -0.195 -0.088 -0.209 -0.274 -0.36 -0.246 -0.253 -0.157 -0.059 -0.587 -0.633 -0.307 -0.365 0.592 -0.192 0.037 -0.057 0.06 -0.482 0.074 0.551 0.034 0.031 0.703 -0.632 0.007 0.009 0.199 0.19 0.197 0.1 0.2 0.103 -0.067 -0.092 -0.296 -0.357 -0.22 -0.286 -0.081 -9999.0 -9999.0 -9999.0 -9999.0 -9999.0 -9999.0 -9999.0 -9999.0 -9999.0
0.006 0.113 0.017 -0.04 -0.167 -0.023 -0.042 -0.207 -0.265 -0.262 -0.102 -0.26 -0.338 -0.155 -0.099 -0.178 -0.263 1.306 1.596 1.194 -0.237 -0.188 -0.423 -0.42 -0.308 -0.243 -0.405 -0.204 -0.308 -0.5 -0.229 -0.708 -0.784 -0.772 -0.934 0.071 -0.776 0.106 -0.429 -0.392 -0.336 -0.338 0.156 -0.04 -0.467 -0.343 0.014 -0.062 0.349 -0.226 -0.07 -0.248 -0.144 -0.003 -0.037 -0.057 0.002 -0.238 -0.392 -0.232 -0.355 -0.095 -9999.0 -9999.0 -9999.0 -9999.0 -9999.0 -9999.0 -9999.0 -9999.0 -9999.0
0.015 0.021 -0.168 0.002 -0.025 0.059 -0.196 -0.036 -0.038 -0.16 -0.203 -0.048 0.08 -0.011 -0.008 -0.015 0.011 -0.014 0.044 -0.24 0.461 0.163 0.576 0.17 -0.517 -0.457 -0.436 -0.373 -0.436 -0.398 -0.24 -0.42 -0.426 -0.411 -0.057 -1.051 -0.777 -0.8 -0.573 -0.401 -0.11 -0.201 -0.506 0.016 -0.785 0.075 0.275 0.04 0.105 -0.229 -0.106 -0.309 -0.192 -0.081 -0.034 0.156 -0.191 -0.071 -0.499 -0.9 0.384 0.073 0.064 -0.395 -0.061 -9999.0 -9999.0 -9999.0 -9999.0 -9999.0 -9999.0
0.01 -0.17 0.471 -0.043 -0.2 -0.05 -0.194 -0.011 -0.016 -0.034 -0.04 0.121 0.028 0.021 0.039 0.031 0.12 -0.023 0.037 -0.322 -0.19 -0.23 -0.33 0.066 1.051 0.579 -0.42 -0.428 -0.736 -0.394 -0.396 -0.28 -0.169 -0.246 -0.72 -0.329 -1.151 -0.348 -0.335 -0.099 -0.665 -0.76 -0.758 0.129 0.456 0.16 0.298 0.378 -0.001 -0.226 -0.341 -0.18 -0.017 -0.174 0.001 -0.01 -0.031 -0.648 -0.539 0.833 -0.404 -0.018 0.056 -0.046 0.043 -9999.0 -9999.0 -9999.0 -9999.0 -9999.0 -9999.0
0.007 0.786 -0.009 -0.127 0.012 -0.061 -0.613 -0.024 -0.022 -0.021 0.067 -0.542 -0.005 0.007 0.022 0.017 -0.024 -0.024 -0.021 -0.459 -0.292 -0.282 -0.143 -0.384 -0.458 -0.135 0.963 0.218 1.131 -0.158 -0.475 -0.011 0.098 -0.144 -0.694 -1.211 -0.186 -0.887 -0.832 -0.739 0.144 -0.15 -0.192 0.117 -0.011 0.257 0.012 0.358 0.216 0.242 0.203 -0.657 -0.051 -0.091 -0.264 -0.124 0.009 0.295 0.341 1.449 -0.544 -0.053 0.066 0.139 -0.014 -9999.0 -9999.0 -9999.0 -9999.0 -9999.0 -9999.0
0.028 0.798 -0.106 -0.02 0.207 -0.008 -0.25 -0.013 -0.582 -0.38 0.076 -0.125 0.099 0.006 0.008 0.019 0.11 0.066 -0.156 0.935 -0.317 0.647 -0.693 -0.525 -0.589 -0.661 -0.334 -0.321 -0.5 0.463 1.11 -0.454 -0.7 -0.71 -0.904 -0.968 0.211 -0.029 -0.771 -0.389 0.159 -0.502 -0.222 0.137 -0.623 0.143 0.074 0.048 0.323 0.031 -0.139 -0.099 -0.244 -0.257 -0.206 -0.196 -0.144 -0.391 -0.211 -0.247 -0.033 -0.006 -0.014 -0.478 -9999.0 -9999.0 -9999.0 -9999.0 -9999.0 -9999.0 -9999.0
-0.606 0.294 0.194 0.215 0.546 0.716 -0.347 -0.294 -0.221 -0.602 -0.691 -0.185 -0.703 -0.002 -0.131 0.074 -0.294 -0.254 1.21 -0.091 1.044 -0.212 0.529 0.668 -0.471 -0.646 -0.484 -0.008 -0.355 -0.45 -0.107 0.51 -0.881 -0.054 -0.191 0.349 -0.065 -0.598 -0.314 -0.034 -0.151 -0.016 -0.417 -0.124 -0.012 -0.206 -0.241 -0.015 0.01 -0.721 -0.637 -0.192 -0.329 -0.296 -0.118 -0.254 -0.276 -0.585 -0.777 -0.289 0.042 -0.304 -0.19 -0.222 -9999.0 -9999.0 -9999.0 -9999.0 -9999.0 -9999.0 -9999.0
-0.906 -0.317 -0.733 0.085 0.846 -0.691 -0.708 -0.69 0.143 0.019 -0.918 0.109 -0.674 -0.295 -0.413 0.05 -0.006 -0.203 -0.22 -0.099 -0.164 -0.146 -0.073 -0.11 0.563 -0.544 -0.69 -0.7 -0.683 -0.488 -0.355 -0.204 -0.029 -0.38 -0.155 -0.714 -0.298 -0.719 -0.281 -0.137 -0.279 -0.147 -0.107 -0.238 0.111 0.112 -0.013 -0.135 0.108 -0.652 -0.323 -0.256 -0.387 -0.728 -0.334 -0.337 -0.337 -0.313 -0.583 -0.694 -0.777 -0.483 -0.165 0.043 -0.901 -9999.0 -9999.0 -9999.0 -9999.0 -9999.0 -9999.0
-0.643 -0.246 -0.695 -0.086 -0.599 0.096 -0.687 -0.145 -0.12 -0.498 -0.228 -0.744 0.129 0.101 0.045 -0.104 0.017 0.141 0.154 -0.029 -0.026 -0.143 -0.232 -0.075 -0.089 1.09 -0.285 -0.192 0.041 -0.005 -0.5 -0.666 0.12 -1.095 0.106 0.365 0.359 -0.764 -0.578 -0.524 -0.543 -0.086 -0.119 -0.176 0.136 0.044 0.045 0.127 0.066 0.316 0.32 0.298 -0.651 -0.644 -0.809 -0.233 -0.531 0.081 -0.623 -0.792 0.042 -0.63 -0.555 -0.767 -0.298 -0.752 -0.067 -0.044 -9999.0 -9999.0 -9999.0
0.192 -0.796 -0.678 -0.356 0.088 0.136 0.651 -0.259 -0.757 -0.765 -0.461 -0.365 -0.256 -0.206 -0.064 -0.075 0.345 0.146 -0.102 -0.032 -0.083 -0.022 -0.033 -0.134 -0.23 -0.363 -0.043 -0.053 -0.133 0.092 0.204 0.447 -0.249 -0.058 0.355 0.374 0.308 0.21 -0.31 -0.215 0.003 -0.011 0.299 0.285 0.086 0.029 -0.401 0.079 0.032 0.395 0.344 0.333 0.296 -0.866 -0.545 -0.655 -0.888 -0.76 -0.481 -0.842 -0.135 -0.663 -0.08 0.023 0.046 -0.052 -0.069 -0.068 -0.023 -9999.0 -9999.0
-0.158 0.219 -0.452 -0.65 -0.481 0.641 -0.046 -0.163 -0.139 -0.119 -0.474 -0.247 -0.207 -0.06 -0.081 -0.22 -0.132 -0.168 -0.077 -0.023 -0.134 -0.109 -0.01 0.023 -0.044 -0.28 -0.208 0.014 0.152 -0.285 -0.409 -0.062 -0.071 0.358 -0.864 0.352 0.391 0.297 0.274 0.273 -0.24 -0.205 -0.033 0.219 0.076 -0.079 0.298 -0.005 -0.019 0.126 -0.437 -0.652 -1.194 -0.896 -0.696 -0.186 0.006 -0.914 -0.685 -0.719 -0.858 -0.221 -0.115 0.094 0.032 -0.5 -0.312 -0.037 -0.062 -9999.0 -9999.0
0.019 -0.697 -0.78 -0.169 0.543 -0.426 -0.235 0.097 -0.133 -0.447 -0.426 -0.645 -0.348 -0.215 -0.135 -0.164 -0.156 -0.211 -0.257 -0.183 -0.043 -0.184 0.106 -0.067 -0.181 -0.103 0.047 0.191 0.118 -0.15 -0.11 -0.082 -0.071 0.398 0.047 0.823 0.294 0.213 0.309 0.309 0.357 -0.225 0.057 0.109 0.03 -0.613 -0.813 -0.086 -0.454 -0.121 -0.79 0.276 -0.519 -1.047 -0.167 0.074 -0.18 -1.009 -0.452 -0.447 -0.396 -0.114 -0.235 -0.202 -0.15 -0.355 -0.327 -0.038 -0.061 -9999.0 -9999.0
-0.827 -0.069 -0.231 -0.723 -0.736 0.097 0.154 -0.558 -0.089 -0.176 -0.152 -0.111 -0.265 -0.581 -0.489 -0.402 -0.317 -0.668 -0.665 -0.498 -0.422 -0.474 -0.657 -0.533 -0.417 -0.13 0.199 0.191 -0.072 -0.085 -0.559 -0.743 0.554 0.109 -0.684 0.105 0.305 0.445 0.003 0.114 0.411 -0.269 -0.417 -0.661 -0.828 -0.56 -1.008 -0.367 0.112 -0.907 0.202 0.222 0.2 -0.806 0.186 -0.914 -0.419 -0.222 -0.085 -0.211 -0.437 -0.189 -0.044 -0.018 -0.018 -0.235 -0.649 -0.086 -0.31 -9999.0 -9999.0
-0.901 -0.912 -0.197 0.361 1.216 0.81 0.812 -0.214 -0.33 0.277 0.316 -0.425 -0.173 -0.568 -0.369 -0.665 -0.608 0.341 -0.555 -0.591 -0.477 -0.715 -0.677 -0.488 -0.59 -0.326 -0.187 0.202 0.212 -0.231 -0.596 -0.872 -0.207 -0.05 0.067 -0.488 0.703 0.467 0.506 0.058 0.363 -0.295 -0.403 0.291 -0.823 -0.448 -0.498 -0.889 -0.855 -0.019 0.555 -0.134 -0.662 0.17 0.212 0.006 -0.536 -0.287 -0.131 -0.877 -0.421 -0.024 -0.028 -0.025 -0.026 -0.061 -0.48 -0.533 0.094 0.109 0.169
-0.82 -0.915 -0.209 -0.882 -0.431 0.092 0.123 -0.101 -0.042 -0.118 -0.167 -0.134 -0.098 -0.576 -0.247 0.356 0.201 0.278 -0.173 -0.26 -0.552 -0.372 -0.497 -0.5 -0.448 -0.271 -0.051 -0.21 -0.2 -0.501 -0.685 -0.314 -0.476 0.235 -0.622 -0.469 1.16 -0.259 0.555 0.386 -1.602 -0.394 -0.757 -0.782 -0.813 -0.913 -0.219 -0.577 -0.663 0.285 -0.004 0.2 -0.616 0.242 0.215 -0.003 -0.539 -0.307 -0.909 -0.242 -0.184 0.166 0.177 0.145 -0.024 -0.022 -0.002 0.086 -0.527 0.137 0.165
-0.74 -0.925 -1.002 0.766 -0.323 -0.492 -0.607 -0.207 -0.098 -0.452 -0.116 -0.003 -0.181 -0.473 -0.396 -0.591 -0.51 -0.562 0.183 -0.275 -0.516 -0.167 -0.462 -0.329 -0.049 -0.327 -0.005 -0.2 -0.37 -0.369 -0.593 -0.913 -0.51 0.181 -0.421 0.589 -0.022 1.473 0.525 0.488 0.441 -0.782 -0.54 -0.286 -0.683 -0.898 -0.601 0.012 -0.686 0.11 0.221 0.172 -0.416 0.265 0.233 0.167 -0.648 -0.388 -0.185 -0.764 -0.364 -0.025 -0.075 0.096 0.101 -0.008 0.101 0.153 -0.361 0.237 0.062
