static/jobfarm/user_models/minyf/common/HOME-GBHM/输出文件/Output/Grids/runoff20020227.asc
ncols 221
nrows 204
xllcorner -627000.0
yllcorner 3955000.0
cellsize 900.0
NODATA_value -9999.0
[rows 90 to 119 of 204, columns 66 to 131 of 221]
0.012 0.015 0.015 0.008 0.013 -520.448 -1749.281 -76384.09 -1884578.105 -4735135.982 -3532.238 -701942.737 0.015 -46.517 0.008 -46.354 0.035 -3325.662 0.02 -188090.456 -13491.707 -178.17 -3887.253 -3721.164 -1284.87 -19854.843 -411229.944 -197233.847 -1191620.362 -766399.04 0.008 0.008 0.01 0.013 0.022 0.021 0.014 0.014 -1257446.696 -1523.304 -4320.172 0.335 0.061 0.025 0.015 0.028 0.016 0.024 0.013 -0.011 0.007 0.007 0.005 -64.391 -855.915 0.015 0.016 0.021 0.014 0.012 0.023 0.009 0.018 0.06 0.013 0.004
0.009 0.015 0.015 0.012 -76027.617 -38491.228 -375149.394 -26301.947 -3563.856 -165.224 -22306.069 -316459.456 -46.534 -2447.384 -262602.92 -2456.915 -822312.483 -2461.838 -88747.518 -79129.958 -149.422 -3842.888 -3869.61 0.039 -7694161.095 -85173.406 -608.336 -701.902 -2800.085 -227.578 -88010.013 -119448.636 -191870.475 -441967.926 0.01 0.021 0.019 -2182.663 0.007 -69.002 -97915.06 0.336 0.063 0.063 0.018 0.014 0.007 0.019 -0.011 0.007 0.025 0.007 0.013 0.008 0.029 0.021 -0.006 0.013 0.013 0.015 0.013 0.014 0.012 0.01 0.008 -0.132
0.009 0.015 -10023.635 -21211.925 -42.486 0.011 -93.388 -55.566 -3596.311 -399.569 -3600809.15 -6472.911 -2448.52 -2458.693 -3647.6 -31868.625 0.013 -3811351.553 -2707200.119 -1.1815457298E7 0.0 -1352.388 -3958.104 -2577476.078 -15524.749 -583263.049 -9528.663 -2872.776 -11775.079 -1062.438 0.008 0.023 0.008 0.01 0.01 0.025 0.019 0.019 0.019 0.326 0.062 -0.199 0.052 0.027 0.008 0.018 -41722.192 -47946.469 0.007 -0.011 -0.021 -0.024 -0.025 -0.025 0.006 0.014 -9222.061 -49505.238 -487.641 0.017 0.018 0.005 0.005 0.01 0.007 -0.16
0.009 -1811.199 0.012 0.013 0.019 0.012 -95.858 -56.839 -54.956 -6532.617 -1894367.213 -6469.587 -21180.817 -5571.904 -5604.111 -4395383.895 -635452.022 -129497.597 -1637.519 -424.928 -195613.357 -361873.009 -575932.905 -17.274 -1268.736 -600.827 -96709.881 -1406950.595 -1735184.082 -49072.424 0.018 0.008 0.004 0.012 0.012 0.022 0.018 0.021 0.021 0.027 0.377 0.353 0.151 0.017 0.024 -131095.051 0.007 0.008 0.007 0.016 0.018 0.0 0.01 -308.714 -3366.565 -15288.768 0.021 0.012 0.013 -77396.758 -40766.714 -11299.981 -34.502 -0.027 -0.02 0.13
0.016 0.016 0.013 0.016 0.015 0.013 -93.902 -54.874 -56.842 -174.045 -85652.135 -1.141212713E7 -1116.171 -21168.934 -673.029 -201466.919 -549356.561 0.022 -3714.501 -1658.883 -15.5 -8.881 0.02 0.169 -5050.279 -4997.952 -9904.342 -11711.304 -11906.548 -533.013 -642629.203 -1677162.715 -165411.573 0.118 0.02 0.018 0.02 0.02 0.02 0.018 0.016 0.02 0.018 0.014 -60385.351 0.013 0.008 0.005 0.011 0.015 0.001 0.01 0.031 0.013 -0.009 0.008 0.016 0.01 0.006 0.015 0.009 -202.523 -92173.749 -114817.797 -531081.307 -7790.774
-98922.888 0.015 0.009 0.013 0.013 0.007 0.002 -56.133 -55.958 -176.93 -6536.794 -1300230.93 -315080.489 -6708378.866 -73857.595 -1979734.128 -140388.801 0.015 -3644.425 0.009 -1707147.555 -75044.41 -1673.291 -33078.648 -17236.606 -233.002 -229.292 0.249 -11862.997 -7.478 0.021 0.024 0.017 0.015 0.019 0.02 -3568.507 -80077.463 0.014 0.015 0.02 0.02 0.015 0.016 -58566.291 0.007 0.006 0.007 0.008 0.008 0.008 -0.032 -0.031 -0.025 -0.001 0.035 0.033 0.016 0.019 0.018 0.023 -2602.556 0.005 0.009 0.005 -1595.293
-6105.766 0.006 0.007 0.008 0.006 0.109 -35810.488 -22139.21 -69889.695 -71089.172 -183187.565 -181500.407 -1183.284 -190485.167 -1556956.565 -1.8197360792E7 -551.248 -553.753 -3577.081 -4145439.288 0.006 -3731.27 -360.929 -344.483 0.013 0.014 -0.006 -0.003 0.017 0.014 -153.68 -140.96 -139.463 -227.546 -237.243 -35.464 -16111.876 0.013 -282.441 -2256.339 0.014 0.014 0.019 0.026 -33809.964 0.016 0.01 0.011 0.011 0.016 0.011 -0.52 -0.094 0.038 -0.259 -0.338 0.001 0.013 -0.047 0.016 0.015 0.031 0.008 0.022 0.03 0.03
0.007 0.012 0.007 0.007 0.008 0.047 0.009 0.02 -1678.745 -323.19 -9.1854966009E7 -12501.207 -7597624.404 -1162.514 -551.796 -300.026 -291323.16 0.007 -123.82 -1275285.195 -5532.233 -29023.854 -14729.634 -23170.213 0.001 -0.007 0.001 -0.008 0.021 0.018 -239.193 -218.007 -111110.378 -3576.301 0.013 -1692.976 -163260.588 0.019 0.014 0.008 -3201.108 -7905.023 0.016 0.017 -3342.11 0.012 0.012 -13915.135 -0.002 -38199.358 0.013 -0.478 -0.217 -0.218 0.005 0.005 -0.675 0.005 0.009 0.013 0.028 -0.012 0.028 0.024 0.099 0.018
0.014 0.007 0.017 0.007 -0.002 0.139 -810.25 -0.022 -47550.825 -59122.638 -6610.244 -435.669 -5325.271 -1176.77 -553.046 -1139.876 -50008.877 -2248139.828 -2928850.266 -1044878.53 -5437.606 -6920.357 0.0 -1888870.168 -1880786.252 -544.316 0.0 -0.006 -0.008 0.019 -580.5 -556.662 -560.718 -92.599 -73809.785 -104.617 0.013 0.024 0.007 0.015 0.013 0.014 0.021 0.004 -777671.281 -5454.802 -577295.402 -40437.939 -1717.767 0.017 -0.038 -0.686 -10709.521 0.005 0.01 0.01 0.01 0.011 0.006 -0.011 0.034 0.028 0.028 0.027 -0.016 0.028
0.006 0.006 0.009 -21145.316 -50846.928 -13424.598 -48170.508 -9803.791 0.013 0.013 -183.997 -178.214 -7.024 0.019 -2622.676 -1146.681 -1140.661 -882.939 -51023.288 -7330.908 -183.847 -5706.344 -6374650.331 -5616.873 0.009 -1032528.031 -5760983.629 -57179.349 -0.009 0.009 -330.115 -321.267 -314.041 -212.554 -55450.474 -547.896 0.025 0.019 0.025 0.024 0.023 0.008 0.007 -173455.006 0.005 0.014 0.009 0.011 -0.01 0.01 -1.375 0.011 0.015 -6150.186 -190.401 -6490.952 0.005 -11339.555 0.01 -0.009 0.004 0.03 -26828.562 0.031 0.033 0.033
0.006 0.028 0.007 0.005 -2312.039 -75065.853 0.015 0.014 0.013 -66.448 -160.869 -159.066 -100.287 -103.879 -40.121 -37.037 -5172.685 -106.236 -5406.233 -20194.529 -3377413.902 -2752791.429 -6796.196 -6851.453 0.0 0.002 0.002 0.002 0.002 0.007 -192.243 0.015 -24143.041 -13055.127 -73.588 -46203.225 -729.76 0.025 0.024 0.024 0.011 0.011 -41496.098 0.004 0.01 0.013 0.01 0.01 0.015 -1.359 -146.448 0.009 0.005 -2.544 -1818.213 -859.674 0.003 0.01 -145.135 0.011 0.003 0.028 -2020.245 -1030260.031 0.025 0.024
0.043 0.008 0.007 -2065.648 0.012 0.006 -14093.42 -163.136 -75.63 -63.336 -160.993 -158.138 -20904.51 -8087479.406 -2330130.234 -183779.831 -74.503 -322.428 -463.236 -0.0 0.0 -1.5512041914E7 -2158223.692 -2718306.385 -2072665.793 -291820.946 0.006 0.012 0.011 0.037 -181.679 -196603.67 -38323.875 0.001 -1696961.401 0.019 0.024 0.025 0.025 0.025 0.008 -2386.885 -100.347 0.004 0.011 0.008 0.01 0.01 -0.017 -0.689 0.004 0.025 -7611.205 -1085.275 0.005 -609.774 0.007 0.008 -47273.311 0.01 0.011 0.032 0.025 0.025 -1035620.735 0.018
0.001 0.002 -367.26 0.004 0.016 0.018 0.023 -315.854 -170688.125 -399489.847 -8632.133 -385990.572 -386913.15 -2971415.392 -4637599.075 -1043987.634 -959715.835 -1964231.644 -286419.44 -327865.021 0.0 0.0 0.0 -72771.431 -5053.696 -5066.949 -5110.77 -5079.787 -4973.983 -490.836 -678982.152 -617.518 -184658.156 -102961.747 -204.115 -204.556 -439.261 -126.274 0.008 -70.191 -102.538 -117220.504 0.015 0.011 0.008 0.008 0.01 0.009 -0.006 -0.097 -0.133 0.007 0.007 0.012 -18667.539 -10341.15 0.009 0.015 -451097.905 -8004.019 0.011 0.014 0.001 0.108 0.093 -67478.562
-0.014 0.002 0.001 0.004 -0.02 -0.018 0.011 0.022 0.024 0.028 -292.025 -289.4 -111.89 0.019 -0.075 -0.06 0.012 -5219.589 -64155.271 -77920.199 -29834.929 -65707.38 -11763.367 -11797.704 -5116.231 -4966.761 -49099.144 -275304.302 -349719.306 -23779.972 0.008 -765695.761 0.007 -841.827 -208.932 -205.521 -231452.816 -5658.707 -76.738 -76.741 -3607294.067 -43195.32 0.006 0.011 0.005 -19859.568 -0.009 -0.014 0.005 -0.068 -0.089 0.007 0.006 0.007 0.013 -200520.837 -25.281 -24.632 -818.477 -23.022 0.009 0.005 -0.002 0.049 -5932.192 -1072935.782
-0.014 -0.013 -0.014 -0.015 0.005 0.01 0.024 -1251.052 -17914.801 -33750.406 -297.31 -326.596 -119.428 0.033 -0.08 -191569.03 -3526633.065 -7709877.569 -9536335.278 -5850945.415 -136635.412 -11446.576 -11575.011 -11596.834 -675021.698 -444937.719 -326.966 -3072.641 -7065.006 -690.477 -481673.185 -1095.916 -838.932 0.006 -839.225 -57778.597 -110666.503 -52733.087 -57466.102 -35940.617 -3.413 -11.614 0.011 0.009 -23869.56 0.009 0.009 0.008 0.006 -0.044 -0.014 0.006 0.007 0.007 0.017 0.013 -35228.173 -25549.296 -1074.151 -25.837 0.012 0.0 -0.43 0.004 0.059 0.014
-0.016 -0.019 0.001 -0.0 0.012 0.011 0.009 0.008 -269.359 0.017 -37584.675 0.229 -49.769 0.236 -0.999 0.026 -4799.92 -1535841.458 -5433.341 -7.3537961854E7 -225344.914 -3402055.162 -820982.934 -6022.329 -1873.045 -1881.61 -1926.781 -1888.554 0.023 -494832.606 -2623.142 -0.0 -0.0 0.004 -301414.723 -508471.767 -61.561 -70.181 -72.934 -3.138 -96.836 -45.899 -54.863 -224991.621 -23708.321 0.004 0.008 -0.027 -0.009 0.007 0.006 0.007 -0.014 0.007 0.003 -25.043 0.002 0.018 -805085.912 -104301.791 0.001 -0.058 0.0 0.008 0.014 0.0
0.009 -0.008 0.015 0.017 0.015 0.014 0.01 0.017 0.022 0.021 -9687.328 -180.943 -41.25 0.02 -0.265 0.021 -3055.37 -381.952 -2.6435055459E7 -2779418.45 -78143.966 -19622.974 -19602.207 -19519.126 0.021 -1561042.663 -328397.712 -1782679.116 -4733084.321 -1845.422 -2582.848 -31044.759 0.005 -476221.125 -841.717 -202.602 -63.18 -72.171 -2.907 -69.716 -103.616 -1816.837 -166196.039 0.008 0.008 -0.024 0.008 0.017 -0.015 0.005 -0.013 0.006 0.005 -0.011 0.014 0.008 -24.905 0.013 0.014 0.015 -29851.761 -25519.425 0.011 0.003 0.011 0.0
-80.243 0.014 0.003 0.014 0.015 0.017 0.018 -277.144 0.021 -7.741 0.008 -125104.186 -19.354 -2.89 0.036 -3196.79 -3094.42 -6406.581 -6.1704673677E7 0.0 -2530541.577 -35996.847 -35716.524 -0.041 -3423090.193 0.005 -996220.363 -1914.077 -77.153 -170369.997 -926033.64 -13594.668 -1.3624093458E7 -1120.829 -823.443 0.009 -65.719 -70.449 -71.749 0.002 -153874.657 -1806.189 0.011 0.012 -0.011 -219.382 0.013 0.021 0.005 -54601.305 -473.146 -481.767 0.005 -0.002 0.011 0.011 0.041 0.015 -21.77 0.003 0.012 -4129.706 -124701.562 0.028 0.002 0.006
-6608.704 0.024 -1103.127 0.023 -7355.217 0.006 -74.311 0.017 0.02 -4120.824 -60.104 -2289.27 0.014 0.01 0.021 0.02 -445.938 -943.359 -53186.573 -1.1188477441E8 -65571.846 -24518.734 -30572.772 -3405198.008 0.005 -0.004 0.012 -695401.502 0.006 0.036 0.103 0.007 0.016 -1816721.67 -507544.484 0.014 -56.813 -63.533 -223.897 -2642080.277 -64.056 -9.148 0.008 0.009 0.011 -3936.491 0.008 0.01 -0.22 -2565.269 -324298.14 -52.302 -987.911 -4023.873 0.009 -0.04 -0.023 -0.179 0.0 0.001 0.006 0.002 0.004 -103057.409 0.027 0.001
-454180.257 0.022 0.026 0.029 0.027 -34475.18 0.021 0.021 0.02 0.021 -2481.38 -104269.634 -99.9 0.021 0.021 0.02 0.019 -953.977 -55795.525 -3305072.013 0.008 -2555586.705 -385865.729 -24435.932 0.002 0.006 0.033 -44657.66 -189823.491 0.034 0.007 0.006 0.006 0.007 -1914941.377 -678715.952 -23865.741 -45459.379 -1879.285 0.005 -142657.965 -181018.08 -181717.563 -27547.495 -1103573.09 0.004 0.009 0.009 0.014 -273.716 -224956.615 -50.491 -1008.233 -468.113 0.121 -0.003 0.046 -0.068 -0.033 0.032 -0.02 0.009 0.005 0.022 -162178.092 -63625.532
-123.707 0.018 0.023 -5747.876 0.027 -18298.572 0.021 0.017 0.018 -808.219 0.021 -2460.403 -253875.567 -1509.637 0.017 0.019 0.014 -531932.396 -56380.545 0.022 -2.1179537284E7 -26831.532 -27005.047 -5.051 0.003 -0.078 0.006 0.164 0.013 0.027 -54.779 0.022 0.01 0.012 0.012 -314676.973 -339380.314 -134003.725 0.014 -391.931 -90.014 -90.21 0.005 0.014 0.011 0.016 0.015 0.02 -940.094 -898.382 -114721.016 -909.806 -142350.977 0.012 0.005 0.033 -0.166 -0.016 -1298.384 -0.008 0.022 0.019 0.063 0.012 0.0 0.022
0.021 -652.834 -8.167 -7453.908 -63060.923 -78977.245 0.091 0.022 -59.575 0.018 -12565.582 0.019 0.008 -13721.401 0.024 0.024 -455.157 -428879.841 -1.3228497374E7 -22078.988 -3692453.482 -26947.808 -27020.208 -26906.806 -0.0 0.007 0.01 0.013 0.014 0.016 0.018 0.016 0.024 0.013 0.012 0.012 -405.335 -112574.275 -161316.34 -413433.508 -397.41 -491.353 0.015 0.015 0.018 0.018 0.02 0.018 -888.512 -906.921 -234294.462 -909.479 -194390.453 -1002.35 0.013 0.014 0.007 0.014 -7759.868 0.013 0.019 0.005 -408139.924 0.034 0.019 0.037
-67031.041 -1041.502 -8.52 -12017.053 -188952.493 -273.885 -4364680.152 -26.203 -26.342 0.018 -11010.846 0.017 0.015 -208.951 -9395.598 0.025 -440.383 -442.928 -30015.123 -8.4968873299E7 -6.1136791079E7 0.0 -57551.033 -57270.677 -0.001 0.01 0.01 0.012 0.011 0.015 0.014 0.032 0.028 0.016 0.013 0.009 0.023 -398.146 -385.107 -2009.175 -508.972 -499.183 0.014 0.015 0.007 0.013 0.022 0.019 -19695.225 -168113.089 -3922101.663 -174.893 -44177.818 -968.008 0.016 0.015 0.015 0.013 -10803.569 0.012 0.003 0.006 -298.942 -1549907.528 0.007 -0.103
-18304.791 -8.472 -271.599 -269.712 -19441.779 -509.639 -680463.954 0.1 -4070.772 0.017 -7350.123 0.017 0.015 0.014 -615529.777 0.024 0.022 -436.774 -105912.792 -27522.261 -58299.124 -3.4678294245E7 -1.2652946874E7 -0.018 -12881.123 -18444.069 0.01 0.012 0.013 0.014 -87.358 0.014 0.035 -0.031 0.013 -1.76 -1736.532 0.108 -380.858 0.017 0.017 -491.453 0.016 0.016 -232721.843 0.015 0.013 0.014 -3.943 -4.91 -43335.589 -5450883.144 -3.506 -3.956 -227.013 -71449.944 0.008 0.012 -585407.887 0.005 0.005 0.005 0.006 0.084 -1670316.572 0.007
-18204.908 0.01 -397.641 -21701.226 -6921.693 0.014 -54679.738 -78.017 -16495.861 -16416.271 -275246.927 0.031 -2.227 0.014 -9685.068 0.011 0.011 -2.129 0.086 0.052 -3777.388 -15435.285 -139559.206 -3718394.386 -55203.976 0.012 0.009 -215.195 -12183.119 -194763.334 -1080890.733 -49276.504 -2.863 -1.105 -857.016 -208.448 0.005 0.013 0.014 0.008 0.014 0.016 -139.45 -687.343 -249741.453 -706.695 -667.296 -655.733 0.019 -921.714 -949.72 -608662.474 0.021 -0.099 0.026 -18978.196 -4992.52 0.029 -1988.777 0.01 0.007 -10.118 -0.056 -1269.92 -2627637.578 -18.6
-1.8267867341E7 0.0 0.007 -638.854 -149389.81 -4626.774 -9105.237 -4083.345 -695.543 -4021.45 -564079.533 -25.158 0.014 0.014 -28781.453 -30.008 -2.778 0.029 -16348.286 -6304.436 0.012 -924229.183 -11458.343 -3857.775 -74487.379 -2848649.506 -67266.524 -34412.41 -778.162 -275.388 -1.635 0.006 -203.941 -100.027 -240.811 -1034937.301 0.012 0.012 0.012 0.012 0.013 0.008 -687.38 -676.418 -3470.502 -491.756 -679.955 -671.197 -890.544 -928.86 -967.738 -769116.189 -925.183 -8.419 -0.791 -277.131 -2338.672 -5557.822 -323.581 -130376.731 -93983.466 -12.147 0.011 -0.55 -6239899.484 -3515203.439
-432630.069 -4925351.822 -463029.85 -1.2242342444E7 -3.0692032783E7 -2.8362026909E7 -688.296 -688.382 -691.759 -447.091 -190472.14 0.017 0.018 0.036 -129899.689 -431.928 -396.823 -403.889 0.138 -16570.452 -512950.624 -6.6186509293E7 -1532.23 -1602.469 -14.045 -25.559 -458080.218 -213.728 -273.93 -29.887 0.014 -0.889 -206.179 -198.188 -865.824 -1018266.659 0.012 0.01 0.011 0.005 0.01 0.01 -553.814 -104025.301 0.014 -57381.083 -58.968 -535.074 -898.414 -919.111 -953.294 -754393.072 -187.025 -195.972 -281.939 -270.145 0.021 -5148.076 0.023 -5031.132 -13025.293 0.012 0.011 0.023 -401126.399 -1.00492676256E8
-59955.0 -15364.746 -15329.733 -1927843.526 -21830.56 -19326.245 -5373734.332 -4280111.87 -5669989.606 -1391074.757 -983368.51 -57.706 -49.655 0.022 -1642596.034 -410.529 -362.023 0.012 -8465.999 -8500.19 -1638.001 -9412944.696 -532.235 -1611.212 0.114 -28.621 0.004 -765787.124 -11878.769 -31.85 -1.31 -853.946 -893.046 -860.553 -625.598 -584872.083 0.007 0.012 0.012 0.005 0.014 0.01 -659.12 0.017 -228046.752 -28598.526 -186094.521 -516.813 -109.653 -3207.21 -266061.424 -942835.842 -173.335 -24.199 -167000.542 -269.393 0.016 -88.652 -160269.431 0.008 -68784.041 -27.264 0.009 -0.603 -106.827 -167.101
-2028.255 -2035.202 -2911.026 -230180.669 -21928.359 -19511.713 -15158.837 -15054.406 -12911.061 -443.356 -1.565432414E7 -55856.202 -8909.133 -513.377 -194871.172 0.002 0.008 0.054 -8555.286 -127.451 -4622.646 0.008 -1200687.669 -1630.799 -6119.314 -465.031 -267.675 0.026 -131.524 -263.483 -246.497 -638.1 -1832407.021 -615.978 -655.496 -243207.858 -5552284.136 -2426362.849 -2081867.899 0.01 0.018 0.011 -544.297 -522.783 0.022 -536020.963 -8013.253 0.023 -111.003 -861.431 -339929.582 -329131.673 -38.784 -24417.685 0.021 -265.267 -477.318 -85.024 -61649.492 0.011 -1020453.497 0.008 0.008 -51.743 -6204.965 0.018
-1458.49 -2100.469 -3071521.946 -15493.43 -21736.913 -21874.309 -4102.182 -835.549 -837.94 -123796.568 0.012 -57.766 -2955.667 -1.57830698655E8 -0.004 0.01 0.01 0.019 -674.115 -130.526 -4715.843 -1.3000977202E7 -4735.38 -182.399 -100.027 -546.998 -1709.391 -390.553 -266.549 -628.17 -719540.164 -1674355.063 -829.805 -614.797 -1196.412 -8485147.986 0.011 0.023 0.012 0.005 0.02 0.01 -328543.688 -114077.718 -693.053 -2542125.472 -9.37 0.014 0.026 -899.362 -864.541 -2538183.834 -980520.435 -48667.712 -41.931 -276.319 0.018 -136.795 -140.93 -2496261.846 0.008 0.008 -26.424 0.018 -1966.101 -172103.444
