static/jobfarm/user_models/minyf/common/HOME-GBHM/输出文件/Output/Grids/runoff20020225.asc
ncols 221
nrows 204
xllcorner -627000.0
yllcorner 3955000.0
cellsize 900.0
NODATA_value -9999.0
[rows 96 to 127 of 204, columns 72 to 143 of 221]
4.682 5.835 4.687 2.699 2.474 1.496 0.362 0.676 0.414 0.163 0.254 0.321 1.038 3.157 1.045 1.863 0.904 0.706 0.025 0.024 0.035 0.03 0.038 0.27 0.136 0.092 0.086 0.096 0.123 0.051 0.111 0.022 0.092 -0.665 0.069 -0.172 0.064 0.052 0.225 0.001 0.031 0.02 0.003 0.03 0.022 -0.356 -0.16 -0.192 -0.214 -0.247 -0.233 0.198 -0.263 0.048 0.03 -0.018 0.015 0.017 -0.062 0.019 0.516 -0.004 0.02 0.575 0.33 0.848 0.15 0.15 0.789 0.77 0.62 0.16
1.157 0.909 1.396 1.824 4.423 2.162 2.703 0.412 0.269 0.099 0.23 0.486 0.857 2.463 1.489 3.683 2.289 4.153 1.27 0.897 1.463 0.847 0.031 0.009 0.129 0.069 0.226 0.117 0.26 0.201 0.256 -0.017 -0.059 -0.14 -0.701 0.112 0.006 0.016 0.038 0.003 0.004 0.043 0.079 -0.002 0.02 -0.205 -0.364 -0.263 0.802 0.573 -0.42 -0.007 0.584 0.265 -0.072 0.013 -0.079 0.018 -0.033 0.134 -0.703 -0.005 0.114 0.021 -0.23 0.041 0.042 0.225 0.204 0.409 0.361 0.038
1.016 0.019 5.645 5.115 0.692 0.964 0.831 0.721 0.303 0.273 0.363 0.512 0.818 1.64 0.985 1.923 -0.092 5.342 4.54 1.657 -0.046 1.083 0.85 -0.293 0.345 0.029 0.031 0.027 0.139 0.018 -0.276 0.053 0.066 0.064 -0.146 -0.141 0.812 0.109 0.174 0.053 0.109 0.115 0.023 0.027 0.07 -0.559 0.831 -0.307 0.472 0.485 0.504 -0.5 -0.312 0.085 0.185 0.052 0.076 -0.072 -0.059 0.049 0.159 2.477 0.019 0.255 0.331 0.01 0.853 1.263 1.131 -0.127 -0.035 0.759
2.893 0.0 0.065 0.099 -0.001 1.399 0.327 0.254 0.98 0.436 0.293 0.373 1.069 0.315 0.897 1.164 3.37 1.925 -0.678 6.733 9.38 3.726 0.729 0.01 0.024 0.019 0.014 -0.596 0.14 0.025 0.105 0.101 0.1 0.045 0.101 0.114 0.129 0.521 0.052 -0.006 0.011 -0.002 0.033 0.019 -0.302 0.432 0.755 0.839 -0.462 0.043 -0.21 0.132 -0.298 -0.502 -0.211 0.082 0.0 -0.06 -0.054 -0.033 0.71 1.876 0.7 0.187 0.436 0.054 0.845 0.818 0.704 0.027 0.272 1.519
0.163 0.155 0.115 0.045 -0.768 -0.032 0.715 0.019 -0.77 0.795 0.812 0.527 0.81 0.008 3.916 2.295 1.29 1.574 0.732 1.225 1.07 1.147 1.066 -0.277 0.052 0.321 0.065 0.027 0.113 0.262 0.195 0.104 0.08 0.06 0.051 0.061 0.157 0.086 0.024 -0.03 0.004 0.003 0.031 -0.284 0.813 0.797 -0.414 -0.492 -0.277 -1.175 -0.287 -0.144 0.054 -0.052 -0.218 0.068 1.135 2.769 0.018 0.019 0.029 1.549 0.027 0.205 -0.233 0.028 0.136 0.842 0.807 0.517 0.06 -0.112
-0.004 0.397 0.0 0.122 -0.768 0.002 0.031 -0.002 -0.002 -0.011 0.541 0.79 0.576 0.782 0.0 4.386 2.894 4.21 5.437 3.784 -0.429 -0.226 0.669 -0.07 0.035 0.11 0.193 0.125 0.934 0.14 0.092 0.103 0.103 0.093 0.644 0.084 0.04 0.05 0.039 0.009 0.001 0.011 0.01 -0.268 -0.139 0.531 0.065 0.03 -0.068 -0.134 -0.087 0.179 0.083 -0.315 -0.072 -0.151 0.053 0.018 2.078 0.015 0.386 1.377 0.024 0.007 0.287 0.099 0.037 0.043 0.19 0.09 0.132 0.042
0.253 0.177 -0.009 -0.664 -0.756 0.046 0.067 0.008 0.785 -1.39 0.053 0.002 0.086 0.115 0.0 0.0 0.0 3.096 -0.327 -0.086 -0.07 -0.082 -0.118 -0.213 0.008 0.297 0.67 0.453 0.198 0.201 0.222 0.179 0.08 0.089 0.075 0.241 0.685 0.053 0.135 -0.008 0.02 -0.04 -0.009 -0.067 -0.068 -0.141 -0.136 -0.381 0.156 0.183 -0.039 -0.498 0.282 0.14 0.091 0.393 -0.013 0.153 0.029 1.524 0.419 0.036 0.699 0.539 0.188 0.807 -0.141 -0.087 -0.096 0.066 0.893 -0.053
0.112 0.252 0.302 0.04 0.016 -0.754 0.686 0.033 0.052 -0.025 0.671 1.421 1.157 2.272 1.06 2.815 -0.559 -0.554 -0.304 -0.356 -0.794 -0.781 -0.674 0.489 0.151 0.576 -0.068 0.271 0.229 0.207 0.492 0.237 0.14 0.14 0.526 0.135 0.032 -0.039 -0.035 0.132 0.002 0.05 -0.062 -0.055 -0.027 -0.063 -0.207 -0.119 -0.282 0.319 0.533 0.53 0.283 0.622 0.466 0.445 0.162 0.481 1.612 1.166 0.587 1.142 0.701 -0.016 0.08 -0.077 -0.082 -0.091 -0.085 -0.076 -0.141 0.184
0.149 0.203 2.003 1.153 -0.744 0.826 0.634 0.075 0.052 1.078 1.433 2.501 2.358 -0.005 0.0 -0.753 -0.745 -0.589 -0.719 -0.0 0.281 0.348 0.38 0.224 0.546 0.23 0.262 0.351 0.263 0.274 0.476 0.403 0.254 0.291 0.069 0.035 -0.013 -0.035 0.117 -0.039 -0.04 -0.01 -0.133 -0.058 -0.032 0.016 -0.097 -0.113 -0.477 -0.117 0.073 0.257 0.287 -0.215 0.092 -0.434 0.304 0.19 0.463 0.235 -0.097 0.287 0.036 0.029 -0.041 0.027 -0.064 -0.063 -0.046 -0.07 0.054 0.039
0.027 0.113 0.503 0.266 0.965 0.229 -0.531 0.236 0.13 0.244 0.358 1.639 0.365 0.846 1.762 -0.0 -0.736 0.438 0.2 0.212 0.343 0.222 0.081 0.472 0.28 0.206 0.153 0.741 0.417 0.541 0.145 0.089 0.112 0.057 0.043 0.059 0.066 0.178 0.114 -0.034 -0.121 0.055 -0.068 0.018 0.016 0.018 0.017 -0.008 -0.011 0.337 -0.084 -0.136 -0.0 -0.0 0.216 0.068 0.125 -0.238 0.107 0.412 -0.087 -0.165 0.435 0.034 0.036 0.032 -0.059 -0.079 -0.024 -0.046 -0.013 -0.078
0.022 0.152 0.594 0.527 1.388 0.724 0.64 0.221 0.16 0.484 1.049 0.35 0.639 0.549 1.461 0.211 0.202 0.167 0.02 0.876 0.558 0.429 0.453 0.161 0.224 0.215 0.016 0.434 0.271 0.188 0.169 0.106 0.042 0.084 0.08 0.107 0.176 0.028 0.128 -0.011 -0.027 0.047 0.017 0.039 0.017 0.01 0.023 -0.008 0.024 -0.11 0.529 0.026 -0.153 0.544 -0.074 -0.179 0.104 -0.038 -0.069 0.167 -0.0 0.097 0.151 0.277 0.024 -0.004 -0.047 -0.055 -0.051 -0.062 -0.025 -0.018
0.029 0.62 0.498 0.417 0.077 1.428 0.619 0.185 -0.006 2.079 1.342 1.71 0.956 0.049 1.876 0.323 0.211 0.308 0.487 0.197 0.865 0.321 0.125 0.322 0.29 0.15 0.626 0.283 0.214 0.06 0.204 0.092 0.102 0.078 0.314 0.055 0.098 -0.016 -0.011 0.051 0.0 -0.004 0.015 -0.001 -0.001 -0.002 0.02 -0.002 0.032 0.022 0.06 -0.047 0.038 -0.064 0.1 0.125 -0.002 -0.284 0.241 0.233 -0.002 0.281 0.02 1.152 0.394 0.034 -0.021 0.375 -0.005 0.457 -0.027 -0.032
0.488 0.295 0.435 1.652 0.75 1.219 0.445 0.354 0.315 0.029 1.388 2.587 0.908 0.664 0.709 0.255 0.15 0.167 -0.671 0.056 0.154 0.687 0.265 0.077 0.138 0.114 -0.119 0.341 0.441 0.266 0.152 0.078 0.101 0.29 0.085 0.036 0.007 -0.123 0.013 0.057 0.038 -0.036 -0.003 -0.001 -0.001 0.041 -0.002 -0.001 0.018 -0.037 -0.049 -0.143 -0.003 -0.147 -0.379 0.105 -0.684 0.028 -0.044 0.109 -0.002 0.294 0.032 1.253 0.027 0.02 0.039 -0.076 0.623 0.877 0.352 0.129
0.578 0.482 0.426 0.675 1.542 1.47 1.041 0.357 0.347 0.041 0.028 3.053 3.051 0.516 -0.403 0.089 0.116 0.213 -0.909 0.05 0.216 0.396 0.796 0.078 0.135 0.174 0.123 0.103 0.377 0.63 0.682 0.369 0.155 0.044 0.263 0.248 0.276 0.108 0.132 -0.103 0.041 0.105 -0.002 -0.001 -0.001 -0.563 -0.001 0.484 -0.291 -0.341 -0.007 -0.069 -0.123 -0.141 -0.43 -0.013 -0.094 -0.379 0.034 0.023 1.198 0.58 1.017 0.631 0.105 0.048 0.02 0.062 0.153 0.689 0.058 0.067
0.997 0.346 0.292 1.62 0.578 1.401 1.971 0.804 0.384 0.033 0.023 4.182 4.619 0.087 0.307 0.206 0.49 0.035 0.002 0.001 -0.114 -0.043 0.234 0.195 0.249 0.267 0.326 0.183 0.146 0.62 0.966 0.404 -0.03 0.154 0.048 0.049 -0.144 0.001 0.051 0.025 -0.012 0.049 -0.001 -0.001 -0.001 -0.001 -0.001 0.055 0.029 -0.117 -0.101 -0.117 -0.758 -0.225 0.037 -0.13 0.079 0.001 0.07 0.15 0.529 1.036 0.825 0.441 0.342 0.098 0.034 0.052 1.146 1.623 0.209 0.082
0.028 0.655 1.077 0.627 2.738 0.03 0.035 1.613 0.297 0.339 1.176 3.537 6.176 2.048 0.604 0.399 0.513 0.332 0.187 0.61 0.024 0.041 0.025 0.341 0.032 0.024 0.05 0.197 0.163 -0.529 0.196 0.41 0.39 0.498 0.172 0.064 0.022 0.023 0.028 -0.013 -0.007 0.071 -0.002 -0.001 -0.001 -0.002 -0.001 -0.001 0.028 0.117 0.064 0.148 -0.001 -0.13 0.11 0.254 2.514 0.029 -0.168 0.029 0.821 0.329 0.466 0.575 0.242 0.14 0.062 0.103 1.734 0.311 0.128 0.083
3.183 1.133 1.314 0.838 2.729 0.792 0.033 1.059 0.925 0.331 0.736 0.818 1.882 7.779 0.086 0.196 0.936 0.161 0.158 0.031 0.022 -0.013 0.059 -0.081 0.338 -0.016 -0.034 0.025 0.1 0.082 0.213 0.174 0.133 0.153 0.098 0.079 0.028 -0.188 -0.032 -0.403 0.007 0.07 -0.001 -0.001 -0.001 0.3 -0.0 -0.002 0.038 0.098 -0.106 0.111 -0.539 0.265 0.068 -0.055 0.704 3.115 0.573 0.033 1.882 1.871 1.098 0.667 -0.007 0.367 0.127 0.215 1.286 0.331 0.132 0.111
1.234 1.252 1.476 0.678 2.114 0.648 0.027 0.026 0.996 0.298 0.236 0.614 1.823 1.269 -0.135 0.107 0.079 0.009 0.063 0.19 0.062 0.018 0.04 -0.123 0.925 0.633 -0.019 -0.016 0.219 0.636 1.156 0.108 0.119 0.091 0.099 0.064 0.028 0.054 -0.457 -0.265 -0.095 -0.533 0.198 0.242 -0.001 -0.001 0.156 0.199 0.001 -0.401 0.036 -0.713 -0.413 -0.164 -0.041 -0.098 -0.287 0.03 3.861 0.832 2.626 1.094 0.557 0.582 0.789 0.178 0.169 0.169 2.089 0.539 0.174 0.209
1.079 0.762 1.674 1.549 2.535 0.758 0.396 0.038 0.838 0.112 0.254 0.245 0.086 0.052 1.06 3.151 0.256 0.608 0.121 0.075 0.029 0.124 0.322 0.402 1.339 1.201 0.046 0.343 0.55 0.532 0.031 0.027 0.16 0.092 0.121 -0.051 -0.696 0.064 0.215 0.075 0.051 0.044 0.085 -0.785 -0.128 -0.001 0.161 -0.01 0.042 -0.443 -0.6 0.132 -0.317 -0.733 -0.32 -0.705 0.389 1.499 7.628 2.143 2.314 -0.005 0.028 -0.036 -0.075 0.731 0.133 0.146 1.68 0.69 0.487 0.259
0.482 0.651 -0.262 -0.381 1.73 0.774 0.052 0.474 2.462 0.664 0.515 0.059 2.376 2.825 0.703 2.484 0.391 2.088 0.268 0.208 0.182 0.274 0.21 0.174 0.901 0.849 0.439 0.19 0.32 3.766 0.027 0.035 0.023 0.021 0.026 -0.061 0.064 0.057 0.073 0.067 0.059 0.054 -0.848 -0.784 -0.202 -0.0 -0.785 0.015 0.034 -0.002 -0.614 -0.616 -0.614 -0.391 -0.379 -0.664 -0.287 1.343 4.54 1.892 1.47 0.036 0.029 0.252 0.796 -0.001 0.177 0.253 0.539 4.861 0.994 1.089
-0.073 -0.163 0.045 1.193 1.09 0.395 0.634 0.634 3.831 1.182 0.487 0.642 0.138 3.518 2.616 3.769 0.184 0.891 0.131 0.047 0.186 0.119 0.169 0.881 0.845 0.838 0.486 0.307 0.631 2.587 -0.006 0.022 0.025 0.036 0.005 -0.053 0.06 0.146 0.055 -0.469 -0.67 -0.643 -0.785 -0.784 -0.751 -0.001 -0.83 -0.784 -0.002 -0.002 -0.285 -0.393 -0.244 0.336 0.146 -0.234 -0.416 0.851 2.511 2.235 1.566 0.665 1.005 0.248 0.266 0.945 1.694 0.574 0.305 0.539 5.701 6.581
-0.001 -0.004 0.661 0.834 1.329 0.294 0.185 0.212 1.284 0.776 0.795 0.68 0.854 0.989 1.2 0.0 0.258 0.968 0.114 0.09 0.124 0.419 0.296 0.907 0.884 0.521 0.872 0.583 0.715 2.21 -0.006 -0.006 0.026 0.036 0.017 -0.044 0.046 -0.108 -0.282 -0.425 -0.356 -0.676 -0.734 0.014 -0.001 -0.001 -0.847 -0.082 -0.001 -0.001 -0.684 -0.677 0.284 -0.139 0.255 -0.688 -0.321 1.229 1.521 0.913 1.012 0.762 0.84 0.513 0.251 0.235 0.417 1.964 0.531 1.386 0.82 1.594
-0.255 -0.071 0.801 0.237 0.143 0.215 0.167 0.157 0.605 0.283 0.361 0.518 1.202 0.232 0.0 0.0 0.0 1.139 2.308 0.485 0.145 0.067 0.092 0.129 0.436 0.846 3.194 0.61 1.024 1.495 3.295 1.916 2.323 0.027 0.032 -0.182 -0.627 -0.665 0.15 0.452 0.365 0.483 -0.724 0.016 -0.681 -0.679 -0.002 -0.001 0.252 -0.001 -0.129 0.008 -0.477 -0.318 -0.48 -0.287 -0.235 1.41 1.214 0.186 1.182 1.007 0.601 0.329 0.384 0.316 0.448 0.335 1.301 3.131 1.271 0.613
0.719 0.145 0.151 0.131 0.407 0.457 0.215 0.807 0.21 0.3 0.38 0.214 0.476 0.344 0.0 0.0 0.0 0.292 0.428 0.76 0.243 0.445 0.141 0.565 3.44 3.191 0.557 0.597 0.015 4.711 0.022 0.026 0.024 0.036 0.038 0.053 -0.383 0.396 0.206 0.565 0.356 0.464 0.441 -0.215 -0.74 -0.674 -0.002 -0.001 0.43 -0.001 -0.706 -0.686 -0.664 -0.268 -0.039 -0.238 1.234 0.786 0.441 0.673 0.514 1.286 0.965 0.401 0.418 0.316 0.332 0.383 0.572 2.163 1.456 0.87
0.116 0.135 0.316 0.143 0.274 0.485 1.249 0.235 0.266 0.223 0.343 0.555 1.459 1.711 0.0 0.0 0.0 0.277 0.406 0.346 0.728 0.471 0.26 0.788 3.056 1.358 1.267 0.993 1.612 4.137 0.706 0.298 0.287 0.262 0.256 0.627 -0.728 0.088 0.369 -0.163 -0.537 0.04 -0.203 0.092 0.161 0.163 -0.002 -0.001 0.78 -0.003 -0.668 -0.719 -0.46 -0.492 -0.481 -0.68 1.01 0.646 0.34 0.664 1.284 1.762 4.053 1.24 0.357 0.325 0.262 -0.063 0.258 1.591 3.155 -0.06
0.274 0.17 0.134 0.094 0.27 0.508 0.675 0.638 1.606 0.328 0.104 0.571 1.12 0.0 0.0 1.291 0.776 0.389 1.788 2.722 0.646 0.407 0.193 0.735 1.488 2.842 2.05 1.772 2.034 4.735 0.621 0.917 0.682 0.403 0.408 0.658 0.6 0.852 0.068 -0.19 -0.459 -0.176 -0.25 -0.7 0.113 0.092 -0.811 -0.0 0.052 -0.708 -0.74 -0.14 -0.166 -0.567 -0.686 0.578 0.812 0.541 0.687 1.846 0.677 0.84 2.029 1.195 0.623 2.267 0.332 0.065 -0.08 0.328 0.002 0.001
0.067 0.017 0.124 0.005 0.222 0.466 0.807 2.545 1.139 0.35 0.233 1.488 0.0 0.0 0.0 1.058 0.875 0.897 1.949 0.511 0.626 0.11 0.099 0.834 1.241 1.73 1.347 2.181 2.254 6.214 0.57 0.99 0.889 0.775 0.535 1.01 0.788 0.622 -0.321 -0.094 -0.035 -0.604 -0.373 -0.49 0.867 0.126 0.119 0.131 0.03 -0.337 -0.72 -0.728 -0.709 -0.604 -0.715 1.296 0.519 0.428 0.747 0.596 0.613 1.918 0.339 0.372 0.023 2.036 0.267 0.061 0.108 0.028 -0.015 -0.047
0.056 0.032 0.266 0.005 0.21 0.401 1.713 0.369 0.92 0.311 0.769 0.87 0.416 0.255 0.364 0.664 1.748 0.946 2.171 1.799 0.282 0.179 0.094 0.603 0.971 1.095 2.497 1.183 1.327 3.753 0.584 2.22 1.764 0.852 0.844 1.885 0.998 1.027 0.796 -0.101 -0.697 1.092 1.186 0.873 0.878 0.093 0.068 0.078 -0.734 -0.739 -0.732 -0.011 -0.532 -0.601 -0.01 1.17 -0.002 -0.003 -0.001 0.367 0.369 1.409 -0.001 -0.001 0.002 -0.001 0.048 0.18 -0.001 0.064 0.001 -0.249
0.049 0.207 0.053 0.07 0.232 0.448 0.301 0.727 0.92 0.291 0.27 0.282 0.384 0.121 0.133 0.251 0.173 0.529 0.703 1.356 0.237 0.236 0.178 0.171 1.046 1.22 0.736 1.325 0.942 3.16 0.71 3.337 0.419 0.99 4.129 0.315 1.555 0.701 0.605 -0.221 -0.101 0.159 1.018 -0.624 -0.149 0.128 -0.545 0.05 -0.346 -0.47 -0.726 -0.536 -0.685 -0.653 -0.707 1.138 -0.001 -0.002 -0.004 -0.004 0.522 0.626 0.599 0.44 0.002 0.002 -0.097 0.0 -0.0 0.046 -0.107 -0.052
0.235 0.084 -0.071 0.039 0.506 0.429 0.582 0.516 0.289 0.067 0.493 0.11 0.055 0.316 0.208 0.343 0.274 0.283 1.448 0.359 0.352 0.224 0.248 0.473 0.622 0.741 1.172 1.316 0.235 2.478 2.426 1.447 0.418 3.119 0.408 0.313 1.4 1.165 0.56 0.429 0.032 0.055 0.02 -0.721 -0.087 -0.59 0.136 -0.784 -0.564 0.263 0.068 -0.55 -0.781 -0.65 -0.72 0.645 -0.001 1.105 0.467 0.821 0.544 0.011 0.688 2.096 0.345 0.003 -0.147 -0.0 -0.064 -0.093 -0.091 -0.073
0.156 0.03 0.014 0.078 0.135 0.07 0.26 0.209 -0.009 0.535 0.073 0.113 0.247 0.071 0.728 0.557 0.278 0.269 0.477 0.868 1.437 1.682 2.127 2.19 2.992 2.024 1.254 0.454 0.918 0.679 0.911 0.75 2.723 0.862 0.812 0.955 0.516 2.567 0.579 0.385 0.035 0.221 0.352 0.478 0.744 0.136 0.323 0.068 0.082 -0.102 0.149 0.107 0.306 -0.787 0.051 0.044 0.072 -0.001 2.208 0.182 0.346 0.808 2.503 0.646 0.341 0.076 0.538 -0.0 -0.0 -0.313 -0.189 -0.044
0.034 0.11 0.038 0.032 -0.003 0.103 0.76 0.567 0.854 0.077 0.329 0.15 0.151 0.24 0.352 0.341 0.665 0.253 0.334 0.168 0.534 0.783 1.457 1.772 1.736 1.41 1.727 1.787 1.53 0.417 0.179 0.4 2.72 1.361 0.938 1.091 0.573 1.391 0.495 0.398 0.378 0.23 0.065 0.112 0.53 0.056 0.131 0.274 0.126 0.058 0.228 0.114 0.107 0.131 0.298 0.046 0.072 0.195 1.226 1.242 0.015 1.845 0.645 0.556 0.596 0.078 0.132 -0.0 0.036 -0.0 -0.0 -0.009
