static/jobfarm/user_models/minyf/common/HOME-GBHM/输出文件/Output/Grids/runoff20020225.asc
ncols 221
nrows 204
xllcorner -627000.0
yllcorner 3955000.0
cellsize 900.0
NODATA_value -9999.0
[rows 32 to 63 of 204, columns 72 to 143 of 221]
-0.117 0.115 0.144 0.037 -0.122 -0.038 0.123 0.857 0.971 -0.005 -0.001 -0.005 -0.004 -0.196 -0.086 -0.005 -0.002 -0.003 0.205 0.085 0.12 0.079 0.006 0.007 -0.009 0.595 0.039 0.047 0.037 0.042 0.062 -0.021 0.051 0.005 -0.005 -0.005 0.005 -0.005 0.046 0.048 0.052 0.041 0.182 -0.269 -0.112 -0.039 -0.096 -9999.0 -9999.0 -9999.0 -9999.0 -9999.0 -9999.0 -9999.0 -9999.0 -9999.0 -9999.0 -9999.0 -9999.0 -9999.0 -9999.0 -9999.0 -9999.0 -9999.0 -9999.0 -9999.0 -9999.0 -9999.0 -9999.0 -9999.0 -9999.0 -9999.0
-0.201 -0.181 0.004 0.25 0.062 0.049 1.112 -0.198 0.791 -0.005 0.057 -0.069 -0.004 0.07 0.201 -0.044 -0.003 -0.002 0.069 0.173 0.042 0.026 -0.076 0.004 -0.004 -0.019 0.061 0.037 0.03 0.028 0.321 0.013 -0.021 -0.1 -0.01 0.005 0.026 -0.005 -0.005 -0.146 0.154 0.033 -0.049 -0.138 -0.085 -0.07 -0.151 0.041 -9999.0 -9999.0 -9999.0 -9999.0 -9999.0 -9999.0 -9999.0 -9999.0 -9999.0 -9999.0 -9999.0 -9999.0 -9999.0 -9999.0 -9999.0 -9999.0 -9999.0 -9999.0 -9999.0 -9999.0 -9999.0 -9999.0 -9999.0 -9999.0
-0.133 -0.204 -0.105 0.068 0.072 0.059 1.112 -0.208 -0.313 -0.004 -0.101 -0.024 -0.159 -0.145 0.025 -0.639 -0.002 0.071 0.253 0.03 0.064 -0.092 -0.003 -0.646 -0.017 -0.018 -0.105 0.055 0.354 0.3 0.013 0.012 0.013 0.036 0.087 -0.01 -0.005 -0.01 -0.005 0.088 -0.092 0.005 -0.055 0.015 0.05 -0.012 -0.121 -9999.0 -9999.0 -9999.0 -9999.0 -9999.0 -9999.0 -9999.0 -9999.0 -9999.0 -9999.0 -9999.0 -9999.0 -9999.0 -9999.0 -9999.0 -9999.0 -9999.0 -9999.0 -9999.0 -9999.0 -9999.0 -9999.0 -9999.0 -9999.0 -9999.0
0.134 -0.001 0.015 -0.04 0.056 0.052 0.58 -0.005 0.786 0.029 -0.03 0.006 -0.152 -0.357 -0.713 -0.144 0.951 1.502 0.135 0.06 0.08 -0.088 -0.003 -0.04 -0.016 -0.12 0.034 0.049 0.033 0.804 0.014 0.027 0.016 0.012 0.039 0.254 0.011 0.008 -0.135 -0.076 0.082 0.063 0.061 0.09 0.023 -0.049 -0.04 -9999.0 -9999.0 -9999.0 -9999.0 -9999.0 -9999.0 -9999.0 -9999.0 -9999.0 -9999.0 -9999.0 -9999.0 -9999.0 -9999.0 -9999.0 -9999.0 -9999.0 -9999.0 -9999.0 -9999.0 -9999.0 -9999.0 -9999.0 -9999.0 -9999.0
0.025 0.187 0.123 0.49 0.018 0.028 -0.148 -0.28 -0.196 0.082 -0.005 0.02 -0.641 -0.274 0.009 0.046 0.59 1.006 0.048 0.779 0.102 0.136 -0.002 0.025 0.065 0.618 0.785 0.163 0.556 0.155 0.015 0.014 0.029 0.016 -0.086 0.101 -0.131 0.01 -0.011 -0.092 0.043 0.037 -0.15 -0.185 -0.004 0.023 0.026 0.036 -9999.0 -9999.0 -9999.0 -9999.0 -9999.0 -9999.0 -9999.0 -9999.0 -9999.0 -9999.0 -9999.0 -9999.0 -9999.0 -9999.0 -9999.0 -9999.0 -9999.0 -9999.0 -9999.0 -9999.0 -9999.0 -9999.0 -9999.0 -9999.0
0.375 0.829 0.611 0.025 0.047 0.009 -0.267 -0.232 -0.2 0.127 -0.175 -0.197 -0.31 0.091 -0.274 0.028 1.13 0.002 -0.003 -0.418 -0.111 1.008 -0.004 -0.785 0.191 0.131 0.142 0.083 0.357 0.075 0.013 -0.002 0.005 0.016 0.026 0.045 0.028 -0.005 0.024 -0.123 0.017 -0.033 -0.352 -0.075 0.021 0.025 0.027 0.028 -9999.0 -9999.0 -9999.0 -9999.0 -9999.0 -9999.0 -9999.0 -9999.0 -9999.0 -9999.0 -9999.0 -9999.0 -9999.0 -9999.0 -9999.0 -9999.0 -9999.0 -9999.0 -9999.0 -9999.0 -9999.0 -9999.0 -9999.0 -9999.0
-0.078 0.168 0.16 0.067 -0.021 0.02 -0.168 -0.056 -0.258 -0.01 -0.198 -0.305 0.77 0.063 -0.156 0.184 0.032 0.053 -0.005 -0.003 -0.002 0.073 -0.006 -0.411 0.026 -0.271 0.022 0.285 0.056 0.138 0.014 -0.002 0.023 0.024 -0.002 0.035 0.039 -0.006 -0.005 0.093 0.002 -0.076 -0.152 0.141 -0.211 0.176 0.158 0.03 -0.014 -0.015 0.009 0.017 0.016 0.015 -9999.0 -9999.0 -9999.0 -9999.0 -9999.0 -9999.0 -9999.0 -9999.0 -9999.0 -9999.0 -9999.0 -9999.0 -9999.0 -9999.0 -9999.0 -9999.0 -9999.0 -9999.0
1.348 0.207 0.193 0.016 -0.013 0.012 -0.204 -0.065 -0.14 -0.099 -0.211 -0.771 -0.174 0.023 0.009 -0.084 0.082 -0.003 0.046 -0.003 0.14 0.144 0.012 0.037 0.016 0.073 0.048 0.156 0.164 0.18 0.025 0.07 -0.003 -0.026 -0.002 0.04 0.039 -0.021 -0.084 0.016 0.003 0.06 -0.105 -0.077 0.046 0.316 -0.146 -0.15 -0.085 -0.009 -0.016 0.013 0.021 0.014 0.012 -9999.0 -9999.0 -9999.0 -9999.0 -9999.0 -9999.0 -9999.0 -9999.0 -9999.0 -9999.0 -9999.0 -9999.0 -9999.0 -9999.0 -9999.0 -9999.0 -9999.0
1.156 0.262 0.171 -0.446 0.037 0.095 -0.106 -0.092 -0.118 -0.104 -0.054 -0.615 -0.074 0.027 0.207 0.035 -0.003 0.114 -0.003 -0.136 0.69 0.135 0.257 0.457 0.288 0.053 0.235 -0.005 0.466 -0.008 0.198 -0.002 -0.01 -0.003 0.025 -0.004 0.051 0.048 -0.0 0.024 0.025 0.03 0.117 0.074 -0.038 -0.149 -0.058 -0.023 -0.063 -0.013 -0.016 -0.003 0.003 0.012 0.02 -9999.0 -9999.0 -9999.0 -9999.0 -9999.0 -9999.0 -9999.0 -9999.0 -9999.0 -9999.0 -9999.0 -9999.0 -9999.0 -9999.0 -9999.0 -9999.0 -9999.0
0.098 0.707 0.7 0.02 0.062 -0.222 0.091 -0.155 -0.171 -0.045 -0.059 -0.061 -0.029 0.026 0.017 -0.002 0.054 0.077 -0.003 0.493 -0.066 0.164 0.292 0.243 0.239 0.155 0.166 -0.002 -0.005 0.407 -0.177 0.094 0.076 0.016 0.113 0.233 0.114 0.079 0.002 0.014 0.011 0.05 0.036 -0.129 0.027 -0.153 0.027 0.045 -0.02 0.109 -0.04 -0.002 -0.006 -0.779 -0.011 0.016 -9999.0 -9999.0 -9999.0 -9999.0 -9999.0 -9999.0 -9999.0 -9999.0 -9999.0 -9999.0 -9999.0 -9999.0 -9999.0 -9999.0 -9999.0 -9999.0
0.44 0.05 -0.183 0.354 0.048 0.091 0.069 0.135 0.348 -0.172 -0.17 0.138 0.011 0.024 -0.001 0.032 0.011 0.004 -0.002 0.034 0.033 0.032 0.272 -0.567 0.386 0.132 0.03 0.053 0.084 0.357 -0.068 -0.002 0.036 -0.175 -0.103 0.114 -0.0 0.046 0.403 0.049 0.035 0.068 -0.005 -0.118 -0.005 0.582 0.052 -0.16 0.054 -0.002 0.016 -0.033 -0.053 -0.478 -0.025 -9999.0 -9999.0 -9999.0 -9999.0 -9999.0 -9999.0 -9999.0 -9999.0 -9999.0 -9999.0 -9999.0 -9999.0 -9999.0 -9999.0 -9999.0 -9999.0 -9999.0
0.13 0.141 0.2 0.01 0.139 0.072 0.024 0.063 0.106 0.267 0.294 0.877 -0.124 0.012 0.03 0.004 0.008 0.065 0.007 -0.076 0.027 0.019 0.469 0.036 0.817 0.12 -0.063 -0.003 0.03 0.127 0.483 -0.017 0.037 -0.028 0.039 0.286 0.044 0.037 0.037 -0.919 -0.003 0.007 0.833 0.851 0.052 -0.482 -0.005 -0.269 0.077 0.6 0.158 -0.046 -0.002 0.024 -0.018 -9999.0 -9999.0 -9999.0 -9999.0 -9999.0 -9999.0 -9999.0 -9999.0 -9999.0 -9999.0 -9999.0 -9999.0 -9999.0 -9999.0 -9999.0 -9999.0 -9999.0
0.055 0.232 0.119 0.124 0.06 0.071 0.112 0.084 0.231 0.319 0.412 0.92 -0.083 0.023 0.026 0.002 0.006 0.104 0.006 -0.042 0.032 -0.006 0.033 0.806 0.421 0.18 0.038 0.035 0.238 0.233 0.232 0.138 -0.006 0.022 0.06 -0.135 0.177 0.019 0.114 0.064 0.662 0.813 -0.287 1.548 0.052 0.034 0.024 0.39 0.014 0.197 -0.005 -0.005 -0.198 0.072 0.096 -9999.0 -9999.0 -9999.0 -9999.0 -9999.0 -9999.0 -9999.0 -9999.0 -9999.0 -9999.0 -9999.0 -9999.0 -9999.0 -9999.0 -9999.0 -9999.0 -9999.0
0.033 0.121 0.147 0.227 0.095 0.136 0.125 -0.325 0.247 0.431 0.316 0.095 -0.109 -0.065 0.017 -0.001 0.0 0.009 0.005 0.031 0.038 0.033 0.022 0.762 0.008 0.022 0.115 0.394 0.592 0.231 -0.172 0.149 0.02 0.1 0.086 0.033 -0.039 0.04 0.051 0.537 0.095 0.838 0.829 -0.169 -0.004 -0.004 0.348 -0.311 -0.231 -0.243 -0.079 -0.005 0.012 0.01 0.007 0.023 -9999.0 -9999.0 -9999.0 -9999.0 -9999.0 -9999.0 -9999.0 -9999.0 -9999.0 -9999.0 -9999.0 -9999.0 -9999.0 -9999.0 -9999.0 -9999.0
0.145 0.464 0.374 0.344 0.142 0.164 0.376 0.243 0.21 0.129 0.203 1.084 -0.093 -0.035 -0.054 0.025 0.002 0.055 0.026 0.029 -0.015 0.815 0.961 -0.021 0.038 -0.031 1.559 1.355 0.024 0.106 -0.092 0.214 -0.076 -0.112 0.029 0.015 0.035 -0.541 0.07 0.313 0.404 -0.045 0.898 0.624 0.756 -0.79 0.783 -0.017 -0.063 -0.126 0.099 0.089 -0.01 0.0 -0.066 -0.081 -0.112 -9999.0 -9999.0 -0.048 -0.011 -9999.0 -9999.0 -9999.0 -9999.0 -9999.0 -9999.0 -9999.0 -9999.0 -9999.0 -9999.0 -9999.0
0.333 0.278 0.555 0.437 0.45 0.174 -0.189 0.282 0.31 0.993 0.658 0.943 0.031 0.032 0.006 -0.026 -0.049 -0.059 0.025 -0.09 0.216 1.064 0.04 -0.008 0.031 0.039 0.032 0.15 0.11 0.206 0.054 0.296 -0.003 0.066 -0.115 -0.169 0.053 0.03 0.029 0.073 0.117 0.906 0.319 0.815 0.008 -0.191 -0.181 0.002 -0.059 -0.093 -0.017 -0.132 -0.091 0.178 -0.103 -0.085 -0.001 -9999.0 -9999.0 0.032 0.01 -9999.0 -9999.0 -9999.0 -9999.0 -9999.0 -9999.0 -9999.0 -9999.0 -9999.0 -9999.0 -9999.0
0.018 -0.025 -0.069 -0.15 0.008 -0.115 -0.201 -0.239 0.03 0.911 -0.072 0.94 0.021 -0.091 -0.014 0.004 0.007 0.016 -0.056 0.002 -0.056 0.016 -0.044 0.016 -0.046 0.029 0.056 0.055 0.13 0.241 0.42 0.241 -0.13 -0.277 -0.005 0.047 -0.859 0.091 0.048 0.101 0.876 0.893 0.843 0.842 0.735 0.155 0.095 0.081 0.093 0.088 0.154 0.05 0.248 0.289 -0.044 -0.011 0.041 0.011 0.123 0.038 -0.086 -9999.0 -9999.0 -9999.0 -9999.0 -9999.0 -9999.0 -9999.0 -9999.0 -9999.0 -9999.0 -9999.0
0.017 -0.069 -0.041 0.008 -0.035 -0.04 -0.093 -0.164 -0.149 -0.11 -0.111 -0.15 -0.132 -0.14 -0.03 -0.048 1.306 1.916 1.66 0.744 -0.004 0.014 0.024 0.015 0.017 0.042 0.018 0.015 0.245 0.27 0.152 -0.005 -0.004 -0.005 -0.009 0.068 0.036 0.022 0.03 0.133 0.352 0.877 0.842 0.148 0.12 0.873 0.824 0.903 0.027 -0.001 0.083 0.085 0.052 -0.019 -0.059 -0.002 0.033 0.356 -0.112 0.825 -0.078 -9999.0 -9999.0 -9999.0 -9999.0 -9999.0 -9999.0 -9999.0 -9999.0 -9999.0 -9999.0 -9999.0
-0.072 0.019 -0.075 -0.023 0.027 0.021 -0.055 -0.047 0.036 0.026 0.052 0.017 -0.014 -0.014 -0.016 0.003 -0.036 0.004 0.016 1.016 0.601 1.105 0.78 0.005 -0.004 0.024 0.022 0.016 0.022 0.321 0.107 0.107 0.468 0.043 0.211 0.118 0.217 0.007 0.024 0.384 0.106 0.383 0.879 0.868 0.878 0.888 0.853 0.874 0.026 -0.012 0.095 0.087 -0.108 -0.02 -0.033 -0.119 0.194 0.243 0.789 0.859 -0.067 0.012 -0.037 -0.06 -9999.0 -9999.0 -9999.0 -9999.0 -9999.0 -9999.0 -9999.0 -9999.0
0.009 -0.485 0.053 0.04 -0.08 0.02 -0.034 -0.029 -0.042 -0.05 0.029 0.032 0.008 0.019 0.01 0.007 -0.03 0.007 0.036 0.018 0.02 0.037 0.01 1.708 1.452 0.706 0.022 0.245 0.024 0.019 0.62 0.272 -0.064 0.313 0.274 0.06 -0.09 0.184 0.094 0.235 0.079 0.081 0.847 0.869 0.716 0.864 0.946 -0.01 0.026 0.032 -0.135 0.034 0.072 0.323 -0.209 -0.244 0.241 0.003 0.047 0.309 -0.073 0.012 -0.059 0.011 -9999.0 -9999.0 -9999.0 -9999.0 -9999.0 -9999.0 -9999.0 -9999.0
-0.342 -0.102 0.024 -0.053 0.092 0.357 -0.069 -0.05 -0.054 -0.015 -0.165 -0.006 0.002 0.007 0.019 -0.031 -0.03 -0.037 0.68 0.032 0.017 0.032 0.029 -0.003 0.771 1.79 1.132 1.845 0.75 -0.005 1.225 1.404 0.872 0.018 0.091 -0.005 0.121 0.098 0.14 0.907 0.581 0.204 0.91 -0.006 0.872 0.829 0.91 0.873 0.088 0.069 0.001 0.031 0.188 -0.05 -0.045 -0.134 0.835 0.059 0.039 0.003 -0.147 0.012 -0.003 0.01 -9999.0 -9999.0 -9999.0 -9999.0 -9999.0 -9999.0 -9999.0 -9999.0
-0.208 0.029 -0.07 -0.564 -0.024 1.058 -0.029 0.631 0.113 0.068 -0.001 0.08 0.008 -0.003 0.016 -0.015 -0.015 -0.135 1.532 -0.158 1.767 0.477 0.54 0.585 0.905 0.036 0.03 0.637 1.756 2.314 0.948 0.439 0.42 0.324 -0.784 -0.032 -0.109 0.106 1.163 0.472 0.227 -0.113 0.945 0.931 0.864 0.857 0.056 0.091 0.049 0.093 0.028 0.017 -0.033 -0.015 -0.131 0.021 0.038 -0.044 1.274 -0.256 0.018 0.022 0.807 -9999.0 -9999.0 -9999.0 -9999.0 -9999.0 -9999.0 -9999.0 -9999.0 -9999.0
-1.113 -0.621 -0.597 -0.601 -0.338 0.688 0.117 0.983 0.825 0.805 -0.002 0.187 0.041 -0.001 0.037 0.016 0.017 2.083 0.027 1.9 0.02 1.71 1.927 0.032 0.723 -0.005 0.031 0.032 0.036 0.021 2.213 0.211 0.451 0.647 -0.789 -0.784 0.231 0.227 0.244 0.416 0.482 0.207 0.011 -0.061 -0.07 -0.026 -0.025 -0.032 0.026 0.03 -0.254 -0.02 0.585 -0.536 0.027 0.026 0.047 0.239 1.045 0.846 0.99 0.464 0.805 -9999.0 -9999.0 -9999.0 -9999.0 -9999.0 -9999.0 -9999.0 -9999.0 -9999.0
-0.681 -0.727 -0.711 -0.546 0.227 0.207 0.216 0.903 0.853 0.258 1.541 0.36 -0.002 -0.002 0.031 0.041 0.032 0.018 0.022 0.019 0.02 0.028 0.027 2.371 0.74 0.822 1.035 0.833 0.047 0.039 1.272 0.813 0.283 0.78 0.335 -0.084 0.14 0.224 0.309 0.217 0.225 0.275 -0.107 0.01 0.022 -0.022 0.158 0.018 0.031 0.016 0.017 0.017 0.523 -0.02 0.051 0.028 0.025 0.496 0.218 0.051 0.068 0.809 0.806 1.093 -9999.0 -9999.0 -9999.0 -9999.0 -9999.0 -9999.0 -9999.0 -9999.0
-0.671 -0.71 -0.676 -0.614 -0.739 0.15 0.49 0.452 -0.194 0.968 0.577 -0.001 -0.001 -0.001 -0.002 0.002 0.013 0.015 -0.031 -0.013 0.02 0.03 0.025 0.027 3.205 3.147 1.201 0.025 1.514 0.045 2.864 0.046 0.279 0.025 0.817 0.089 0.1 0.19 0.317 0.213 0.222 0.295 -0.052 0.068 -0.096 0.019 -0.007 0.108 -0.187 -0.192 0.031 -0.035 0.233 0.141 0.162 0.352 0.018 0.126 0.062 0.016 -0.035 0.105 0.012 0.779 0.515 0.013 -0.044 -9999.0 -9999.0 -9999.0 -9999.0 -9999.0
-1.055 -0.991 -0.627 -1.482 -0.722 -0.491 0.044 0.009 0.599 -0.058 0.269 0.252 0.143 0.05 0.126 -0.001 0.017 -0.034 -0.044 -0.016 -0.049 -0.04 0.023 0.021 0.049 1.191 4.131 1.021 0.961 1.38 2.745 0.186 0.211 0.081 0.232 0.057 0.052 -0.052 -0.075 0.35 0.055 -0.157 -0.071 0.035 0.005 0.346 -0.057 0.006 -0.612 -0.875 -0.835 -0.469 0.217 0.223 0.145 0.228 0.2 0.132 0.046 -0.383 0.022 0.111 0.022 0.028 -0.005 -0.019 -0.066 -0.025 -9999.0 -9999.0 -9999.0 -9999.0
-0.577 -0.649 -0.685 -0.168 -0.504 -0.075 -0.314 0.979 0.452 -0.065 0.263 0.051 0.037 0.044 0.024 0.088 0.044 -0.068 -0.044 0.042 0.173 -0.015 -0.026 -0.056 0.04 0.034 -0.074 0.078 1.073 0.337 -0.011 0.687 0.082 0.082 0.157 0.21 0.095 0.054 0.054 -0.037 0.455 -0.121 -0.047 -0.024 -0.091 0.419 -0.099 -0.125 -0.61 -0.005 0.105 -0.005 0.1 0.131 0.049 0.359 0.012 0.056 0.058 0.134 -0.053 0.018 0.011 0.017 -0.073 0.033 -0.058 -0.075 -9999.0 -9999.0 -9999.0 -9999.0
-0.005 -1.055 -0.557 -0.519 -0.66 -0.763 1.188 0.44 -0.187 -0.161 0.111 0.274 0.012 -0.087 0.016 0.008 0.009 0.003 0.102 -0.071 0.085 0.115 -0.064 0.055 -0.016 -0.063 -0.211 1.063 -0.012 0.394 0.578 0.533 0.215 0.263 0.308 0.34 0.025 0.115 0.045 0.123 -0.009 -0.011 0.008 -0.003 0.38 0.141 0.09 -0.191 0.07 0.149 -0.265 -0.793 -0.004 0.038 0.146 0.008 0.012 0.167 0.14 0.28 0.026 0.033 -0.008 -0.056 0.031 -0.037 -0.071 -0.095 -9999.0 -9999.0 -9999.0 -9999.0
-0.469 -0.61 -0.692 -0.601 -0.659 -0.623 0.131 -0.053 0.029 0.033 -0.052 -0.093 0.025 0.043 0.034 0.122 -0.266 0.028 -0.077 0.016 0.014 0.029 0.076 0.046 0.04 0.024 0.033 2.884 2.693 0.505 -0.003 -0.026 0.331 0.299 0.323 0.445 0.158 0.794 0.053 0.205 -0.054 -0.212 0.393 0.256 0.335 -0.296 0.171 0.202 0.153 0.007 0.04 0.037 0.03 -0.84 0.048 -0.005 0.138 -0.03 -0.114 0.052 0.025 0.068 -0.055 -0.063 -0.071 -0.196 0.006 -0.154 -9999.0 -9999.0 -0.041 -9999.0
-0.689 -0.565 -0.639 -0.235 -0.468 -0.417 0.793 0.718 1.225 1.223 0.183 0.04 0.038 0.027 -0.309 0.051 0.294 0.108 0.082 0.014 -0.356 -0.41 -0.51 0.056 0.05 0.229 0.028 0.093 0.656 0.077 0.56 0.355 0.125 0.129 0.488 1.211 0.129 0.151 0.401 0.1 0.029 0.456 0.103 0.223 0.322 0.302 0.179 0.39 0.136 0.003 -0.004 -0.77 0.035 0.085 0.1 -0.005 -0.034 0.113 0.012 0.031 -0.086 -0.036 -0.036 -0.045 -0.109 -0.003 -0.003 0.009 0.013 0.015 0.014 -0.036
-0.18 -0.552 -0.163 -0.019 -0.663 -0.639 0.038 0.091 0.148 0.142 0.213 -0.03 0.643 0.128 0.309 0.239 0.365 0.173 0.207 -0.116 -0.711 -0.074 -0.08 0.671 -0.016 0.212 0.031 -0.008 -0.078 -0.06 0.065 0.66 0.481 0.208 0.744 1.905 0.697 0.259 0.205 0.291 0.796 -0.004 -0.003 -0.004 0.098 0.675 0.408 0.48 -0.324 0.048 0.004 -0.004 0.034 -0.007 0.107 -0.005 0.422 -0.0 -0.002 0.007 0.009 0.009 0.008 -0.034 -0.022 -0.005 0.004 -0.003 0.02 0.01 0.014 -0.05
-0.688 -0.055 -0.37 -0.018 -0.06 0.338 -0.086 0.043 -0.198 0.16 0.127 0.058 0.042 0.091 0.059 0.066 -0.085 1.22 0.052 0.018 0.01 0.006 0.382 1.125 -0.011 -0.032 -0.008 0.053 0.108 -0.231 0.248 0.494 0.785 0.286 0.774 0.02 2.381 0.292 0.34 0.183 -0.74 -0.558 -0.014 0.263 0.109 0.099 -0.008 0.438 0.033 0.019 0.035 0.116 0.02 0.038 -0.071 -0.011 0.536 -0.516 0.56 0.014 -0.076 -0.003 0.013 0.012 0.013 0.012 0.02 -0.002 -0.002 -0.026 0.013 0.016
