static/jobfarm/user_models/minyf/common/HOME-GBHM/输出文件/Output/Grids/runoff20020226.asc
ncols 221
nrows 204
xllcorner -627000.0
yllcorner 3955000.0
cellsize 900.0
NODATA_value -9999.0
[rows 30 to 59 of 204, columns 66 to 131 of 221]
0.037 0.045 0.004 -628.151 -1163.918 -5142.304 -7738.927 0.005 0.005 0.005 0.004 -6801.278 -128570.386 -1572.397 -2960.938 0.007 0.023 0.021 0.081 0.03 0.022 0.025 0.003 -42.015 0.017 0.019 0.022 0.017 -15.407 0.022 0.013 -1046.117 0.025 0.009 0.011 0.012 0.014 0.014 0.008 -192.331 0.005 0.009 0.007 0.02 -113.585 0.01 0.017 0.009 0.012 -9999.0 -9999.0 -9999.0 -9999.0 -9999.0 -9999.0 -9999.0 -9999.0 -9999.0 -9999.0 -9999.0 -9999.0 -9999.0 -9999.0 -9999.0 -9999.0 -9999.0
-34.856 0.039 0.01 0.009 -2897.826 0.008 -383.957 0.013 0.043 0.017 0.005 0.003 0.01 -111.146 0.012 -4072.66 0.009 0.01 0.03 0.02 0.009 -2844.126 -1956.937 0.02 -133.036 -141.359 0.017 -242.473 0.02 0.025 0.018 -2845.689 0.014 0.018 0.011 -137.141 -1278.434 -40.025 0.013 0.01 -18.554 0.009 0.015 0.011 -2967.93 0.015 0.011 0.02 -1102.289 0.006 0.005 0.009 -9999.0 -9999.0 -9999.0 -9999.0 -9999.0 -9999.0 -9999.0 -9999.0 -9999.0 -9999.0 -9999.0 -9999.0 -9999.0 -9999.0
0.04 0.026 0.013 0.012 -8.408 0.01 0.008 0.014 -19428.904 0.012 0.009 0.015 0.015 0.018 -902.148 0.002 0.013 0.009 0.009 -0.036 0.033 0.02 -3479.155 -2364.654 0.015 0.016 -322.493 0.016 0.026 0.027 0.014 -407.245 0.014 0.023 0.009 0.018 0.035 0.0 -108.817 -132.429 -39.286 0.036 -124.431 0.01 -454.727 0.013 0.013 -143.433 0.003 0.007 0.009 0.01 0.009 -9999.0 -9999.0 -9999.0 -9999.0 -9999.0 -9999.0 -9999.0 -9999.0 -9999.0 -9999.0 -9999.0 -9999.0 -9999.0
0.005 0.014 0.012 0.009 0.011 0.011 0.009 0.009 0.008 -23422.462 0.013 0.013 0.01 0.007 -723.635 0.012 -37.815 0.01 0.008 0.008 0.017 0.008 -9448.836 -30.411 0.018 -552.87 0.027 0.024 0.024 -0.009 -1852.825 0.019 0.018 0.009 0.011 0.01 0.022 0.007 0.024 0.009 0.01 -609.424 -7948.821 0.003 -9.069 0.007 0.003 -74.9 0.008 0.009 0.007 0.011 0.012 0.01 -9999.0 -9999.0 -9999.0 -9999.0 -9999.0 -9999.0 -9999.0 -9999.0 -9999.0 -9999.0 -9999.0 -9999.0
0.041 0.025 0.118 0.042 0.014 0.012 0.009 0.007 0.009 0.012 0.01 0.014 0.01 -16.211 0.004 0.009 0.051 0.01 -0.001 0.005 0.018 -62839.492 -17289.631 0.027 -973.965 0.01 0.023 0.018 -857.063 -187.071 0.014 0.015 0.015 0.01 0.034 0.021 0.007 0.006 0.007 0.021 0.012 0.007 0.009 0.01 0.006 0.013 -0.0 -42.186 0.008 0.014 -367.812 0.008 0.009 -9999.0 -9999.0 -9999.0 -9999.0 -9999.0 -9999.0 -9999.0 -9999.0 -9999.0 -9999.0 -9999.0 -9999.0 -9999.0
0.03 0.023 0.02 0.016 0.042 0.073 0.013 0.014 0.02 0.01 0.013 0.013 0.008 0.01 -1229.382 0.01 0.011 0.005 0.008 0.006 -1404.151 0.021 -11187.635 -2483.675 0.025 0.017 0.013 0.019 -5051.612 0.017 0.014 0.011 0.022 0.01 0.016 -198.168 0.008 0.025 0.009 0.007 0.014 0.062 -2010.277 -588.001 0.01 0.012 0.014 -833.696 -430.077 -9638.339 0.008 0.008 0.009 -9999.0 -9999.0 -9999.0 -9999.0 -9999.0 -9999.0 -9999.0 -9999.0 -9999.0 -9999.0 -9999.0 -9999.0 -9999.0
-224641.369 -2472.74 -829256.049 -221.154 0.038 0.063 0.06 0.033 0.027 -9854.342 0.002 0.015 0.006 0.009 -0.019 -421.555 0.002 -0.019 0.0 0.003 0.01 0.019 0.029 -1338.672 -4301.517 -158.903 -18.625 -42.607 -5980.055 0.02 0.014 0.026 0.031 -29.155 -8173.028 0.024 0.012 0.013 0.027 0.012 0.02 0.013 0.007 -1255.473 -467.603 0.006 -285.096 0.012 0.011 0.007 0.015 0.007 0.008 0.008 -9999.0 -9999.0 -9999.0 -9999.0 -9999.0 -9999.0 -9999.0 -9999.0 -9999.0 -9999.0 -9999.0 -9999.0
0.024 0.037 -21.562 -1056.014 -6855.109 -12869.411 -15672.874 -10327.537 -2671.58 0.011 -89.173 0.003 0.01 0.005 0.007 0.017 0.008 0.003 -0.005 -24635.329 0.026 0.015 -536.745 0.009 -19347.049 -1969.676 -4564.852 -43.126 -37966.43 -1227.451 -31.763 -30.318 0.005 0.003 -20971.434 0.037 0.011 -504.893 0.003 0.012 0.03 0.036 0.03 0.005 -32094.056 0.007 -26.917 0.007 0.01 0.015 0.006 0.007 0.007 0.007 -9999.0 -9999.0 -9999.0 -9999.0 -9999.0 -9999.0 -9999.0 -9999.0 -9999.0 -9999.0 -9999.0 -9999.0
0.027 0.027 0.031 -762.353 0.019 -51245.818 0.018 0.06 -2.558 0.01 0.007 0.009 0.011 0.009 0.005 0.047 0.008 -0.001 -0.021 0.007 0.008 -485.63 0.009 0.014 -3544.142 -74942.611 -3522883.236 -864.421 -34400.813 -1005.782 -47.285 -46.812 -47.099 -37557.889 0.038 0.037 0.012 -477.186 0.01 0.017 -86.189 0.024 0.026 0.004 0.015 -2931.78 0.014 0.008 0.012 0.011 0.011 0.008 0.008 0.007 0.002 0.018 0.02 0.023 0.012 0.014 -9999.0 -9999.0 -9999.0 -9999.0 -9999.0 -9999.0
0.014 0.06 0.076 0.041 -282.117 0.04 -4532.558 0.025 0.028 0.027 0.006 0.005 0.011 0.009 0.003 0.004 -0.005 0.001 0.004 0.024 0.013 0.012 0.028 -6924.131 0.013 -15824.543 -14.655 -66105.574 -477.487 -15716.461 -635.516 -34384.837 -35946.788 -8420.115 -6.522 0.031 0.021 0.024 -8298.908 0.016 -405.604 0.024 0.018 -0.831 0.007 -11634.909 0.009 0.008 0.012 0.013 -141.744 0.009 0.009 0.006 0.0 0.001 0.031 0.02 0.017 0.02 0.013 -9999.0 -9999.0 -9999.0 -9999.0 -9999.0
0.013 0.095 0.01 0.015 0.023 0.011 -1288290.942 0.017 0.048 0.008 0.005 -10030.705 0.003 0.012 0.001 0.003 -0.065 -0.0 0.004 0.02 0.015 0.013 -3133.766 0.013 -12397.309 0.008 -1130.945 -256.227 -13826.881 -18992.736 -295958.871 0.031 -203.802 -158088.609 0.005 -337.514 0.011 0.032 -2749.911 -4942.854 0.02 0.021 0.018 0.018 0.006 -56284.603 0.017 0.019 -14337.314 -469.845 0.01 0.011 0.009 0.007 -0.001 -0.0 0.016 0.003 0.002 0.007 0.019 -9999.0 -9999.0 -9999.0 -9999.0 -9999.0
0.021 0.015 0.014 0.049 0.014 -456.045 0.018 -1284.551 -14103.01 -933.377 -13.497 0.008 0.003 0.012 0.009 0.007 -0.25 0.001 -0.001 0.019 0.011 -2746.364 0.007 0.013 -13902.132 -13.414 -0.008 -260.56 -19997.882 -266.827 -704.233 0.032 0.034 -567909.125 -302676.067 -10.213 -804.673 -184.211 0.011 0.012 0.006 0.025 0.024 0.017 0.004 -4315.62 0.013 -60.008 -147.012 0.006 0.011 0.009 0.006 0.027 0.0 0.014 0.017 0.001 -0.0 -522.002 0.011 0.014 -9999.0 -9999.0 -9999.0 -9999.0
0.011 0.009 0.01 0.028 0.012 -123.571 -1211.849 0.023 0.005 -87.315 0.009 0.0 -1.693 0.01 -65.048 0.026 0.011 0.025 0.01 0.016 -3425.085 -47.297 0.008 0.013 -868.106 0.125 0.051 0.011 -15850.657 0.022 -20320.509 0.028 0.021 0.017 0.019 -785778.925 0.017 0.021 -0.028 0.014 0.03 0.046 0.033 0.015 0.016 -308900.761 -1093.756 -14456.764 0.01 0.009 0.01 0.018 -379.258 0.013 0.008 -515.751 0.01 0.01 0.008 -304.198 0.009 -9999.0 -9999.0 -9999.0 -9999.0 -9999.0
0.011 0.01 0.02 0.05 0.069 0.034 -17.6 0.01 -16.27 0.013 -28858.312 -6.623 0.001 -1.88 -61.086 -1126.795 0.02 -45.923 0.01 0.008 0.023 0.012 0.005 0.015 -207.481 0.088 -0.015 0.007 -4.844 0.014 -9064.253 0.025 0.016 0.02 0.016 -40558.194 -0.0 -0.02 -0.023 0.012 0.029 0.035 0.089 0.003 -980.27 0.01 0.021 0.012 -1055.539 -8669.0 -713.921 0.011 0.016 0.02 0.008 0.013 0.016 0.009 -481.284 0.017 0.012 -9999.0 -9999.0 -9999.0 -9999.0 -9999.0
0.012 0.007 0.015 0.01 0.008 0.044 0.01 -21.409 0.021 0.016 0.001 -266.862 -45306.539 -3488.943 -54524.561 -1760.388 -49.216 -46.86 0.01 0.014 0.019 0.001 0.004 -306.114 0.011 -0.007 0.127 -0.009 0.009 -265.811 0.027 0.036 0.014 0.016 0.012 -78163.855 -155780.938 0.02 0.038 0.053 0.046 0.036 -43464.898 -2067.808 -638.641 0.023 0.02 0.025 0.009 -645.975 -855.582 -847.749 -2831.226 0.007 -2999.369 -473.156 -100.109 0.01 0.014 0.011 0.009 -9999.0 -9999.0 -9999.0 -9999.0 -9999.0
0.012 0.011 -103.349 -2836.18 -235.031 0.005 0.005 0.008 0.012 -5654.176 0.014 0.076 -3535.649 0.005 -1791.077 -382845.088 -47.404 0.025 0.008 -0.064 0.01 -0.002 -0.002 0.007 0.01 -0.015 0.112 0.009 0.01 -7623.949 0.013 0.02 0.018 0.027 -96660.847 0.015 0.026 -68055.334 0.077 0.064 0.057 0.082 -458.71 -901.115 0.003 0.022 0.019 0.017 -1356.063 0.009 0.017 0.019 0.007 -73.64 0.012 0.011 0.008 0.012 0.015 0.012 0.008 0.008 -9999.0 -9999.0 -9999.0 -9999.0
-233.91 -108.968 0.009 0.008 -740.438 0.013 0.016 0.008 0.013 -1776.333 0.015 0.013 -434.282 0.022 -2774.9 -1184.061 -4139.843 -53.685 0.015 0.011 -0.003 0.016 0.001 0.024 0.026 0.016 0.008 0.029 -14253.51 0.014 0.066 0.004 -1277.258 -1839.468 0.011 0.025 0.032 -61903.389 0.026 0.091 0.039 0.018 -19335.417 0.001 0.003 0.022 0.02 0.024 -464.064 0.013 0.011 0.022 0.021 0.013 0.01 0.009 0.013 0.012 0.013 0.016 0.008 0.01 0.011 -9999.0 -9999.0 -0.04
0.02 0.009 0.008 0.013 -574.536 0.007 0.021 0.019 0.014 -59.316 0.017 0.015 0.013 0.022 0.012 -1914.008 0.014 -720.844 0.009 0.009 0.008 -0.041 -0.022 -0.04 0.081 0.016 0.038 -130.625 0.02 -0.009 0.024 0.031 0.017 0.011 0.01 -1003.957 0.047 0.034 -66389.962 0.022 0.032 0.057 -9859.803 -0.121 -0.0 0.016 0.017 -1153.887 0.015 0.005 0.014 0.017 0.008 0.009 0.015 0.015 0.013 0.008 0.008 0.017 0.007 0.008 0.013 -9999.0 -9999.0 0.021
0.009 0.006 0.008 0.006 0.002 0.006 0.011 -0.027 0.011 0.011 0.01 0.011 0.007 0.006 0.01 -639.978 0.01 -243.129 0.019 0.01 -0.011 0.019 0.057 0.043 -0.052 -0.01 0.036 -0.038 -0.019 0.015 -0.066 0.008 0.016 0.016 0.015 0.008 -87512.576 -1132.963 -1574.686 -1747.356 0.011 -1013.45 0.016 0.023 0.021 0.012 0.025 -107946.362 0.011 0.011 0.017 0.015 0.014 0.013 -1734.478 -1729.773 -7766.39 -1270.062 -396.356 -515.159 0.012 0.018 0.014 0.02 0.037 0.031
0.03 0.008 0.008 0.003 0.001 0.001 0.01 0.011 -0.039 0.01 -0.032 -0.037 0.009 0.009 0.01 0.007 0.009 0.007 0.009 0.012 0.042 0.04 -16914.475 -11058.913 -2289.358 0.024 0.009 0.017 0.019 0.021 0.013 0.017 0.025 0.022 -0.041 0.007 -4964.33 -59809.686 -204403.86 -244989.769 -0.013 -1804.999 0.018 0.025 0.05 0.016 0.014 -1466.959 0.003 0.024 0.024 0.019 0.01 -3198.396 0.013 0.008 0.011 0.008 0.009 0.01 0.012 0.015 0.03 0.015 0.016 -925.015
0.028 0.027 0.011 0.012 0.008 0.013 0.011 0.01 0.011 -0.034 0.01 0.007 -0.049 -0.046 0.011 0.01 0.012 0.01 -0.015 0.002 -0.017 0.017 0.028 0.024 0.019 -1935.096 -2391.168 -10667.555 -3303.484 0.019 0.028 0.016 0.014 0.013 0.012 0.015 -133.74 -0.002 -1933.162 -97.368 -3194.019 -1466.165 -0.008 0.018 0.022 -0.353 -433.413 0.022 0.012 0.004 -101.201 -21067.913 -63.259 0.012 0.013 0.014 0.011 0.011 0.014 0.01 0.009 0.015 0.011 0.012 0.02 -814.512
0.059 0.03 0.032 0.017 0.012 0.011 0.01 -319.914 0.011 0.01 0.011 0.01 0.012 0.009 -0.056 -0.052 0.009 -0.007 0.004 0.014 0.012 0.036 0.051 0.039 0.025 0.017 0.02 0.024 0.047 -17498.07 -1186.656 0.029 0.012 0.013 0.014 0.014 -5.589 -273.746 -1930.165 -17.489 -201850.753 -41671.038 0.028 0.04 -0.026 -4398.292 -12889.02 -12953.838 -2616.722 -98174.036 0.005 -28782.163 -22057.686 0.002 0.013 0.013 0.017 0.012 0.007 0.009 0.007 0.008 -0.004 0.01 -120759.067 0.016
0.096 0.061 0.088 0.013 0.013 0.008 -4069.763 0.012 0.01 0.011 0.011 -8.66 0.012 0.012 0.012 0.012 -3.762 0.012 0.002 0.008 0.006 0.05 0.05 0.029 0.004 0.038 0.017 0.025 0.017 0.019 0.035 -5856.505 -5788.094 -188884.47 -1384.341 0.013 0.013 0.003 -162.717 0.024 -1190.626 -156.816 -0.164 -22.571 -12605.738 0.023 0.009 0.106 0.004 0.007 -3582.451 0.015 -15006.623 -635.628 -1142.515 -1128.48 0.016 0.01 0.008 -0.056 -0.022 0.009 -84.472 -146.828 -226807.238 0.011
0.059 0.065 0.071 -22503.332 0.021 0.03 -16510.253 0.006 0.011 -8.346 0.018 -3635.077 0.019 0.025 0.009 0.018 -2351.783 0.013 0.005 -0.003 0.006 0.033 0.028 0.017 -16107.587 0.032 -5096.521 0.027 0.011 0.01 0.02 0.019 0.033 0.009 -11200.139 -334397.296 0.029 0.018 0.019 0.011 -901420.425 0.006 0.078 -15527.16 0.015 -0.005 0.006 0.015 0.001 0.005 -76.493 0.02 0.007 -4137.868 0.029 0.013 0.01 0.007 0.018 -0.023 -0.105 -0.009 -0.008 -0.079 -42441.34 0.005
-91.622 0.049 -2470.794 0.033 -99.655 -175.021 -540.845 -279.344 -283.909 -6127.168 -330.945 -1211.533 0.02 -726.379 -8.061 0.028 -6808.989 0.009 -0.026 -1877.596 0.009 0.034 0.011 -1749.436 0.021 -5772.743 0.01 -1518.845 -35447.251 0.016 0.014 0.013 0.023 0.01 0.009 0.033 -112110.258 0.033 0.012 -61864.803 0.054 -153382.964 -32938.195 0.023 0.04 0.048 0.049 0.007 0.022 0.002 0.013 0.013 0.002 0.003 0.006 0.005 0.017 0.014 0.013 0.008 0.024 0.015 0.034 -0.0 -11.878 -225617.045
-4429.531 -29527.966 -2420.853 -165.322 -729.957 0.055 -27593.226 -315.687 -263.707 -5383.502 -155.069 -154.499 -220.835 -418681.301 -3011.379 0.017 -16496.992 0.022 -877.57 -723.644 -0.015 0.007 0.024 0.012 0.018 0.011 0.013 0.017 0.021 -38569.285 0.017 0.011 0.01 0.013 0.009 0.019 -194.94 -0.009 -1069.753 -54231.875 0.021 0.026 -19862.21 0.038 0.04 0.046 0.049 0.052 0.014 0.057 0.042 0.026 0.014 0.041 0.005 0.013 0.013 0.017 -2642.153 0.014 0.015 0.023 0.019 0.288 -0.019 -18374.326
-629340.491 -2418.814 -2415.015 -529.96 -2080.2 -4151.654 -48120.154 -317.99 -12.677 0.024 -137.754 0.009 -561.771 0.029 0.012 -753.659 0.016 -12882.713 -26740.718 -3269.229 -1724.554 0.001 0.007 0.009 -0.031 -0.042 0.012 0.013 0.021 0.021 -354583.0 -108262.451 0.02 0.031 -0.014 0.014 -2163.997 0.012 -226.102 0.036 0.008 0.029 -8352.67 -24016.603 -12419.603 -1105.163 0.042 0.052 0.019 0.043 0.044 0.038 0.04 0.042 -38.29 -38.796 -533.315 0.015 -5035.416 -11.43 -43.099 -78371.639 0.007 0.004 -14.987 -286266.905
0.03 -23.088 -2272.27 -2272.395 -2627817.975 -1709347.929 -374.141 -122.262 -14686.984 -263.83 -138.93 -428.65 0.022 0.022 0.029 0.012 0.012 0.014 0.008 0.011 0.013 -231.454 0.01 -0.007 -0.042 0.01 -0.053 -0.041 0.021 0.021 -0.166 -0.012 -13819.981 -4999.183 -0.024 -0.01 -2334.267 0.005 -0.013 -104.334 -105.281 -103.446 -0.029 -0.072 0.007 0.042 0.043 0.044 0.041 0.041 0.03 0.004 0.032 0.03 0.014 0.01 -561.352 -528.322 -969646.193 -20857.012 -56355.226 0.027 0.021 -169.971 -88038.795 0.013
-3645.869 -18.532 -2272.01 -109.033 -9149851.732 -2390.634 -1276976.341 -800.608 -322.193 0.007 -2590.363 0.019 0.013 -949.72 0.029 0.012 0.012 0.014 0.007 0.007 0.018 0.024 0.022 -0.007 -0.016 0.009 0.009 0.004 -0.028 -0.042 0.013 -0.009 -0.014 0.048 -72947.796 0.016 0.038 -12610.82 -104.27 0.017 -11449.981 -106.609 -0.006 0.04 -0.002 -0.027 0.038 0.032 0.019 0.039 0.048 -47178.498 0.013 0.013 0.005 0.007 -1743569.098 -127045.721 -977364.38 -4992.086 -39.579 -0.002 0.003 -576770.024 -320944.571 -15.134
-8874.845 -36.467 -961.35 -1082378.565 0.012 -118419.556 0.064 -42.373 -37793.185 -1707.358 0.028 0.022 -13421.038 0.029 0.012 0.009 0.075 0.012 0.016 -0.122 0.011 0.006 0.007 0.005 0.009 0.009 0.009 -1803.642 -0.006 0.01 -0.003 -0.01 0.001 -0.017 0.031 -7777.237 -313186.728 0.01 0.018 -14.795 -111404.972 -5260.318 -8665.743 -0.002 0.038 -0.0 0.037 0.016 0.017 0.016 -13406.261 -1113.304 -1361.445 0.077 -1097.423 -76235.436 -0.005 -6251.651 -70403.118 -5880.306 -48.001 -3181.52 -165406.024 -86.302 -5.726 -30562.893
