static/jobfarm/user_models/minyf/common/HOME-GBHM/输出文件/Output/Grids/runoff20020223.asc
ncols 221
nrows 204
xllcorner -627000.0
yllcorner 3955000.0
cellsize 900.0
NODATA_value -9999.0
[rows 96 to 127 of 204, columns 142 to 212 of 221]
-0.4 -0.305 -0.447 -0.549 0.014 -0.896 -0.438 -0.992 -0.164 -0.426 -0.423 0.844 -0.238 0.05 -0.154 -0.618 -0.519 -0.284 0.328 -1.276 -0.058 -0.311 -0.129 -0.615 -0.131 -0.771 0.133 0.167 0.451 1.079 -0.877 0.356 -0.097 -0.025 -0.679 -0.683 0.438 0.929 0.737 0.18 0.15 0.305 -0.986 -0.869 -9999.0 -9999.0 -9999.0 -9999.0 -9999.0 -9999.0 -9999.0 -9999.0 -9999.0 -9999.0 -9999.0 -9999.0 -9999.0 -9999.0 -9999.0 -9999.0 -9999.0 -9999.0 -9999.0 -9999.0 -9999.0 -9999.0 -9999.0 -9999.0 -9999.0 -9999.0 -9999.0
-0.852 -0.346 -0.077 -0.908 -0.657 -0.728 -0.66 -0.997 -0.957 -0.285 0.056 0.861 1.607 0.007 -0.028 -0.679 0.169 -0.305 0.45 -0.219 0.244 -0.328 -0.332 -0.658 -0.134 0.224 -0.778 -0.85 -0.616 0.475 -0.914 -1.025 0.429 -0.436 -0.466 -0.464 0.299 -1.083 -0.925 0.165 -0.108 0.713 0.384 -0.831 -9999.0 -9999.0 -9999.0 -9999.0 -9999.0 -9999.0 -9999.0 -9999.0 -9999.0 -9999.0 -9999.0 -9999.0 -9999.0 -9999.0 -9999.0 -9999.0 -9999.0 -9999.0 -9999.0 -9999.0 -9999.0 -9999.0 -9999.0 -9999.0 -9999.0 -9999.0 -9999.0
-0.359 0.369 0.554 -1.005 -0.519 -0.725 -0.711 -0.893 -0.402 -0.923 -0.327 -0.308 -0.815 -0.837 -0.102 0.087 0.12 -0.229 0.477 -0.512 -0.709 -0.705 -0.175 1.34 -0.5 -1.258 0.02 -0.883 -0.533 -0.6 -1.028 -1.073 -1.141 -1.072 -0.711 -0.063 -0.11 0.342 0.922 0.408 -0.984 0.917 -0.932 -0.908 -9999.0 -9999.0 -9999.0 -9999.0 -9999.0 -9999.0 -9999.0 -9999.0 -9999.0 -9999.0 -9999.0 -9999.0 -9999.0 -9999.0 -9999.0 -9999.0 -9999.0 -9999.0 -9999.0 -9999.0 -9999.0 -9999.0 -9999.0 -9999.0 -9999.0 -9999.0 -9999.0
-0.035 1.141 -0.768 -0.811 -0.77 -0.942 -0.53 -0.681 -0.934 0.22 -0.573 -0.948 -0.84 -0.799 -0.93 -0.112 -0.038 -0.38 0.478 -0.387 0.494 -0.132 0.167 0.214 0.175 -0.786 0.136 -0.022 -1.076 -1.062 -1.032 -1.082 -1.046 -1.001 -0.345 -0.853 -1.056 -1.044 -0.375 -1.041 -0.62 -0.826 0.398 -0.913 -9999.0 -9999.0 -9999.0 -9999.0 -9999.0 -9999.0 -9999.0 -9999.0 -9999.0 -9999.0 -9999.0 -9999.0 -9999.0 -9999.0 -9999.0 -9999.0 -9999.0 -9999.0 -9999.0 -9999.0 -9999.0 -9999.0 -9999.0 -9999.0 -9999.0 -9999.0 -9999.0
0.038 -0.281 -0.079 0.135 -0.603 -0.922 0.037 -0.335 -0.453 -0.043 -0.919 -0.424 -0.303 -0.562 0.017 -0.401 -0.728 -0.591 0.468 1.346 0.054 0.343 0.326 0.006 -0.01 0.359 0.306 -1.078 -1.073 -1.019 -1.047 -0.228 -0.078 -0.244 0.052 0.051 -1.068 -1.103 -0.953 0.426 -0.949 -0.785 0.44 -0.753 -1.044 -1.056 -9999.0 -9999.0 -9999.0 -9999.0 -9999.0 -9999.0 -9999.0 -9999.0 -9999.0 -9999.0 -9999.0 -9999.0 -9999.0 -9999.0 -9999.0 -9999.0 -9999.0 -9999.0 -9999.0 -9999.0 -9999.0 -9999.0 -9999.0 -9999.0 -9999.0
-0.369 -0.54 0.843 0.041 -1.002 -0.879 0.884 0.856 -0.168 -0.966 -0.83 0.111 -0.739 0.126 -0.733 -0.393 -0.045 -0.685 -0.545 1.126 0.53 0.795 0.139 0.099 0.561 -0.055 -0.799 -0.914 -0.576 -0.441 -0.269 0.507 0.05 0.05 0.053 -0.357 -1.013 -1.057 -0.938 -0.974 -0.965 -0.938 -0.848 -0.524 0.015 -0.702 -9999.0 -9999.0 -9999.0 -9999.0 -9999.0 -9999.0 -9999.0 -9999.0 -9999.0 -9999.0 -9999.0 -9999.0 -9999.0 -9999.0 -9999.0 -9999.0 -9999.0 -9999.0 -9999.0 -9999.0 -9999.0 -9999.0 -9999.0 -9999.0 -9999.0
-0.553 0.036 -0.027 -0.267 0.185 0.206 -0.097 -0.982 -0.614 -0.097 -0.656 0.146 -0.26 -0.533 -0.821 -0.841 -0.035 -0.641 0.046 1.154 -0.615 -0.369 -0.222 -0.339 -0.947 0.484 -0.759 -0.761 -0.363 -0.999 -0.803 0.052 0.027 -0.12 -0.281 -0.022 -0.389 -0.791 -0.468 -0.368 -0.639 -0.02 -0.211 0.409 -0.696 -0.665 -9999.0 -9999.0 -9999.0 -9999.0 -9999.0 -9999.0 -9999.0 -9999.0 -9999.0 -9999.0 -9999.0 -9999.0 -9999.0 -9999.0 -9999.0 -9999.0 -9999.0 -9999.0 -9999.0 -9999.0 -9999.0 -9999.0 -9999.0 -9999.0 -9999.0
0.007 -0.525 -0.172 -0.264 -0.266 -0.386 -0.299 0.854 -0.75 -1.046 -0.326 -0.214 -0.576 -0.562 -0.174 -0.167 -0.764 -0.477 -0.369 -0.074 -0.672 -0.534 -0.37 -0.803 -0.68 -0.927 -0.644 0.374 0.365 -0.922 0.051 -1.131 0.051 -0.08 -0.267 -0.591 -0.574 -0.704 -0.738 -1.018 -0.934 -1.006 -0.821 -0.506 -0.039 -0.274 -9999.0 -9999.0 -9999.0 -9999.0 -9999.0 -9999.0 -9999.0 -9999.0 -9999.0 -9999.0 -9999.0 -9999.0 -9999.0 -9999.0 -9999.0 -9999.0 -9999.0 -9999.0 -9999.0 -9999.0 -9999.0 -9999.0 -9999.0 -9999.0 -9999.0
-0.072 -0.009 -0.028 -0.419 -0.127 -0.32 -0.325 -0.028 -0.887 -0.86 -0.385 -0.672 -0.127 -0.744 -0.146 -0.145 -0.116 -0.685 -0.918 -0.619 1.472 1.982 1.816 -0.454 -0.686 -0.333 -0.264 -0.016 0.353 -0.763 -0.043 0.04 -0.053 -0.014 -0.094 -0.475 -0.975 -0.126 -0.643 -0.201 -1.043 -0.286 -0.855 -0.984 -0.142 -0.112 -0.088 -9999.0 -9999.0 -9999.0 -9999.0 -9999.0 -9999.0 -9999.0 -9999.0 -9999.0 -9999.0 -9999.0 -9999.0 -9999.0 -9999.0 -9999.0 -9999.0 -9999.0 -9999.0 -9999.0 -9999.0 -9999.0 -9999.0 -9999.0 -9999.0
-0.132 -0.084 -0.069 -0.282 -0.432 -0.237 -0.293 -0.379 -0.722 -0.674 0.152 -0.306 0.196 0.041 0.349 0.332 -0.191 -0.869 -1.056 -0.673 -0.521 -0.468 -0.467 -0.925 -0.383 -0.016 0.474 -0.901 -1.11 -0.891 -0.975 0.037 0.043 -0.3 -0.632 -0.116 -0.694 -0.507 -0.613 0.172 -0.561 0.134 -0.652 -0.812 -0.143 -0.398 -0.049 -9999.0 -9999.0 -9999.0 -9999.0 -9999.0 -9999.0 -9999.0 -9999.0 -9999.0 -9999.0 -9999.0 -9999.0 -9999.0 -9999.0 -9999.0 -9999.0 -9999.0 -9999.0 -9999.0 -9999.0 -9999.0 -9999.0 -9999.0 -9999.0
-0.114 -0.138 -0.246 -0.304 -0.412 -0.464 -0.794 -0.446 -0.713 -0.734 0.349 -0.458 -0.484 1.039 3.661 -0.312 0.054 -0.81 -0.933 -0.694 -0.784 -0.249 -0.556 -0.247 0.093 0.006 -0.976 0.595 -0.05 -0.162 0.272 -0.761 -0.045 -0.206 -0.181 -0.763 -0.693 -0.391 -0.608 0.152 -0.587 0.144 -0.533 -0.699 0.182 -0.93 -0.699 -9999.0 -9999.0 -9999.0 -9999.0 -9999.0 -9999.0 -9999.0 -9999.0 -9999.0 -9999.0 -9999.0 -9999.0 -9999.0 -9999.0 -9999.0 -9999.0 -9999.0 -9999.0 -9999.0 -9999.0 -9999.0 -9999.0 -9999.0 -9999.0
-0.18 -0.185 -0.269 -0.365 -0.294 -0.314 -0.302 -0.472 -0.156 -0.078 0.116 -0.568 -0.924 3.737 -0.237 0.218 0.226 -0.722 -0.813 0.112 0.044 0.116 0.066 -0.106 -0.567 -0.908 -0.007 0.137 0.458 0.369 0.368 -1.07 -0.448 -0.665 -0.194 -1.019 0.109 0.118 -0.647 0.041 0.213 -0.517 -0.653 -0.597 0.127 -0.284 -9999.0 -9999.0 -9999.0 -9999.0 -9999.0 -9999.0 -9999.0 -9999.0 -9999.0 -9999.0 -9999.0 -9999.0 -9999.0 -9999.0 -9999.0 -9999.0 -9999.0 -9999.0 -9999.0 -9999.0 -9999.0 -9999.0 -9999.0 -9999.0 -9999.0
0.352 -0.586 -0.257 -0.882 -0.699 -0.493 -0.145 -0.525 -0.462 0.204 2.966 0.83 0.837 0.508 -0.348 0.207 0.214 0.208 0.209 0.01 -0.649 -0.567 -0.632 -0.172 0.166 -0.445 0.421 -0.168 0.374 -1.303 -1.039 -1.03 -0.417 -0.939 -0.288 -0.141 -0.318 -0.789 0.15 0.151 0.135 -0.444 -0.444 0.191 -0.245 -0.265 -0.295 -9999.0 -9999.0 -9999.0 -9999.0 -9999.0 -9999.0 -9999.0 -9999.0 -9999.0 -9999.0 -9999.0 -9999.0 -9999.0 -9999.0 -9999.0 -9999.0 -9999.0 -9999.0 -9999.0 -9999.0 -9999.0 -9999.0 -9999.0 -9999.0
-0.374 -0.717 -0.312 -0.845 -0.948 -0.134 5.203 -0.056 0.272 2.574 5.243 -0.545 0.474 0.53 -0.501 0.582 -0.348 -0.113 -0.102 -0.376 0.466 0.507 1.046 -0.708 -1.05 -1.067 0.467 0.462 -0.06 -0.884 -0.309 0.314 -0.424 -0.346 -0.516 -1.205 -0.727 -0.517 -0.416 -0.7 0.263 -0.124 0.228 0.065 -0.365 -0.364 -0.189 -9999.0 -9999.0 -9999.0 -9999.0 -9999.0 -9999.0 -9999.0 -9999.0 -9999.0 -9999.0 -9999.0 -9999.0 -9999.0 -9999.0 -9999.0 -9999.0 -9999.0 -9999.0 -9999.0 -9999.0 -9999.0 -9999.0 -9999.0 -9999.0
0.209 -0.636 -0.73 -0.89 -0.993 -0.516 -0.128 2.083 -0.333 0.833 1.932 2.258 0.513 0.308 0.557 -0.599 0.078 0.055 -0.346 0.062 0.512 1.07 1.002 -0.562 -0.562 -0.589 0.333 0.499 0.501 -0.875 -0.308 0.039 -0.066 -0.421 -0.363 -0.364 -0.772 -0.642 -0.706 -0.463 0.072 -0.94 -0.787 -0.706 0.042 -0.356 -0.2 -9999.0 -9999.0 -9999.0 -9999.0 -9999.0 -9999.0 -9999.0 -9999.0 -9999.0 -9999.0 -9999.0 -9999.0 -9999.0 -9999.0 -9999.0 -9999.0 -9999.0 -9999.0 -9999.0 -9999.0 -9999.0 -9999.0 -9999.0 -9999.0
-0.84 -0.896 -1.174 -0.975 -1.003 -0.939 -0.198 0.714 0.081 1.638 1.027 3.019 0.295 0.378 0.067 -0.381 -0.417 -0.41 -0.394 -0.383 0.315 1.192 1.179 1.108 -0.337 -0.321 -0.786 0.057 -0.002 -1.009 -0.266 0.039 -0.056 -1.087 -0.367 -0.6 -0.425 -0.236 -0.439 -0.841 -0.172 -0.958 -0.8 -0.8 -0.549 -9999.0 -9999.0 -9999.0 -9999.0 -9999.0 -9999.0 -9999.0 -9999.0 -9999.0 -9999.0 -9999.0 -9999.0 -9999.0 -9999.0 -9999.0 -9999.0 -9999.0 -9999.0 -9999.0 -9999.0 -9999.0 -9999.0 -9999.0 -9999.0 -9999.0 -9999.0
-0.842 -0.866 -0.985 -0.984 -0.959 -0.48 -0.217 -0.758 1.556 0.435 1.455 1.25 0.414 -0.693 -0.481 -0.463 -0.468 0.86 1.029 -0.656 1.035 0.892 0.189 -0.617 -0.613 -0.637 -0.253 -0.053 -0.772 -0.072 -0.09 0.039 -0.185 -0.936 -0.675 0.257 -0.903 -0.25 -0.717 0.249 0.264 -0.686 -0.955 -0.977 -0.828 -9999.0 -9999.0 -9999.0 -9999.0 -9999.0 -9999.0 -9999.0 -9999.0 -9999.0 -9999.0 -9999.0 -9999.0 -9999.0 -9999.0 -9999.0 -9999.0 -9999.0 -9999.0 -9999.0 -9999.0 -9999.0 -9999.0 -9999.0 -9999.0 -9999.0 -9999.0
-0.827 -0.89 -0.385 -0.714 -0.474 -0.292 -0.132 -0.792 -0.289 0.473 0.556 0.441 0.571 -0.69 -0.413 -0.319 1.116 0.425 1.055 0.928 0.328 1.275 0.23 0.466 -0.627 -0.653 -1.06 -1.045 -0.455 -0.247 -0.807 -0.077 -0.147 -0.242 -0.52 -0.298 0.056 -0.455 0.344 -0.743 -0.693 -0.938 -1.116 -0.242 -0.349 -9999.0 -9999.0 -9999.0 -9999.0 -9999.0 -9999.0 -9999.0 -9999.0 -9999.0 -9999.0 -9999.0 -9999.0 -9999.0 -9999.0 -9999.0 -9999.0 -9999.0 -9999.0 -9999.0 -9999.0 -9999.0 -9999.0 -9999.0 -9999.0 -9999.0 -9999.0
-0.634 -0.914 -0.649 -0.832 0.364 1.141 0.497 -0.508 -0.579 -0.741 -0.809 -0.334 -0.364 -0.22 0.52 0.49 -0.167 1.247 1.087 0.456 -0.202 0.284 -0.202 0.026 -0.095 -0.189 -0.037 -0.052 0.224 0.229 -0.271 -0.272 0.213 0.417 -0.803 -0.796 -0.013 -0.671 0.387 -0.532 -0.626 -1.015 -0.978 -0.57 -0.937 -9999.0 -9999.0 -9999.0 -9999.0 -9999.0 -9999.0 -9999.0 -9999.0 -9999.0 -9999.0 -9999.0 -9999.0 -9999.0 -9999.0 -9999.0 -9999.0 -9999.0 -9999.0 -9999.0 -9999.0 -9999.0 -9999.0 -9999.0 -9999.0 -9999.0 -9999.0
-0.74 -0.931 0.528 -0.571 0.155 5.237 1.857 1.434 -0.26 -0.267 -0.879 -0.875 -0.585 -0.575 0.556 0.724 1.389 0.772 1.333 0.7 0.887 -0.222 -0.069 -0.058 -0.082 -0.202 -0.111 -0.339 0.242 0.245 -0.446 -0.206 0.213 -0.241 -0.91 -0.894 -0.776 0.359 0.435 0.417 -0.643 -1.035 -0.799 -0.966 -0.767 -0.95 -9999.0 -9999.0 -9999.0 -9999.0 -9999.0 -9999.0 -9999.0 -9999.0 -9999.0 -9999.0 -9999.0 -9999.0 -9999.0 -9999.0 -9999.0 -9999.0 -9999.0 -9999.0 -9999.0 -9999.0 -9999.0 -9999.0 -9999.0 -9999.0 -9999.0
-0.438 1.514 1.094 1.182 2.225 2.436 -0.184 0.777 -0.692 -0.286 -0.57 -0.787 -0.47 -0.381 -0.004 0.176 0.228 1.241 1.001 0.618 -0.024 -0.023 -0.023 -0.2 -0.161 -0.096 -0.093 -0.107 0.222 0.24 0.047 -0.264 0.038 -0.157 -0.67 -0.902 -0.772 -0.456 0.621 -0.492 -0.514 -0.539 -0.065 -0.901 -0.877 -1.073 -9999.0 -9999.0 -9999.0 -9999.0 -9999.0 -9999.0 -9999.0 -9999.0 -9999.0 -9999.0 -9999.0 -9999.0 -9999.0 -9999.0 -9999.0 -9999.0 -9999.0 -9999.0 -9999.0 -9999.0 -9999.0 -9999.0 -9999.0 -9999.0 -9999.0
-1.029 -0.771 -0.137 1.199 -1.296 -1.453 -0.394 -0.263 0.259 -0.814 -0.93 -0.264 -0.168 -0.578 0.519 0.152 0.346 1.046 0.318 0.502 -0.357 -0.12 -0.239 -0.079 0.045 0.046 0.038 -0.448 0.241 0.244 0.047 -0.015 0.038 0.139 -0.599 -0.889 -0.816 -0.631 -0.62 -0.724 -0.752 -0.56 0.11 -0.965 -0.998 -0.932 -9999.0 -9999.0 -9999.0 -9999.0 -9999.0 -9999.0 -9999.0 -9999.0 -9999.0 -9999.0 -9999.0 -9999.0 -9999.0 -9999.0 -9999.0 -9999.0 -9999.0 -9999.0 -9999.0 -9999.0 -9999.0 -9999.0 -9999.0 -9999.0 -9999.0
-0.818 -0.902 -0.801 0.866 -1.172 -0.827 -1.494 -1.498 0.197 -0.473 -0.416 -0.28 0.927 -0.34 0.108 0.169 0.102 1.388 0.403 0.335 -0.451 -0.631 -0.192 -0.229 0.074 0.046 0.037 -0.449 -0.583 -0.598 0.133 0.047 -0.547 0.155 -0.645 -0.776 -0.702 0.282 -0.669 0.137 -0.736 -0.406 0.159 -0.444 0.082 -0.973 -9999.0 -9999.0 -9999.0 -9999.0 -9999.0 -9999.0 -9999.0 -9999.0 -9999.0 -9999.0 -9999.0 -9999.0 -9999.0 -9999.0 -9999.0 -9999.0 -9999.0 -9999.0 -9999.0 -9999.0 -9999.0 -9999.0 -9999.0 -9999.0 -9999.0
-0.475 -0.839 -1.159 -1.313 -0.431 -1.084 -1.303 -1.68 -0.086 -0.204 -0.114 -0.068 1.047 0.028 0.472 0.395 1.067 0.758 1.14 0.397 -0.194 -0.238 -0.125 -0.028 -0.044 -0.006 0.038 -0.532 -0.554 -0.573 -0.644 -0.593 0.152 -0.625 -0.652 -0.651 0.088 0.24 0.452 -0.808 -0.793 -0.417 0.194 0.147 -0.976 -9999.0 -9999.0 -9999.0 -9999.0 -9999.0 -9999.0 -9999.0 -9999.0 -9999.0 -9999.0 -9999.0 -9999.0 -9999.0 -9999.0 -9999.0 -9999.0 -9999.0 -9999.0 -9999.0 -9999.0 -9999.0 -9999.0 -9999.0 -9999.0 -9999.0 -9999.0
-0.02 0.183 -1.351 -1.26 -0.221 -1.204 -1.024 -1.029 -0.236 1.154 -0.018 0.447 0.916 0.328 0.143 -0.576 1.001 0.785 -0.196 0.213 -0.001 -0.727 -0.485 -0.306 -0.117 -0.122 -0.534 0.038 -0.399 -0.397 -0.831 -0.658 0.02 -0.691 -0.662 -0.073 -0.997 -1.002 -0.627 -0.797 -0.717 -0.675 0.144 -0.869 -0.546 -9999.0 -9999.0 -9999.0 -9999.0 -9999.0 -9999.0 -9999.0 -9999.0 -9999.0 -9999.0 -9999.0 -9999.0 -9999.0 -9999.0 -9999.0 -9999.0 -9999.0 -9999.0 -9999.0 -9999.0 -9999.0 -9999.0 -9999.0 -9999.0 -9999.0 -9999.0
-0.753 -0.704 -0.927 -0.931 -0.132 2.31 -0.782 -0.783 -0.177 2.262 -0.423 0.208 1.326 0.409 0.591 0.196 1.291 0.302 1.161 -0.373 0.233 -0.455 -0.154 -0.192 0.047 -0.165 -0.397 0.046 0.046 -0.83 -0.524 -0.638 0.488 -0.873 -0.229 -0.864 -1.145 -0.211 -0.597 -0.4 -0.72 -0.714 -0.509 -0.843 -0.743 -9999.0 -9999.0 -9999.0 -9999.0 -9999.0 -9999.0 -9999.0 -9999.0 -9999.0 -9999.0 -9999.0 -9999.0 -9999.0 -9999.0 -9999.0 -9999.0 -9999.0 -9999.0 -9999.0 -9999.0 -9999.0 -9999.0 -9999.0 -9999.0 -9999.0 -9999.0
0.204 0.219 -0.75 -0.717 2.12 0.627 0.532 0.11 -0.098 -0.483 -0.965 0.413 0.734 0.393 0.169 1.54 1.415 1.626 -0.376 -0.102 -0.657 -0.213 0.114 -0.13 1.077 -0.116 0.212 0.438 1.06 -0.701 -0.627 -0.702 -0.573 -0.439 -0.751 -1.009 -0.98 -0.657 -0.66 -0.671 -0.714 0.25 -0.536 -1.048 -0.549 -9999.0 -9999.0 -9999.0 -9999.0 -9999.0 -9999.0 -9999.0 -9999.0 -9999.0 -9999.0 -9999.0 -9999.0 -9999.0 -9999.0 -9999.0 -9999.0 -9999.0 -9999.0 -9999.0 -9999.0 -9999.0 -9999.0 -9999.0 -9999.0 -9999.0 -9999.0
-0.536 0.154 -0.579 -0.552 0.185 -0.532 -1.315 -0.936 -0.975 -0.571 -0.945 1.159 0.284 0.214 0.127 0.987 0.961 0.097 0.646 -0.133 -0.6 -0.219 -0.26 -0.44 1.057 -0.426 0.744 0.686 0.99 -0.697 -0.602 -0.701 -0.294 -0.686 -0.515 -1.001 0.04 -0.765 -0.677 -0.711 -0.543 -0.327 -1.016 -0.964 -0.787 -0.172 -9999.0 -9999.0 -9999.0 -9999.0 -9999.0 -9999.0 -9999.0 -9999.0 -9999.0 -9999.0 -9999.0 -9999.0 -9999.0 -9999.0 -9999.0 -9999.0 -9999.0 -9999.0 -9999.0 -9999.0 -9999.0 -9999.0 -9999.0 -9999.0 -9999.0
-0.477 -0.083 -0.254 -0.733 -0.525 -0.459 -0.553 -0.332 -0.934 -1.285 -0.766 1.261 0.436 0.735 1.52 0.953 0.731 0.56 -0.157 -0.516 -0.457 -0.257 0.959 -0.41 0.433 0.201 -0.375 0.167 -0.339 -0.697 -0.601 -0.604 -0.301 0.118 -0.796 -0.947 -0.606 -0.814 -0.818 -0.613 -0.327 -0.688 -0.736 -0.733 -0.755 -0.175 -9999.0 -9999.0 -9999.0 -9999.0 -9999.0 -9999.0 -9999.0 -9999.0 -9999.0 -9999.0 -9999.0 -9999.0 -9999.0 -9999.0 -9999.0 -9999.0 -9999.0 -9999.0 -9999.0 -9999.0 -9999.0 -9999.0 -9999.0 -9999.0 -9999.0
-0.206 -0.081 -0.006 -0.579 -0.53 -0.424 -0.469 -0.604 -1.16 -1.191 -0.991 2.367 0.492 1.146 0.268 0.231 0.585 -0.109 -0.144 -0.32 -0.373 -0.262 -0.437 -0.647 -0.529 -0.331 -0.403 0.243 -0.414 -0.693 -0.593 -0.693 -0.437 0.204 -0.941 -0.804 -0.463 -0.568 -0.53 -0.299 -0.682 -0.721 -0.738 -0.746 -0.139 -9999.0 -9999.0 -9999.0 -9999.0 -9999.0 -9999.0 -9999.0 -9999.0 -9999.0 -9999.0 -9999.0 -9999.0 -9999.0 -9999.0 -9999.0 -9999.0 -9999.0 -9999.0 -9999.0 -9999.0 -9999.0 -9999.0 -9999.0 -9999.0 -9999.0 -9999.0
-0.094 -0.185 -0.15 -0.567 -0.291 -0.575 -0.483 0.306 -0.416 -0.578 -0.405 -0.428 1.581 0.82 -0.19 0.05 -0.56 -0.611 -0.331 -0.578 0.978 -0.419 -0.691 -0.122 -0.798 -0.747 -0.397 0.314 -0.559 -0.574 -0.526 -0.615 -0.353 -0.733 -1.302 -0.744 -0.681 -0.526 0.958 -0.628 -0.544 0.074 0.046 0.04 -0.501 -9999.0 -9999.0 -9999.0 -9999.0 -9999.0 -9999.0 -9999.0 -9999.0 -9999.0 -9999.0 -9999.0 -9999.0 -9999.0 -9999.0 -9999.0 -9999.0 -9999.0 -9999.0 -9999.0 -9999.0 -9999.0 -9999.0 -9999.0 -9999.0 -9999.0 -9999.0
0.312 -0.06 -0.517 -0.917 -0.544 -0.455 -0.264 -0.388 -1.077 -0.588 -0.448 0.172 1.334 0.339 -0.533 -0.633 -0.636 -0.56 -0.115 -0.264 1.088 0.055 -0.722 -0.377 -0.833 -0.811 -0.67 0.048 -0.56 -0.584 -0.53 -0.604 0.675 -0.733 -1.439 -0.619 0.419 0.861 -0.374 -0.021 -0.369 -0.616 -0.781 -0.838 -9999.0 -9999.0 -9999.0 -9999.0 -9999.0 -9999.0 -9999.0 -9999.0 -9999.0 -9999.0 -9999.0 -9999.0 -9999.0 -9999.0 -9999.0 -9999.0 -9999.0 -9999.0 -9999.0 -9999.0 -9999.0 -9999.0 -9999.0 -9999.0 -9999.0 -9999.0 -9999.0
