static/jobfarm/user_models/minyf/common/HOME-GBHM/输出文件/Output/Grids/runoff20020227.asc
ncols 221
nrows 204
xllcorner -627000.0
yllcorner 3955000.0
cellsize 900.0
NODATA_value -9999.0
[rows 60 to 89 of 204, columns 66 to 131 of 221]
0.009 -825495.743 -5480.335 -7054.208 -5147.98 -2.737 -2785.016 -32161.692 -94.101 0.019 0.029 0.029 0.017 -0.016 0.006 0.006 0.006 0.005 0.017 0.01 0.011 -108.895 0.012 0.012 0.006 0.012 0.013 0.016 -214.417 0.012 0.005 -0.007 -0.008 -4093.372 -468154.448 -2281.661 -778709.968 0.0 0.004 -20289.278 0.005 -19792.841 0.014 -81441.636 0.041 0.005 -0.004 0.009 -0.002 -129.168 -101904.506 -14.175 -360338.06 -10492.52 -20.847 0.008 0.006 0.054 -152147.47 0.02 -2459.28 -41876.368 0.012 0.003 0.011 0.027
-356400.247 -648047.288 -1073922.047 -52287.16 -28754.071 0.018 0.016 -33172.7 -3682.533 -358184.641 -21673.217 -24345.047 -3235.92 -1523.542 -7614.205 -9316.609 0.015 0.011 0.017 0.013 0.008 0.02 -11266.546 -36.403 0.024 0.013 0.007 0.014 0.014 -80.723 0.007 0.008 -0.006 -0.006 -0.104 0.028 -923.05 -44850.463 0.049 -37913.814 -7510.864 -2100.899 0.002 -0.008 -81262.017 0.013 0.023 0.007 -739.715 -1587.902 -369505.132 -103177.158 -4.482 -14.056 0.016 0.008 0.018 -221.542 0.006 0.004 0.006 -19510.919 0.002 0.002 0.013 0.018
-222921.603 -42524.782 -135.773 -135.712 -86.28 -18.223 0.019 -2603.542 0.019 0.01 0.029 0.028 0.007 0.008 0.008 0.007 0.007 -0.01 0.019 -31.394 -90758.786 -2552.5 -22773.487 -470.816 -934.108 0.005 0.014 0.005 0.004 -3395.173 0.005 0.006 -0.002 -0.011 0.026 0.011 0.015 0.003 -2143350.32 -101929.768 -108293.14 -22155.802 0.001 0.007 0.003 -514844.424 -65301.068 -187236.052 -886163.323 -345551.166 -114.833 -329001.056 -232.607 -67.33 0.008 0.016 0.007 -295.44 0.008 0.014 0.019 -19496.754 0.002 0.02 0.006 0.018
-1118.8 -219.649 -7207.13 -576.526 -0.425 -686.362 0.017 0.018 -15771.215 0.011 0.014 0.027 0.008 0.007 0.007 0.007 0.009 0.02 0.019 0.015 0.017 -0.63 0.022 -593405.077 0.013 0.018 0.019 0.019 0.005 -125878.792 0.005 0.006 -0.01 0.023 0.021 0.007 0.02 -236.659 -970482.729 0.023 -74.177 0.021 -80301.237 0.018 -204.222 -19.872 -30741.865 -0.032 -174.244 -19528.17 -221.911 0.006 0.013 -63.235 0.011 -0.017 0.005 -493.805 0.007 0.014 0.009 -567.817 0.002 -0.145 0.009 0.024
-19709.271 -42705.222 -642.513 -258.392 -796.049 -4.713 0.021 -0.518 0.014 -4482.906 -31.349 0.015 0.009 0.007 0.008 -0.018 -0.008 0.022 0.015 0.017 -0.259 0.016 -20637.325 0.008 -895.508 -6.741 0.015 0.014 0.007 -41578.465 0.006 0.006 -0.009 0.007 0.015 -445396.929 -15078.664 -241925.377 -252.439 -95693.722 -1682.618 -97.433 0.016 0.013 -20.391 0.023 0.018 -76090.334 -14.6 -14.625 -48163.328 -219.971 -66.363 -70.019 0.01 0.007 0.014 -276.526 0.006 0.011 0.019 -242.3 0.004 -0.017 -156.06 0.023
-121117.839 -158.541 0.028 0.03 -4.727 -3855.872 0.022 -0.617 0.026 0.026 -6485.503 -8140.928 0.007 -0.024 -0.027 -0.027 -0.014 0.019 0.02 0.02 -4793.86 -1300.776 -38.607 -20.423 0.006 -535.019 -8889.651 0.02 -71369.342 -3.178 0.021 0.012 0.012 0.011 0.023 0.003 -2114.71 -4271.548 -221.8 -33445.632 -4548.597 -96.648 0.019 0.016 -21.043 0.013 0.011 -26092.023 -122.741 0.011 -2.21 -5666.897 -71.356 -352.019 0.007 0.007 -2136.186 0.007 0.04 0.011 0.011 -5654.724 0.02 0.003 0.014 -434.311
-3090408.108 -13446.924 0.024 0.03 0.029 0.028 -15824.515 0.015 0.007 0.007 0.011 -1533.876 -5822.751 -27.777 0.008 0.011 -0.043 -0.024 -0.011 -2895.295 0.007 -0.01 0.007 0.007 0.017 0.027 0.013 -10767.917 -58.562 0.01 0.026 0.009 0.005 0.005 -0.007 0.032 0.011 0.026 -61567.186 -650.959 -1655.205 0.003 -0.022 -0.013 0.006 0.01 0.01 -17404.516 -5280.111 0.017 0.013 -82159.237 0.017 0.015 0.007 0.007 0.021 0.012 0.029 0.019 0.012 -6643.151 0.016 0.01 0.01 -978.045
-88.036 -1681873.838 -5.717 0.025 0.03 0.025 0.03 0.018 0.025 0.016 0.009 0.009 0.007 -58.679 0.007 0.008 -0.028 -0.016 -0.03 0.007 -0.029 -0.013 0.008 0.007 0.006 0.008 0.03 0.014 -66006.786 0.023 0.019 0.021 0.018 0.013 0.011 0.005 0.011 0.02 -1815503.207 -449889.888 -45192.974 -511.439 0.015 0.008 0.01 -1843.867 -69633.618 -1795.686 -40881.683 0.02 0.015 0.022 0.005 0.02 0.008 0.007 0.007 0.06 0.091 0.014 0.01 0.009 0.036 0.022 0.011 -63983.609
-63.282 -937278.716 0.004 -5.856 -6.845 0.024 0.028 -0.009 0.019 0.08 -0.02 0.007 0.007 0.007 0.006 -0.029 -0.006 -0.006 -0.033 -0.026 0.007 0.007 0.007 0.01 0.006 0.012 0.011 0.014 0.025 -108751.525 0.021 0.025 0.009 0.017 0.016 0.024 -0.002 0.002 -102256.582 -619.707 0.07 -501.042 0.0 0.009 0.008 0.008 -2313.822 0.01 0.011 -1696.218 -1272.984 0.013 0.002 0.013 0.039 0.036 0.015 0.013 0.01 0.013 0.003 0.046 0.007 -0.002 0.009 0.017
-4254.996 -124416.823 -1.352 0.005 -480.675 -473.842 -0.0 0.013 -0.153 0.017 0.017 0.018 -0.018 -0.014 -0.004 -0.029 -0.004 0.009 -0.027 0.008 0.007 -491.712 -15740.061 -60800.185 0.01 0.013 0.007 0.021 0.023 -72.3 -130.901 -21.341 -4281.996 0.005 0.005 0.024 -0.005 -57956.977 0.022 -630.9 -635.719 -1647.463 0.0 0.019 0.008 0.009 -1386.877 0.01 0.021 0.017 -184.289 0.019 0.013 0.018 0.016 0.012 0.011 0.013 0.01 0.01 -118387.296 0.006 0.018 -0.005 0.008 0.008
-2004.155 -749850.602 0.011 0.021 -4838.527 -16973.497 -37741.597 -30216.718 -28003.757 -0.017 0.023 0.015 -0.017 0.017 0.016 0.013 0.017 -8042.742 0.005 -0.028 0.015 0.008 0.021 0.011 -5451.756 -2743.385 -11395.173 0.012 0.02 0.004 -223.75 -23443.572 0.012 0.013 0.01 0.022 0.004 -5463608.492 -3565.186 -981.518 -649.401 -659.948 0.015 0.009 0.016 0.013 0.005 0.009 0.011 0.006 -22.55 -101584.444 0.015 0.02 0.012 0.013 -9240.225 -193.539 -6786.858 -34044.389 -5196.032 -7079.192 -17702.402 0.009 0.004 -0.015
-750453.914 -18991.684 -61455.504 -287530.979 0.023 -5.708 -0.162 -0.21 -0.209 -0.07 0.038 0.014 -0.006 0.003 -0.008 -904.091 0.016 -24846.116 0.017 0.016 -0.025 0.014 0.008 0.012 0.016 0.015 -1020.62 -599.662 0.041 0.009 0.02 -1976.68 -17978.931 0.023 0.025 0.001 -143937.386 0.003 -476.066 -521678.953 -629.836 -662.078 0.015 0.015 0.015 0.006 0.018 0.013 0.013 0.014 -1679.552 0.006 0.016 0.02 0.012 0.008 -371.284 -12704.075 -159.499 0.013 0.006 0.012 -8504.958 0.009 0.009 0.007
-0.038 -12673.447 -51.991 -23.083 -219.972 -382.058 0.023 0.025 0.051 0.107 -0.082 0.009 0.021 0.027 0.021 -158.753 0.014 -17541.576 0.013 0.015 0.019 -0.009 -0.012 -0.017 0.019 -0.004 0.009 -1050.855 -9302.941 -24.575 -6.385 -1399.088 -27032.798 -54886.716 -3642.87 -75287.044 -680.134 0.001 -110.841 -112.943 0.016 0.003 -147.316 -56.573 -138.852 -356.274 -92.59 -116.718 0.018 0.013 0.007 0.008 0.013 0.027 0.039 0.006 -9067.361 0.028 0.005 0.01 0.006 0.006 0.01 -30805.197 0.007 0.027
-52.453 -0.08 -558635.304 -52.811 -9242.385 -1028.105 0.02 0.029 0.022 -1981.616 0.054 0.015 0.02 0.021 0.019 -3.112 -3794.314 -53.532 0.015 0.015 0.005 0.006 0.007 -0.006 0.019 0.001 -3767.295 -68.228 0.005 0.005 -144411.566 -50.514 0.024 -941.218 -319814.009 -156618.937 -188023.884 -2449021.399 -20753.602 -113.675 -132.452 0.016 0.018 -45700.951 -139.33 0.015 -345.364 -91.759 0.014 0.015 0.014 0.015 0.017 0.027 0.021 -108.904 0.015 0.013 0.008 0.009 0.016 -112531.347 -89622.337 -1005158.826 -155018.565 -0.005
0.011 -6225.121 -6158032.384 -4567.809 -42070.869 -52.573 0.03 -8894.475 -14779.088 -12183.052 0.013 0.01 -50.114 -160.495 0.008 0.015 -160975.334 0.022 0.016 0.016 0.005 -5659.699 0.006 -0.023 0.019 0.019 0.026 -370.326 -31.706 0.006 -6.216 -6.196 -1.184 -983.176 -619483.372 -946.516 -212.538 -0.002 0.016 -113.981 0.004 0.003 -293.424 -58909.482 -281.488 -31394.557 -25.019 -82.457 0.012 0.016 0.007 0.013 0.009 0.015 0.0 -0.02 0.009 0.009 0.006 0.013 0.019 0.145 0.013 0.013 -2621.757 -2385408.69
0.0 0.02 -395751.544 -1.4056004221E7 -13327.631 -13427.089 -103281.888 0.022 0.021 0.02 0.015 0.009 -12.353 0.018 0.008 0.016 -40478.602 -48.596 0.017 0.009 -0.03 -55791.121 0.009 -0.017 0.019 0.018 0.026 0.01 -101.433 0.01 -32.443 -6.23 -976.44 -308917.287 0.114 -3982.884 0.005 0.003 0.005 -21.442 0.008 0.003 -0.176 -2665692.945 0.025 -61523.929 -24.962 0.022 0.013 0.01 0.01 0.011 0.017 0.023 0.021 -0.011 0.007 0.011 -55497.399 0.014 0.019 0.019 0.013 0.013 0.017 0.01
0.0 0.022 -79028.629 -44330.868 -919.296 -379.327 0.049 0.022 0.067 0.018 0.009 -0.018 -549387.918 0.014 0.014 -1731.889 0.012 -48.421 0.007 0.009 0.009 -39363.345 0.007 0.015 0.018 0.022 0.026 0.015 -1949.058 0.01 -32.349 -6.229 -994.757 -1.0081908331E7 -2433865.668 -1953958.465 -538565.892 -1078.355 0.004 -0.0 0.009 0.022 -0.0 -54440.04 -7358.894 0.017 -302.773 -88.025 -202236.698 -29068.63 -23199.394 0.018 0.008 0.014 -0.013 -0.129 0.013 0.01 0.005 -242281.472 0.008 0.011 0.016 0.018 0.014 0.019
0.017 -0.0 -3691.82 -1170580.492 -35439.829 -368.334 0.0 0.0 0.054 0.0 0.009 0.01 -416.323 0.013 -1.008 -18324.893 -0.412 -87.886 0.01 0.009 -334.116 -40579.428 0.007 0.015 0.018 0.017 -5396.035 0.019 -2484.009 0.01 0.022 0.012 0.0 -7718.587 -17973.951 -3935.858 -21.109 -129605.227 -665100.697 -1063721.845 -42446.241 -50248.492 -2156753.284 -434158.455 -85569.795 -70249.235 -43854.458 0.011 0.016 0.017 0.008 -35318.817 -206263.57 -6070.626 0.007 0.018 0.007 0.007 0.007 -158881.459 0.011 0.018 0.008 0.004 0.014 0.007
0.014 -0.0 0.0 -485053.837 -349.36 0.0 0.0 0.003 0.003 0.002 0.008 0.008 0.012 -28.078 -0.419 -2347.746 -3698.365 -22.639 0.014 0.015 0.014 -43709.482 0.016 0.011 -108.503 -91.1 -62646.456 0.02 -4494.911 0.021 0.013 0.011 0.011 -480213.532 -3336.593 0.197 0.008 0.008 0.019 0.006 -8519.633 0.005 -316005.609 -118.312 -125.285 -131.435 -126.664 0.01 0.012 0.016 0.031 0.025 -233.136 0.003 0.016 0.014 0.019 0.014 0.021 -4433018.73 -1258.386 -646.773 -848.544 -226.175 -229.916 -565.969
0.076 0.0 0.002 -30026.384 0.007 -6466.028 0.0 0.006 -23290.504 0.001 0.008 0.011 0.01 -3232.467 -435260.116 -241906.041 0.006 -23.324 0.015 0.022 -377.864 -7885.378 0.016 0.011 -114.886 -56.288 0.021 -73368.245 0.02 0.023 0.01 0.011 -918.216 -618.966 -268.864 0.0 0.01 0.008 0.006 0.008 0.007 0.019 -5360.934 -49376.146 -97720.453 -50259.681 -19563.393 -11214.592 0.009 0.018 0.031 -0.039 -0.009 -0.034 0.022 0.018 0.019 0.015 0.015 -4748.5 -7568.869 -2251.943 -52001.339 -242.315 -882.031 -236.496
0.021 0.0 0.002 0.018 -329081.784 -66522.406 0.013 -36519.818 0.0 0.007 0.009 0.011 0.013 0.009 -285757.913 -25.643 -26.967 -25.292 0.015 0.022 -26442.972 -98.493 -0.056 0.014 -70.851 -50.533 0.019 -3875.262 -203.286 0.012 -82.254 0.0 -4438370.184 -1453945.653 -629.188 0.013 0.009 0.007 0.008 0.008 0.021 0.02 -125.41 -35.903 -19.289 -19.318 -2.505 -2.171 0.009 -0.035 0.004 -0.036 -0.035 -0.035 0.019 0.018 0.011 0.021 0.018 0.022 -105872.727 -872.709 -873.021 -16173.624 -7102.544 -7254.774
0.014 0.0 -0.0 0.004 -3960.938 -90586.995 -212637.889 -0.013 0.073 0.005 0.008 0.019 0.011 0.011 -87446.479 -214.928 -30.112 -29.086 0.006 0.025 -235929.74 0.013 0.012 0.013 -59.058 0.021 0.019 -4363.721 -12.449 -573.796 0.012 -1108737.979 -77.93 -274.599 -65514.866 -820479.81 -257771.289 0.008 0.009 0.01 0.008 0.018 -156.769 0.017 0.016 -3.844 -3.635 -3.458 -0.026 -0.037 0.021 0.003 0.006 0.008 0.019 0.019 0.018 -43604.642 0.008 0.009 -16449.22 -268.343 -1091.8 -240275.905 -13639.926 -702273.667
0.031 0.025 0.028 0.066 0.087 -14292.604 -1778697.034 -19868.593 0.094 0.012 0.011 0.013 0.01 0.018 -19639.297 -158.479 -28.065 -24.693 0.008 0.014 -237194.03 0.021 0.012 0.011 -48.17 0.022 0.019 -87.746 -122290.273 -124.462 -781856.391 0.0 0.007 0.015 0.018 0.008 0.01 -312699.828 -165621.795 -166534.721 -315436.961 0.009 -161.533 -7692.622 -44.741 0.018 -35.145 -39.706 0.004 -0.036 0.007 -0.003 0.008 0.001 -8265.225 0.019 0.019 0.009 -24175.044 -108501.67 -28.851 -232803.924 -750.834 -4871.714 -4048684.7 -371.97
0.056 -0.082 -0.101 -0.04 0.002 -4757.588 -13256.773 0.0 0.014 0.015 0.016 0.013 0.016 -1467.571 -3.375 -10.876 -74.515 -73.968 0.008 0.012 -121460.955 0.029 0.027 0.024 0.018 0.017 0.012 0.009 -72783.743 -1528397.05 -200547.748 0.008 -43.501 0.007 0.007 0.004 0.01 0.013 0.009 0.015 0.018 -949692.596 -894116.996 -922.271 -11.996 -28341.561 -1576.816 -41.928 -0.033 0.03 0.005 0.022 0.006 -10212.203 -803201.08 0.019 0.011 0.013 0.014 0.013 -65304.002 -1065.386 -7079.066 -615928.622 -1.0937257961E7 -2112466.088
-0.039 -0.033 -0.032 0.004 0.0 -167697.627 0.0 0.005 0.018 -59.478 0.015 0.018 0.001 -73.947 0.022 -9.139 -60809.651 -39.538 0.017 -83.495 -1366.51 -2033.046 0.008 0.002 -32.778 -3401.98 0.003 0.004 -130629.341 0.006 0.011 -11777.189 -25763.35 0.009 -0.001 0.012 -4.56 0.006 -470.928 -2111.641 -2064.444 -300.049 0.021 -3875488.09 -2378.482 0.008 0.014 -7.284 0.069 0.053 0.014 -1960.784 0.014 0.018 0.022 -18794.452 -1228.456 -1652.686 -1232.273 -1191.951 -157295.841 -114.547 -479.065 -335.059 -601.355 -5288126.523
0.01 -0.041 -0.043 0.014 0.0 0.004 -1437391.399 0.025 0.012 -8506.6 0.015 -416.337 0.006 -13544.89 -572283.161 -8300.967 0.016 0.012 -22.419 0.007 0.007 -12896.698 0.005 0.01 0.017 -32.619 -210708.608 0.018 -52891.432 0.006 0.012 0.004 -1503.418 -124715.708 -0.001 0.01 -164.114 -161.719 -122.945 0.011 -312.25 -314.701 0.019 -63757.917 0.019 -7469.477 0.026 -2.726 -1.294 0.008 0.014 -40.642 -1540.17 0.013 -618.921 -35085.565 0.01 -1594.576 -1162.277 -9646.783 -118904.141 -105.852 0.012 -100.908 -3594.513 -138101.25
0.008 0.007 0.011 0.014 0.0 0.0 -1392.725 -5310.582 -440.3 -813156.022 0.004 -393.946 -181.516 -2649527.229 -175.154 0.016 0.011 0.017 0.017 0.017 0.017 0.022 -9102.075 -2585.859 0.088 0.003 0.015 -781198.043 0.004 0.027 0.004 0.016 0.008 -4692.311 -3406.212 0.017 -31037.908 -23197.475 -46359.484 -58535.527 -116.168 -0.627 0.019 0.011 -55159.196 0.017 0.02 0.02 0.015 0.016 0.014 0.014 0.014 -14881.003 -347766.462 0.009 -5979.217 -348847.407 -239025.907 -2192363.932 -37837.874 -1135710.757 -253576.85 -6937903.332 -1748556.069 -1.9420434682E7
-37753.136 -3828.413 -19372.693 -15171.525 -74235.26 -2326126.273 -101966.76 -1149215.981 -89.869 -502981.383 -421.172 -386.976 -0.379 -3069.497 0.017 0.017 0.012 0.012 0.012 0.015 0.007 0.054 -284133.236 -511.819 0.016 0.021 0.01 -69251.914 -13763.741 -103361.896 -2252.892 0.014 0.007 0.01 -267.34 -5983066.145 -32950.577 -221422.689 -117.007 -117.205 0.013 0.015 0.171 0.021 -4.824 -82532.507 -3.865 0.021 0.015 0.014 0.015 0.02 0.02 0.014 -126.685 -710626.872 -2263951.403 -6384.504 -1236.926 -84847.293 -123.924 0.019 -12.648 -12891.351 -9991.677 -458.441
-709.147 0.003 0.005 0.0 0.0 0.0 0.01 -0.003 -7146.858 -461405.357 -0.003 -0.003 -571632.418 -0.003 0.006 0.017 0.017 0.012 0.017 0.023 0.003 -46233.037 -3970.318 0.007 0.016 0.007 -153.049 -2330878.054 -41634.574 -35.976 -32804.26 -2566462.539 0.009 0.022 0.011 0.018 -30201.635 -484.619 -74839.594 -93314.581 0.088 -0.067 -0.5 0.171 0.015 -0.012 -0.202 0.022 0.016 -109.424 -22145.662 -123149.343 -30974.776 -30850.516 -1219728.622 -35.471 -79.231 -115.023 -113.804 0.012 0.003 0.003 0.01 0.006 -784.468 -5.077
-0.035 0.011 0.01 0.013 0.01 0.005 -398.836 -0.002 -1.3811882731E7 0.009 -285.418 -284.915 -1416427.742 0.007 0.016 0.016 0.018 0.022 0.02 0.018 -427.579 -8122.918 0.005 0.009 0.054 0.022 -17751.089 -325.438 -815.029 -38.955 0.011 0.006 -30.085 0.003 0.022 0.01 -107.878 -3186.71 0.002 0.014 -4185.261 -12169.878 0.016 -1.376 0.023 0.003 -0.111 0.013 0.023 0.012 0.021 0.021 0.017 0.013 -1697.408 -2.648 0.182 -79.434 -119.012 -117.836 0.004 0.003 0.011 0.011 0.021 -5.649
