static/jobfarm/user_models/minyf/common/HOME-GBHM/输出文件/Output/Grids/runoff20020222.asc
ncols 221
nrows 204
xllcorner -627000.0
yllcorner 3955000.0
cellsize 900.0
NODATA_value -9999.0
[rows 62 to 92 of 204, columns 0 to 70 of 221]
-9999.0 -9999.0 -9999.0 -9999.0 -9999.0 -9999.0 -9999.0 -9999.0 -9999.0 -9999.0 -7.266 -1.03 0.029 0.027 0.016 0.262 -0.05 -7.812 -1.477 -2.734 -12.376 -5.134 -3.566 -3.934 0.055 -1.661 -5.185 -0.68 -0.214 -0.179 -0.67 -0.306 -0.255 -0.555 0.265 0.289 0.093 0.091 0.217 0.191 0.076 0.015 -0.438 -18.427 -0.311 -15.387 -1.622 -2.66 -1.587 -0.254 -14.019 0.11 -0.235 -8.342 -0.101 -0.414 -5.303 -0.666 -0.637 -5.679 -22.668 -21.209 -11.226 9.8 10.008 -2.675 -4.377 -0.295 0.114 0.121 0.18
-9999.0 -9999.0 -9999.0 -9999.0 -9999.0 -9999.0 -9999.0 -9999.0 -9999.0 -9999.0 -9999.0 -14.122 0.015 0.027 0.012 0.198 0.145 0.054 0.208 -1.691 -18.918 -23.881 -13.273 -6.532 -4.072 -2.05 -1.824 -10.628 -21.259 -15.983 -19.431 -2.404 -0.073 0.037 -2.31 0.128 0.096 0.11 0.103 0.102 0.114 0.064 -1.239 -16.044 -0.406 -16.649 -2.982 -2.41 -22.015 -15.591 -1.129 -1.013 -0.793 -4.445 0.05 -0.285 -4.957 -5.02 -5.389 -22.346 -0.944 -7.085 7.636 10.926 -3.157 -1.399 -14.349 -14.113 0.376 -13.278 -15.975
-9999.0 -9999.0 -9999.0 -9999.0 -9999.0 -9999.0 -9999.0 -9999.0 -9999.0 -9999.0 -9999.0 -1.242 -19.712 0.043 0.026 0.108 0.108 -12.791 -10.338 -3.879 -14.606 -8.111 -0.964 -3.578 -4.167 -2.198 -24.469 -1.146 -0.741 -0.214 -0.963 -12.378 -22.95 -6.406 -11.088 -4.819 -0.158 0.289 0.107 0.068 -0.081 -0.021 -1.232 -6.246 -1.574 -0.665 -0.683 -0.929 -9.302 -1.72 -2.064 -1.247 -0.735 -6.713 -0.449 -0.36 -5.542 -5.121 -18.973 -22.929 -22.722 -6.975 0.457 11.411 -2.217 -2.519 -3.587 -4.923 -20.501 -20.876 -19.004
-9999.0 -9999.0 -9999.0 -9999.0 -9999.0 -9999.0 -9999.0 -9999.0 -9999.0 -9999.0 -9999.0 -9999.0 0.067 -22.288 -0.041 0.075 0.087 -19.011 -2.675 -2.725 -11.178 -2.514 -0.308 -8.761 -3.552 -1.773 -1.765 -23.415 -1.349 -0.468 -15.464 -13.873 0.141 0.126 -0.033 0.423 0.054 -0.489 -1.181 0.074 0.177 0.046 -0.316 -0.992 -0.505 -0.51 -0.564 -0.766 -7.64 -2.205 -2.503 -1.606 -0.846 -15.609 0.084 -0.263 -5.648 -8.676 -20.871 -1.388 -9.658 -2.187 8.234 6.287 -0.492 3.815 8.028 -0.606 -8.439 -7.323 -8.084
-9999.0 -9999.0 -9999.0 -9999.0 -9999.0 -9999.0 -9999.0 -9999.0 -9999.0 -9999.0 -9999.0 -9999.0 -0.951 -22.266 -0.88 0.084 0.276 -1.289 0.197 -2.181 -12.146 -3.347 -3.153 -1.771 -0.006 0.038 -0.008 -4.099 -0.002 0.01 0.013 -12.882 0.093 0.057 0.024 0.083 0.741 -7.829 -1.697 0.161 0.399 -0.342 -0.133 -0.201 0.067 0.097 0.084 -0.069 -4.016 -0.018 -0.074 -0.015 0.023 -20.43 -16.107 -5.012 -4.5 -4.356 -1.184 -1.071 -0.254 -0.322 -0.016 -4.826 -0.479 0.115 12.263 3.356 -0.016 -4.56 -7.716
-9999.0 -9999.0 -9999.0 -9999.0 -9999.0 -9999.0 -9999.0 -9999.0 -9999.0 -9999.0 -9999.0 -9999.0 -1.28 -1.681 -23.556 -0.739 -0.008 0.175 -2.54 -2.481 -24.228 -2.33 -2.468 -3.487 0.045 -0.048 -0.045 -0.045 0.017 0.029 0.073 -14.703 0.128 0.005 0.018 -1.991 -2.492 0.239 0.418 -1.811 -0.796 0.191 0.07 0.14 0.113 0.114 0.164 0.124 -0.005 0.021 -0.147 -0.067 -7.315 -1.147 -0.206 -1.646 -1.523 -1.419 -0.826 -0.581 -0.821 -1.311 -0.454 -0.253 -0.919 -0.031 4.64 6.589 1.907 -0.226 -8.871
-9999.0 -9999.0 -9999.0 -9999.0 -9999.0 -9999.0 -9999.0 -9999.0 -9999.0 -9999.0 -9999.0 -9999.0 -1.585 -1.811 -8.079 -22.755 -22.423 -0.596 -2.089 -1.851 -23.82 -22.674 -0.039 -3.745 0.03 0.038 -0.07 -0.043 -0.1 -0.103 0.044 0.037 0.02 0.005 0.057 0.067 0.57 -0.728 -1.124 0.77 0.781 0.534 0.103 0.067 0.083 0.121 0.063 0.089 -0.144 0.076 -0.003 -3.08 0.071 -0.096 -0.237 -0.973 -1.998 -1.463 -0.167 0.025 0.299 0.067 -0.771 -1.295 -1.566 0.23 1.475 -2.229 1.212 1.192 1.257
-9999.0 -9999.0 -9999.0 -9999.0 -9999.0 -9999.0 -9999.0 -9999.0 -9999.0 -9999.0 -9999.0 -9999.0 -1.328 -1.534 -1.431 -0.462 -11.494 -0.408 -3.745 -0.778 -8.333 -2.392 -21.701 -22.593 0.025 0.045 -0.043 -0.139 -0.1 0.016 0.001 -0.073 0.019 0.01 0.013 0.02 0.273 0.064 0.852 0.638 1.027 -3.97 0.08 0.368 0.067 0.067 0.096 0.076 0.063 0.018 0.02 -0.001 0.119 -0.026 -1.52 -0.866 -0.664 -0.038 -1.272 0.192 0.104 0.179 0.33 -0.491 -0.856 0.231 0.626 -4.477 0.47 0.938 0.799
-9999.0 -9999.0 -9999.0 -9999.0 -9999.0 -9999.0 -9999.0 -9999.0 -9999.0 -9999.0 -9999.0 -9999.0 -9999.0 -1.456 -1.227 -1.513 -21.627 -1.597 -4.41 -2.357 -1.176 -4.614 -20.609 -18.748 -0.016 0.038 -0.036 -2.417 0.008 -0.021 -0.02 -0.015 0.027 0.002 0.006 0.037 0.338 0.234 0.208 0.146 1.073 0.238 -3.916 -2.507 0.071 0.072 0.071 0.061 0.066 0.098 0.021 -0.041 0.041 -0.499 -0.801 -1.046 -0.55 0.021 -1.635 0.195 -0.226 -0.771 -1.287 0.194 0.411 -0.676 -3.25 -5.622 -0.139 0.13 -0.348
-9999.0 -9999.0 -9999.0 -9999.0 -9999.0 -9999.0 -9999.0 -9999.0 -9999.0 -9999.0 -9999.0 -9999.0 -9999.0 -9999.0 -9999.0 -1.628 -20.658 -1.984 -5.654 -3.896 -2.718 -3.601 -19.467 -19.59 -0.025 -0.058 -0.04 -17.189 0.014 -0.108 -0.01 -0.011 0.017 0.016 0.026 0.048 0.196 0.171 0.143 0.222 0.164 1.164 -3.111 -8.615 -0.237 0.065 0.097 0.083 -0.214 -0.384 0.086 0.028 0.069 0.013 -0.667 -0.691 -0.445 -1.766 -0.542 0.159 0.173 0.217 -0.326 -1.393 -2.804 -6.918 -7.487 -9.623 -5.317 -2.592 0.523
-9999.0 -9999.0 -9999.0 -9999.0 -9999.0 -9999.0 -9999.0 -9999.0 -9999.0 -9999.0 -9999.0 -9999.0 -9999.0 -9999.0 -9999.0 -2.012 -21.476 -2.58 0.0 0.011 -0.017 0.026 -8.653 -0.283 -1.316 -20.205 -3.655 -19.469 -7.464 -23.257 -1.883 -1.383 -1.356 -1.005 -1.282 -1.079 -0.016 0.071 0.075 -2.907 0.151 0.822 -4.729 -4.775 0.577 0.558 0.729 0.643 0.092 0.361 0.693 0.145 0.116 0.024 -1.491 -1.535 -1.152 -9.594 -0.169 -0.125 0.086 0.267 0.117 0.143 0.112 -6.579 0.872 2.967 1.425 -0.718 -0.534
-9999.0 -9999.0 -9999.0 -9999.0 -9999.0 -9999.0 -9999.0 -9999.0 -9999.0 -9999.0 -9999.0 -9999.0 -9999.0 -9999.0 -9999.0 -9999.0 -10.832 -2.478 0.027 0.035 -0.002 0.037 0.032 -0.144 -20.34 -21.155 -8.525 -23.635 -6.063 -23.078 -0.017 -8.959 -1.423 -1.454 -1.351 -0.735 0.034 0.07 0.094 0.114 -0.268 -2.363 0.052 -1.192 -2.213 0.047 0.544 0.702 0.02 0.089 0.166 1.256 -1.924 0.153 0.101 -1.452 -0.229 -10.208 -1.381 -0.208 0.077 0.086 0.162 -2.044 -2.861 0.011 1.682 0.952 2.879 1.457 6.307
-9999.0 -9999.0 -9999.0 -9999.0 -9999.0 -9999.0 -9999.0 -9999.0 -9999.0 -9999.0 -9999.0 -9999.0 -9999.0 -9999.0 -9999.0 -1.713 -2.068 -1.503 -9999.0 -0.061 -0.076 0.023 0.05 -0.07 -20.997 -3.218 -22.547 -1.141 -5.833 -17.504 -21.708 -1.227 -1.614 -7.758 -0.892 -5.978 0.055 0.054 0.091 0.053 0.225 0.239 -1.197 -2.846 0.19 -15.972 0.051 0.354 0.114 0.171 0.124 0.079 0.359 -2.872 -3.191 -0.003 0.02 0.005 -0.015 -0.359 0.01 0.103 0.11 0.135 0.084 0.037 0.477 1.824 5.934 1.365 2.11
-9999.0 -9999.0 -9999.0 -9999.0 -9999.0 -9999.0 -9999.0 -9999.0 -9999.0 -9999.0 -9999.0 -9999.0 -9999.0 -9999.0 -9999.0 -9999.0 -9999.0 -9999.0 -9999.0 -0.026 -0.044 -0.061 0.052 0.032 -19.055 -6.976 -5.86 -21.6 -5.145 -21.258 -16.906 -1.01 -1.292 -17.878 -0.254 -4.953 0.007 0.056 0.06 0.062 -4.536 -13.729 -0.425 -0.202 -1.386 -1.308 1.085 0.241 0.092 0.098 0.084 0.139 0.274 -0.25 -2.077 -5.108 -2.396 -2.951 -1.608 0.174 0.025 0.098 0.102 0.123 0.051 0.006 1.106 0.775 19.268 18.734 2.878
-9999.0 -9999.0 -9999.0 -9999.0 -9999.0 -9999.0 -9999.0 -9999.0 -9999.0 -9999.0 -9999.0 -9999.0 -9999.0 -9999.0 -9999.0 -9999.0 -9999.0 -9999.0 -0.069 0.042 0.033 0.011 0.019 0.033 -20.112 -6.091 -0.774 -15.266 -5.646 -20.509 -7.843 -6.212 -4.754 -13.496 -6.276 -0.893 -0.034 -0.022 0.037 0.062 0.053 0.09 -0.11 1.927 -0.347 -5.98 -6.835 1.105 0.293 0.465 -2.413 0.14 0.085 0.089 0.213 0.226 0.121 0.056 0.028 0.885 0.059 0.011 0.104 0.143 0.02 0.016 1.062 0.716 19.183 18.77 14.346
-9999.0 -9999.0 -9999.0 -9999.0 -9999.0 -9999.0 -9999.0 -9999.0 -9999.0 -9999.0 -9999.0 -9999.0 -9999.0 -9999.0 -9999.0 -9999.0 -9999.0 -9999.0 -9999.0 0.024 0.03 0.005 0.011 -22.465 -13.571 -5.431 -13.586 -0.773 -5.167 -6.396 -6.808 -14.06 -13.998 -9.537 -1.104 -1.218 -0.034 0.03 0.01 0.059 0.07 0.058 -0.633 0.298 -0.07 -0.762 0.11 -20.003 0.157 0.536 -2.754 0.204 0.054 0.147 -0.064 0.257 0.131 0.085 0.104 -0.341 0.075 0.069 0.053 0.037 0.059 0.262 0.812 1.87 16.326 18.927 19.33
-9999.0 -9999.0 -9999.0 -9999.0 -9999.0 -9999.0 -9999.0 -9999.0 -9999.0 -9999.0 -9999.0 -9999.0 -9999.0 -9999.0 -9999.0 -9999.0 -9999.0 -9999.0 -0.951 -0.62 -14.865 -9.493 -2.158 -2.194 -14.507 -5.667 -5.349 -17.087 -5.782 -5.42 -9.17 -18.371 -14.15 0.006 -2.726 -2.658 -0.226 0.047 -0.225 -0.171 -0.117 0.243 0.016 0.015 0.035 0.031 0.075 -6.978 -7.62 -4.405 0.032 0.289 -2.106 0.884 0.164 0.14 0.139 0.238 0.101 -0.66 -0.347 0.121 0.156 0.126 0.12 0.68 0.363 1.392 10.695 12.079 18.017
-9999.0 -9999.0 -9999.0 -9999.0 -9999.0 -9999.0 -9999.0 -9999.0 -9999.0 -9999.0 -9999.0 -9999.0 -9999.0 -9999.0 -9999.0 -9999.0 -9999.0 -9999.0 -1.015 -16.91 -19.123 -17.68 -19.368 -0.838 -20.622 -6.11 -5.476 -18.073 -6.155 -0.865 -3.7 -0.408 -16.454 -1.429 -2.014 -2.224 -2.068 0.015 -0.01 -0.029 0.022 0.08 0.014 0.014 0.042 0.031 0.372 0.025 0.084 -19.301 -1.518 0.555 -8.106 -0.199 0.183 0.203 -0.266 0.267 0.167 0.069 -1.79 0.15 0.082 0.047 0.154 0.165 0.512 1.46 11.032 13.512 0.888
-9999.0 -9999.0 -9999.0 -9999.0 -9999.0 -9999.0 -9999.0 -9999.0 -9999.0 -9999.0 -9999.0 -9999.0 -9999.0 -9999.0 -9999.0 -9999.0 -9999.0 -0.859 -0.133 -0.345 -1.7 -5.128 -14.768 -15.61 -14.451 -16.848 -21.626 -17.396 -5.166 -4.231 -21.432 -8.734 -10.809 -1.694 -3.043 -0.714 -2.531 0.04 -0.074 0.02 0.213 -0.798 0.008 0.003 0.021 0.07 0.05 0.023 0.001 0.047 -5.496 -1.405 -4.884 -1.472 0.124 0.051 -4.587 0.15 0.127 0.13 0.194 0.206 0.154 0.056 0.074 0.932 0.165 1.514 11.102 1.63 -20.427
-9999.0 -9999.0 -9999.0 -9999.0 -9999.0 -9999.0 -9999.0 -9999.0 -9999.0 -9999.0 -9999.0 -9999.0 -9999.0 -9999.0 -9999.0 -9999.0 -9999.0 -9999.0 -5.581 -9999.0 -0.846 -0.814 -1.408 -16.252 -16.58 -8.728 -20.907 -0.473 -19.127 -20.907 -16.529 -22.567 -18.413 -8.689 -2.574 -0.795 -2.344 0.068 0.01 -0.189 -4.272 0.066 0.004 0.01 0.008 0.037 0.018 0.014 0.137 0.108 -1.785 -5.14 -17.876 0.145 0.231 0.208 -0.471 0.084 0.087 0.089 0.099 0.774 0.242 0.194 1.602 0.234 0.124 6.461 0.878 1.404 -18.331
-9999.0 -9999.0 -9999.0 -9999.0 -9999.0 -9999.0 -9999.0 -9999.0 -9999.0 -9999.0 -9999.0 -9999.0 -9999.0 -9999.0 -9999.0 -9999.0 -9999.0 -9999.0 -9999.0 -9999.0 -9999.0 -0.927 -0.54 -0.698 -5.549 -1.255 -19.611 -5.962 -5.929 -3.136 -8.4 -4.112 -4.371 -18.451 -2.815 -0.294 -1.666 0.134 -0.123 0.003 -3.674 0.048 0.011 0.013 0.017 0.015 0.041 0.018 0.173 -3.84 -0.101 -5.951 0.557 -5.526 -1.746 -0.057 -1.201 0.05 0.07 0.083 0.11 0.137 0.451 0.927 0.204 0.098 0.174 0.201 1.119 -1.434 -1.703
-9999.0 -9999.0 -9999.0 -9999.0 -9999.0 -9999.0 -9999.0 -9999.0 -9999.0 -9999.0 -9999.0 -9999.0 -9999.0 -9999.0 -9999.0 -9999.0 -9999.0 -9999.0 -9999.0 -9999.0 -9999.0 -9999.0 -9999.0 -0.68 -3.176 -2.348 -4.184 -2.117 -4.27 -4.764 -8.084 -15.096 -1.155 -2.162 -4.953 -22.027 0.274 -6.876 -0.292 0.334 0.042 0.081 0.015 0.045 0.021 0.014 0.025 0.023 -1.09 0.052 0.019 -7.681 0.211 0.3 0.489 -14.043 -7.722 0.084 0.041 0.029 0.07 0.12 0.167 0.621 0.298 0.322 0.58 0.623 0.64 0.593 4.402
-9999.0 -9999.0 -9999.0 -9999.0 -9999.0 -9999.0 -9999.0 -9999.0 -9999.0 -9999.0 -9999.0 -9999.0 -9999.0 -9999.0 -9999.0 -9999.0 -9999.0 -9999.0 -9999.0 -9999.0 -9999.0 -9999.0 -9999.0 -9999.0 0.366 0.602 0.53 0.091 0.065 0.194 -16.03 -18.747 -0.19 0.578 -9.733 0.075 -19.236 -18.814 0.361 -7.157 1.221 2.074 0.135 -0.001 0.248 0.194 -0.596 -0.42 0.12 0.099 0.177 -4.49 0.206 0.06 0.15 0.927 -6.472 -5.706 -1.39 -1.456 -1.336 -0.011 -0.727 -0.326 1.283 1.455 0.516 0.536 0.561 -1.114 5.785
-9999.0 -9999.0 -9999.0 -9999.0 -9999.0 -9999.0 -9999.0 -9999.0 -9999.0 -9999.0 -9999.0 -9999.0 -9999.0 -9999.0 -9999.0 -9999.0 -9999.0 -9999.0 -9999.0 -9999.0 -9999.0 -9999.0 -9999.0 -9999.0 0.142 0.022 0.236 0.176 -2.82 -14.229 0.883 -2.574 -3.901 0.659 -8.538 1.076 -1.902 -5.626 -13.168 -12.291 -7.011 -4.886 0.174 -0.522 0.133 0.141 0.131 0.295 0.057 -1.469 -1.659 0.059 0.047 0.101 0.133 -2.308 0.328 0.293 0.084 0.125 -2.886 -1.438 -1.417 14.024 9.586 0.06 0.447 0.494 0.484 -1.446 3.184
-9999.0 -9999.0 -9999.0 -9999.0 -9999.0 -9999.0 -9999.0 -9999.0 -9999.0 -9999.0 -9999.0 -9999.0 -9999.0 -9999.0 -9999.0 -9999.0 -9999.0 -9999.0 -9999.0 -9999.0 -9999.0 -9999.0 -9999.0 -9999.0 -9999.0 -0.046 0.223 -2.185 -7.62 0.345 0.231 0.224 -6.78 0.947 -4.72 1.032 -2.036 -1.79 2.225 1.609 -0.233 -19.544 -2.573 -9.511 0.009 -0.183 -0.258 0.36 0.096 0.092 0.099 0.025 0.048 0.057 -0.623 0.339 0.136 0.239 0.096 -1.168 0.055 0.209 0.155 0.313 6.203 6.808 0.333 -1.719 -1.501 -1.378 3.305
-9999.0 -9999.0 -9999.0 -9999.0 -9999.0 -9999.0 -9999.0 -9999.0 -9999.0 -9999.0 -9999.0 -9999.0 -9999.0 -9999.0 -9999.0 -9999.0 -9999.0 -9999.0 -9999.0 -9999.0 -9999.0 -9999.0 -9999.0 -9999.0 -9999.0 0.004 0.198 -2.781 0.102 0.188 0.307 0.171 0.259 0.259 0.69 0.415 0.956 -4.079 -4.894 0.662 0.676 2.008 0.124 -24.489 -22.008 0.028 0.289 0.191 0.023 0.046 0.013 0.046 0.057 -4.459 0.073 0.138 0.196 0.328 -0.245 0.155 0.307 0.254 0.232 0.364 0.07 1.326 -16.564 -23.662 18.746 18.806 19.023
-9999.0 -9999.0 -9999.0 -9999.0 -9999.0 -9999.0 -9999.0 -9999.0 -9999.0 -9999.0 -9999.0 -9999.0 -9999.0 -9999.0 -9999.0 -9999.0 -9999.0 -9999.0 -9999.0 -9999.0 -9999.0 -9999.0 -9999.0 -9999.0 -9999.0 -9999.0 0.095 0.102 -9999.0 -9999.0 0.251 0.833 0.414 0.29 0.25 0.208 0.133 -1.645 0.793 1.119 3.074 1.608 1.06 0.926 -2.503 -12.346 -0.716 0.402 0.093 0.022 0.027 0.043 -1.235 -0.859 0.123 0.224 0.147 -0.237 0.122 0.162 0.22 0.257 0.235 -0.143 0.142 1.381 1.04 -1.204 -1.03 3.332 5.961
-9999.0 -9999.0 -9999.0 -9999.0 -9999.0 -9999.0 -9999.0 -9999.0 -9999.0 -9999.0 -9999.0 -9999.0 -9999.0 -9999.0 -9999.0 -9999.0 -9999.0 -9999.0 -9999.0 -9999.0 -9999.0 -9999.0 -9999.0 -9999.0 -9999.0 -9999.0 -9999.0 -9999.0 -9999.0 -9999.0 -2.205 -1.249 -1.334 -0.908 0.265 1.076 2.128 -1.307 -4.739 -0.448 0.731 -0.072 -0.129 0.896 0.711 0.197 -23.843 -24.269 0.08 0.08 0.024 0.048 0.038 0.039 0.286 0.162 0.116 -1.897 0.174 0.162 0.452 0.26 0.564 0.39 0.239 1.41 0.509 -0.204 -0.158 -0.05 -0.201
-9999.0 -9999.0 -9999.0 -9999.0 -9999.0 -9999.0 -9999.0 -9999.0 -9999.0 -9999.0 -9999.0 -9999.0 -9999.0 -9999.0 -9999.0 -9999.0 -9999.0 -9999.0 -9999.0 -9999.0 -9999.0 -9999.0 -9999.0 -9999.0 -9999.0 -9999.0 -9999.0 -9999.0 -9999.0 -0.268 -2.015 -1.448 -4.398 -0.475 0.536 -0.97 0.077 0.055 0.04 -3.617 0.026 0.028 -0.505 -0.358 0.831 -0.561 -2.28 -24.562 -0.377 0.068 0.077 0.023 0.139 0.07 0.063 0.088 0.374 0.196 0.09 0.091 0.11 0.1 -0.241 0.181 0.192 0.556 -0.424 -0.418 -0.266 0.161 0.014
-9999.0 -9999.0 -9999.0 -9999.0 -9999.0 -9999.0 -9999.0 -9999.0 -9999.0 -9999.0 -9999.0 -9999.0 -9999.0 -9999.0 -9999.0 -9999.0 -9999.0 -9999.0 -9999.0 -9999.0 -9999.0 -9999.0 -9999.0 -9999.0 -9999.0 -9999.0 -9999.0 -9999.0 -0.393 -0.261 -0.808 -1.725 -1.517 0.038 0.485 0.277 0.036 0.084 0.063 0.126 0.089 0.119 0.93 1.054 -0.403 0.156 0.299 -4.709 -0.611 -0.412 0.232 0.138 0.052 0.073 0.148 0.028 -2.348 0.088 0.091 0.089 0.068 -0.023 0.117 0.124 0.182 -0.704 -0.261 -0.291 -0.493 0.083 18.404
-9999.0 -9999.0 -9999.0 -9999.0 -9999.0 -9999.0 -9999.0 -9999.0 -9999.0 -9999.0 -9999.0 -9999.0 -9999.0 -9999.0 -9999.0 -9999.0 -9999.0 -9999.0 -9999.0 -9999.0 -9999.0 -9999.0 -9999.0 -9999.0 -9999.0 -9999.0 -9999.0 -9999.0 -0.385 -0.207 -17.793 -5.031 0.189 0.152 -9.106 0.007 0.029 0.038 0.031 0.076 0.062 0.104 2.224 -15.157 -15.683 2.642 -0.749 2.902 -18.908 -22.014 0.03 -0.019 0.097 0.081 0.06 0.124 -5.438 0.101 0.088 0.099 0.395 -0.281 0.064 0.107 -0.881 -0.167 -0.261 -0.297 -8.606 -15.868 -2.434
