static/jobfarm/user_models/minyf/common/HOME-GBHM/输出文件/Output/Grids/runoff20020223.asc
ncols 221
nrows 204
xllcorner -627000.0
yllcorner 3955000.0
cellsize 900.0
NODATA_value -9999.0
[rows 96 to 127 of 204, columns 71 to 141 of 221]
-0.225 2.715 3.105 1.777 0.864 0.093 -0.599 -1.335 -1.46 -1.537 0.136 -0.565 -0.492 0.257 0.215 -0.343 0.977 0.705 0.563 -0.302 -0.271 -0.341 -0.207 -0.344 -0.146 0.336 0.295 0.288 0.253 0.286 0.12 0.675 -0.565 0.536 0.864 -0.435 -0.693 -0.462 -0.05 0.2 -0.77 -0.682 -0.481 -0.715 0.059 -0.295 -0.043 0.047 0.044 0.062 0.052 0.034 0.059 0.033 -0.456 -0.422 -0.12 -0.195 -0.181 -0.154 -0.18 -0.21 -1.439 -0.117 -0.685 -0.209 -0.127 -0.071 -0.275 -0.746 -0.832
-0.426 -0.074 -0.447 0.116 0.08 1.399 0.193 -0.233 -1.061 -0.549 -1.164 -1.674 -0.862 -0.594 0.475 -0.091 0.599 1.477 1.609 0.008 -0.364 -0.477 -0.387 -0.206 -0.182 0.292 0.222 0.885 0.272 -0.313 0.634 0.891 -0.035 -0.328 -0.135 0.853 0.037 -0.058 -0.261 -0.27 -0.459 -0.409 0.111 -0.549 -0.291 -0.54 -0.133 -0.082 0.033 -0.016 0.004 -0.046 -0.02 -0.033 -0.724 -0.258 -0.02 -0.001 -0.17 -0.056 0.163 -0.926 -0.692 0.026 -0.55 -0.119 0.045 -0.243 -0.509 -0.84 -0.445
-0.429 0.032 -0.22 3.434 2.04 -0.445 -0.78 -1.237 -1.083 -0.512 -1.103 -1.529 -0.592 -0.384 0.07 -0.275 0.134 -0.506 1.969 1.542 0.012 -0.654 -0.276 -0.386 -0.22 0.198 0.197 0.205 0.072 0.855 0.101 0.1 -0.702 -0.347 -0.375 -0.292 -0.549 -0.134 -0.357 0.165 -0.243 0.122 0.126 -0.275 -0.61 -0.566 -0.019 -0.301 -0.145 -0.18 -0.183 -0.059 -0.191 -0.223 -0.268 0.066 0.101 0.118 -0.0 0.039 0.01 -0.024 -0.105 -0.071 -0.806 -0.454 -0.581 0.048 -0.56 -0.301 -0.006
1.026 2.063 -0.396 0.085 -0.042 -0.627 -0.719 -0.717 -0.662 0.285 -0.97 -1.088 -0.792 -0.636 -1.037 -0.734 -0.304 0.334 0.118 -0.581 2.301 3.76 2.667 -0.275 0.103 0.076 0.078 0.033 -0.143 0.345 0.179 -0.66 -0.631 -0.666 -0.755 -0.278 -0.664 -0.633 0.222 -0.054 0.092 -0.748 -0.81 -0.804 -0.501 -0.209 -0.137 0.043 0.446 -0.332 -0.225 -0.071 -0.211 -0.228 -0.382 0.016 0.157 -0.027 -0.122 -0.018 0.006 -0.566 -0.303 -0.768 -0.956 -0.079 -0.261 -0.577 -0.206 -0.736 -0.398
-0.158 0.201 -0.011 -0.137 -0.536 0.111 0.841 -0.036 0.072 -0.457 -0.005 -0.814 0.042 -0.419 0.35 -0.629 -0.982 -0.229 -0.066 -0.769 -0.887 -0.478 -0.49 -0.599 -0.179 0.082 -0.154 0.244 0.146 -0.532 -0.05 -0.298 -0.626 -0.69 -0.684 -0.663 -0.617 -0.215 -0.232 -0.218 0.109 -0.649 -0.676 -0.474 -0.209 -0.563 -0.113 -0.156 -0.382 0.037 0.042 -0.241 -0.243 0.199 -0.163 -0.059 0.075 -0.415 0.06 -0.167 -0.157 -0.485 0.174 -0.506 -0.97 -0.204 -0.251 0.048 -0.716 -0.77 -0.327
0.099 0.039 0.259 -0.486 -0.567 0.114 0.36 0.31 -0.441 -0.085 0.262 -0.302 -0.003 0.046 -0.005 0.576 -0.527 -0.852 -0.564 1.477 0.563 0.457 0.382 0.091 0.041 0.088 0.308 0.25 -0.634 0.197 -0.642 -0.645 -0.627 -0.663 -0.675 -0.606 -0.508 -0.669 -0.297 -0.34 -0.396 -0.734 -0.774 -0.341 -0.142 -0.149 -0.036 -0.223 -0.477 -0.075 -0.334 -0.351 -0.347 -0.554 -0.201 -0.015 -0.015 -0.747 -0.152 0.685 -0.182 -0.561 0.083 -0.475 -0.494 -0.453 -0.263 -0.572 0.124 -0.467 -0.388
0.006 0.117 -0.026 0.037 0.037 0.038 0.84 0.846 -0.348 -0.36 0.045 0.055 -0.377 -0.591 -0.598 0.151 0.153 0.17 -0.682 0.079 0.101 0.102 0.101 0.076 0.4 -0.696 -0.553 -0.232 -0.365 -0.503 -0.501 -0.268 -0.413 -0.537 -0.586 -0.637 -0.19 -0.445 0.048 -0.456 -0.51 -0.187 -0.474 -0.176 0.091 0.081 -0.005 -0.011 -0.619 -0.334 -0.387 -0.261 0.147 -0.497 -0.396 -0.076 -0.023 -0.618 -0.344 -0.413 0.163 0.114 -0.71 -0.433 -0.829 -0.951 -0.208 -0.002 -0.011 -0.02 -0.141
-0.016 -0.06 0.069 -0.102 -0.168 0.201 0.196 -0.01 -0.317 -0.295 -0.142 -0.561 0.235 0.25 1.514 0.068 1.243 0.085 -0.72 0.077 0.082 -0.678 -0.654 -0.672 -0.386 -0.726 -0.213 -0.532 -0.564 -0.486 -0.498 0.321 -0.214 -0.506 -0.553 0.574 -0.428 -0.515 -0.011 -0.505 -0.022 -0.297 -0.828 -0.207 -0.133 -0.003 -0.001 0.04 -0.003 -0.095 -0.474 -0.05 -0.135 -0.659 -0.174 0.011 -0.11 -0.851 -0.657 0.147 0.776 0.389 0.636 -0.432 -0.553 -0.338 -0.31 -0.017 -0.029 -0.028 -0.012
-0.084 -0.455 0.194 2.003 1.153 0.211 0.265 0.095 -0.257 -0.298 0.517 0.954 1.666 1.57 0.172 0.168 -0.684 -0.686 -0.692 -0.633 -0.647 -0.633 -0.459 -0.509 -0.59 -0.262 -0.542 -0.568 -0.526 -0.568 -0.086 0.157 0.008 -0.012 -0.072 -0.67 -0.718 -0.171 -0.481 0.007 -0.49 -0.491 -0.518 -0.346 -0.029 -0.121 0.039 -0.007 0.108 -0.133 0.099 -0.562 -0.576 -0.638 0.337 0.208 0.162 0.029 -0.787 -0.219 -0.68 -1.631 -0.594 -0.7 -0.332 -0.282 -0.486 -0.252 -0.178 -0.162 -0.184
-0.015 -0.603 -0.679 0.375 0.242 0.965 0.036 -0.361 -0.122 -0.213 -0.125 0.358 1.366 0.298 0.705 1.468 0.162 -0.609 -0.383 -0.51 -0.5 -0.451 -0.492 -0.344 -0.011 -0.561 -0.6 -0.629 -0.611 -0.328 -0.237 -0.559 -0.557 -0.533 -0.718 -0.718 -0.642 -0.639 0.039 0.008 -0.27 -0.508 -0.846 -0.073 0.069 0.036 0.068 0.051 -0.007 -0.037 -0.053 0.009 0.184 -0.683 -0.677 0.209 0.254 0.18 0.038 -0.848 0.334 -1.638 -0.12 -0.418 -0.324 -0.34 -0.284 -0.174 -0.193 -0.141 -0.162
-0.036 -0.633 -0.674 -0.13 0.19 1.156 0.446 0.296 -0.128 -0.196 0.105 0.751 -0.132 -1.599 -1.628 -1.312 0.069 0.057 0.002 -0.374 0.599 -0.07 -0.042 0.176 -0.54 -0.588 -0.557 -0.762 -0.322 -0.564 -0.508 -0.541 -0.539 -0.703 -0.6 -0.636 -0.51 -0.019 -0.59 -0.695 -0.457 -0.672 -0.305 0.05 0.037 0.059 0.023 0.05 -0.149 -0.287 -0.223 -0.13 -0.082 0.196 0.231 -0.696 0.034 0.212 0.206 0.402 0.341 -0.622 -0.102 -0.517 -0.201 -0.306 -0.352 -0.107 -0.101 -0.115 -0.063
-0.625 -0.375 0.452 0.093 -0.0 -0.365 1.19 -0.102 -0.151 -0.022 1.545 1.006 -1.25 -1.494 -1.275 -1.183 -0.103 -0.201 -0.543 -0.619 -0.732 0.226 -0.464 -0.63 -0.221 -0.458 -0.681 0.005 -0.504 -0.591 -0.582 -0.521 -0.552 -0.577 -0.689 0.096 -0.527 -0.248 -0.545 -0.462 -0.47 -0.56 -0.358 -0.024 0.048 -0.258 0.342 0.174 0.002 -0.09 -0.316 -0.312 0.015 0.161 0.204 0.211 0.19 -0.641 0.187 0.191 0.203 -0.451 0.239 -0.458 1.152 0.129 -0.316 -0.414 0.375 -0.317 0.457
-0.172 0.208 -0.103 -0.184 1.376 0.053 1.015 -0.357 -0.463 -0.481 -0.291 0.779 -1.049 -1.5 -1.602 -1.611 0.023 -0.124 -0.805 -0.003 -0.817 -0.67 0.082 -0.632 -0.702 -0.68 -0.626 -0.93 -0.312 -0.281 -0.738 -0.551 -0.592 -0.522 0.339 -0.6 -0.705 -0.7 -0.588 -0.612 -0.26 -0.578 -0.51 -0.513 -0.038 0.048 -0.024 0.353 0.323 0.081 -0.149 -0.625 -0.213 -0.762 -0.217 0.138 0.216 0.182 -0.687 0.154 0.195 -0.63 -0.247 -0.381 1.253 -0.227 -0.232 -0.788 -0.195 0.623 0.877
1.937 0.043 -0.576 -0.666 -0.355 1.284 1.225 0.538 -0.439 -0.449 -0.364 -0.276 -0.949 -1.079 -1.669 -0.757 -0.429 -0.252 -0.177 -0.516 -0.366 -0.308 -0.237 0.332 -0.772 -0.575 -0.55 -0.642 -0.694 -0.302 0.553 0.201 0.036 -0.368 -0.616 0.059 -0.165 -0.163 -0.28 0.137 -0.327 -0.515 -0.714 -0.435 0.408 0.048 -0.406 0.357 0.334 -0.467 -0.456 -0.654 -0.117 -0.034 -0.168 -0.296 -0.573 0.179 0.195 -0.647 -0.382 -0.007 -0.63 0.195 -0.441 -0.818 -0.527 -0.789 -0.787 -0.597 0.689
1.397 -0.498 -0.669 -0.679 1.349 -0.394 1.167 1.642 0.139 -0.471 -0.22 -0.164 3.485 -0.681 -0.94 0.23 -0.137 0.407 0.035 -0.111 -0.395 -0.357 -0.236 -0.68 -0.729 -0.732 -0.731 -0.632 -0.662 -0.729 0.545 0.821 0.23 -0.804 -0.454 -0.698 -0.691 -0.498 -0.818 -0.364 -0.296 -0.205 -0.002 -0.404 -0.414 0.048 0.348 0.048 0.042 -0.361 -0.146 -0.157 -0.178 -0.294 -0.165 -0.718 -0.605 -0.719 -0.337 0.217 -0.798 -0.275 -0.0 0.124 -0.3 -0.362 -0.505 -0.741 -0.783 0.334 0.978
1.423 -0.439 -0.579 -0.453 -0.394 2.282 -0.309 -0.393 1.344 -0.555 -0.514 -0.046 2.947 5.146 1.085 0.453 0.003 0.09 -0.046 -0.8 -0.354 -0.361 -0.49 -0.46 -0.346 -0.381 -0.41 -0.522 -0.585 -0.693 -0.713 -0.321 0.39 0.415 0.547 -0.427 -0.603 -0.455 -0.242 -0.259 -0.254 -0.303 -0.085 -0.419 -0.413 0.048 -0.434 0.048 -0.426 -0.122 -0.105 -0.065 -0.093 0.048 -0.24 -0.728 -0.682 0.931 -0.452 -0.597 -0.418 -0.515 -0.563 -0.412 -0.33 -0.733 -0.31 -0.787 -0.947 1.006 -0.786
-0.053 1.044 -0.406 -0.309 -0.265 2.274 -0.303 -0.395 0.273 0.217 -0.539 0.028 0.159 1.166 5.834 0.148 0.8 0.174 0.176 -0.861 -0.348 -0.437 -0.426 -0.497 -0.466 -0.536 -0.23 -0.394 -0.395 -0.748 -0.694 -0.737 -0.423 -0.489 -0.373 -0.565 -0.616 -0.262 -0.408 -0.217 -0.159 -0.367 -0.129 -0.125 0.048 0.048 -0.568 -0.008 -0.447 -0.004 -0.015 -0.007 0.047 0.059 -0.198 -0.196 -0.248 -0.38 1.345 -0.702 -0.382 -0.038 -0.194 0.064 -0.299 -0.785 -0.411 -0.795 -0.678 0.388 -0.59
-0.526 -0.128 -0.342 -0.002 -0.393 1.485 -0.499 -0.584 -0.562 0.747 -0.573 -0.652 0.039 1.519 0.577 0.167 0.158 0.168 -0.914 0.027 0.045 -0.632 -0.434 -0.465 -0.464 -0.335 -0.698 -0.303 -0.382 -0.395 0.066 0.851 -0.039 -0.511 -0.423 -0.763 -0.602 -0.357 -0.204 0.892 -0.404 -0.439 -0.328 0.084 0.033 -0.203 0.048 0.037 0.007 -0.239 0.052 -0.197 -0.069 0.048 -0.082 -0.135 -0.124 -0.247 -0.47 0.704 -0.562 -0.408 -0.517 -0.586 -0.389 0.269 -0.662 -0.742 -0.901 1.218 -0.332
-0.792 -0.46 -0.638 0.13 0.056 1.9 -0.238 -0.472 -0.659 0.201 -0.895 -0.702 -0.631 -0.101 -0.461 -1.327 -0.547 0.195 0.394 0.113 -0.608 -0.508 -0.468 -0.138 0.183 0.208 0.168 -0.29 -0.351 0.329 -0.258 -0.437 -0.349 -0.788 -0.831 -0.807 -0.645 0.563 -0.476 0.048 -0.368 -0.465 -0.463 -0.185 0.115 -0.003 -0.319 -0.213 -0.042 0.185 0.048 -0.129 -0.173 0.039 -0.081 -0.229 -0.734 -0.135 -0.115 0.117 -0.532 -0.773 -0.588 -0.041 -0.386 -0.275 0.155 -0.782 -0.863 -0.019 -0.588
-0.821 -0.597 -0.438 -0.965 -1.648 1.034 -0.307 -0.734 -0.717 1.593 -0.268 -0.366 -0.369 -0.794 -0.802 -1.011 2.277 0.358 -0.947 0.115 0.099 0.109 -0.038 -0.376 -0.498 -0.427 -0.476 0.214 -0.071 -0.467 2.556 -0.335 -0.285 -0.399 -0.41 -0.577 -0.223 -0.476 -0.465 -0.247 -0.398 -0.469 -0.465 -0.678 0.138 0.052 -0.314 0.126 0.102 0.193 0.266 -0.537 -0.401 -0.502 0.048 0.05 -0.708 -0.788 -0.659 -0.573 -1.41 -0.813 -0.448 -0.452 -0.704 0.042 -0.495 -0.892 -0.871 -0.566 -0.432
-0.501 -1.068 -1.04 -0.999 -1.325 0.299 -0.699 -0.622 -0.622 1.774 0.015 -0.558 -0.394 -0.038 -0.398 2.398 3.453 0.078 0.638 -0.562 -0.655 0.11 -0.474 -0.502 -0.438 -0.479 -0.487 -0.303 -0.492 -0.247 1.605 -0.464 -0.388 -0.439 -0.47 -0.767 -0.112 -0.393 0.048 -0.119 0.048 -0.519 -0.431 -0.669 -0.645 0.176 -0.255 -0.197 0.242 0.275 0.252 0.011 0.037 0.05 -0.089 -0.419 0.026 0.002 -0.454 -0.552 -1.371 -1.331 -0.942 -0.751 -0.715 -0.777 -0.249 0.074 -0.513 -0.791 -0.957
-0.436 -1.468 -1.566 -1.572 -1.594 -1.625 -0.872 -0.883 -0.949 0.098 -0.385 -0.343 -0.447 -0.789 -0.502 0.878 0.15 -0.083 0.698 -0.346 -0.611 -0.29 0.188 -0.216 -0.416 -0.444 0.307 -0.025 -0.295 -0.149 1.405 -0.475 -0.456 -0.169 -0.467 -0.385 -0.107 -0.463 -0.21 0.048 0.051 0.048 -0.427 -0.527 -0.599 -0.395 -0.314 -0.194 -0.624 0.048 0.251 -0.595 -0.643 -0.024 -0.01 -0.206 -0.658 -0.467 -0.697 -1.185 -0.643 -0.749 -0.919 -0.757 -0.714 -0.836 -0.763 -0.817 -0.545 -0.958 -0.798
-0.305 -0.972 -1.003 -1.171 -1.413 -0.629 -0.944 -0.883 -0.901 -0.403 -0.787 -0.709 -0.742 -0.395 -0.602 0.172 0.172 0.155 0.83 -0.89 0.053 -0.52 -0.68 -0.591 -0.533 -0.33 -0.018 2.126 -0.252 0.159 0.76 2.384 1.254 1.442 -0.498 -0.387 0.029 -0.443 -0.429 0.129 0.047 0.1 -0.278 -0.515 -0.733 0.926 0.928 -0.645 -0.157 -0.066 0.244 -0.709 -0.66 0.432 -0.511 0.87 -0.404 -0.638 -1.214 -0.413 -0.444 -0.704 -0.514 -0.827 -0.795 -0.608 -0.341 -0.692 -0.882 -0.302 0.167
-0.248 -0.386 -0.612 -0.601 -0.703 -0.785 -0.752 -0.907 -1.222 -1.706 -0.887 -0.834 -0.734 -0.287 -0.461 0.167 0.156 0.166 -0.405 -0.356 -0.005 0.199 0.298 -0.524 -0.168 2.409 2.16 -0.303 -0.265 0.338 3.608 -0.154 -0.562 -0.298 -0.475 -0.34 -0.057 0.048 0.048 -0.385 0.048 -0.649 -0.449 -0.602 -0.668 0.367 0.933 -0.662 -0.002 -0.465 0.264 -0.504 -0.657 -0.666 0.9 -0.309 -0.64 -1.103 -0.398 -0.493 0.4 -0.534 -0.519 -0.526 -0.371 -0.551 -0.655 -0.567 -0.698 -0.594 -0.146
-0.742 -0.64 -0.582 -0.109 -0.569 -0.874 -0.729 -0.191 -1.117 -1.629 0.138 -0.291 -0.169 -0.348 -0.233 0.161 0.16 0.166 -0.36 -0.416 -0.478 -0.084 -0.313 -0.574 -0.155 2.211 0.425 0.343 0.086 0.645 3.024 -0.265 -0.675 -0.688 -0.69 -0.716 -0.474 -0.409 -0.652 0.048 0.047 -0.509 -0.141 -0.258 -0.436 0.082 0.081 -0.656 -0.039 -0.66 -0.721 -0.705 -0.668 -0.231 -0.118 -0.645 -0.686 -0.273 -0.489 -0.595 0.396 0.137 -0.993 -0.651 -0.985 -0.69 -0.66 -0.693 -0.231 -0.739 -0.46
-0.521 -0.081 -0.631 -0.57 -0.747 -0.876 -0.712 -0.61 -0.877 -1.04 0.194 0.068 -1.259 -0.766 0.17 0.172 0.33 0.071 -0.205 0.752 1.65 -0.166 -0.406 -0.681 -0.202 0.662 1.186 0.665 0.51 0.728 2.43 -0.395 -0.282 -0.424 -0.554 -0.661 -0.448 -0.117 0.108 -0.642 0.068 -0.543 -0.791 -0.243 -0.543 0.107 -0.271 -0.654 0.048 -0.424 -0.759 -0.847 -0.76 -0.25 0.17 -0.701 -0.572 -0.134 -0.582 -0.583 0.457 -0.186 -0.086 1.193 -0.989 -0.367 0.676 -0.695 -0.419 -0.204 -0.674
-0.874 -0.703 -0.956 -0.16 -0.583 -0.87 -0.743 -0.654 -0.573 -0.712 -0.42 -0.707 -1.037 0.173 0.006 0.169 0.009 -0.009 0.009 0.937 -0.357 -0.219 -0.849 -0.818 -0.114 0.121 0.394 0.183 0.849 0.832 4.11 -0.451 -0.353 -0.409 -0.346 -0.555 -0.316 -0.229 -0.374 0.009 -0.626 -0.461 -0.51 -0.725 -0.598 0.086 0.051 0.106 0.072 -0.479 -0.833 -0.785 -0.851 -0.779 -0.096 -0.763 -0.17 -0.444 -0.694 -0.36 -0.384 -0.239 1.126 -0.782 -0.665 -0.666 0.529 -0.766 -0.366 -0.215 -0.392
-0.796 -0.782 -0.788 -0.299 -0.579 -0.88 -0.626 0.108 -0.689 -0.818 -0.609 0.451 -0.852 -0.187 -0.448 -0.386 0.556 0.905 0.192 1.574 0.962 -0.662 -0.803 -0.825 -0.321 -0.079 0.013 1.264 0.041 0.136 1.89 -0.52 0.799 0.462 -0.359 -0.366 0.503 -0.053 -0.271 -0.459 -0.632 -0.645 0.961 1.001 0.218 0.107 0.009 -0.71 0.076 -0.831 -0.837 -0.869 -0.46 -0.161 -0.543 -0.956 -1.216 -0.317 -0.977 -1.582 -0.618 -0.617 0.145 -0.611 -0.579 -0.637 -0.611 -0.879 -0.089 -0.372 -0.241
-0.678 -0.707 0.199 -0.815 -0.92 -0.882 -0.585 -0.759 -0.911 -0.563 -0.407 -0.456 -0.406 0.337 -0.345 -0.924 -0.709 -0.728 0.316 -0.17 0.459 -0.698 -0.716 -0.804 -0.815 -0.023 0.066 -0.299 -0.121 -0.169 1.315 -0.41 1.648 -0.729 -0.19 1.871 -0.72 0.124 -0.567 -0.601 -0.742 -0.633 -0.366 0.93 -0.665 0.14 -0.11 -0.841 0.335 -0.962 -0.016 -0.456 -0.379 -0.662 -0.558 -0.745 -1.076 -0.27 -1.071 -1.139 -0.359 -0.422 -0.366 -0.315 -0.533 -0.667 -0.597 0.022 0.038 -0.238 -0.433
0.25 0.226 -0.42 -0.838 -0.797 -0.505 -0.595 -0.672 -0.5 0.264 -0.92 0.407 -0.657 -0.89 0.263 -0.868 -0.678 -0.467 0.236 0.922 -0.566 -0.575 -0.765 -0.722 -0.584 -0.426 -0.294 -0.001 -0.002 -0.858 0.774 0.865 0.175 -0.508 2.599 -0.452 -0.809 0.208 0.056 -0.511 -0.61 -0.448 -0.471 -0.208 -0.685 -0.338 -0.874 -0.045 -0.828 -0.562 -0.937 -0.668 -0.363 -0.685 -0.316 -0.854 -0.36 -0.286 0.582 0.26 0.44 -0.313 -0.728 -0.237 1.068 -0.748 -0.43 -0.19 0.069 0.04 -0.009
-0.041 -0.179 -0.745 -0.836 -0.923 -0.863 -0.611 -0.063 -0.166 -0.487 0.49 -0.442 -0.599 -0.198 -0.949 -0.217 -0.23 -0.761 -0.074 -0.779 -0.193 0.232 0.412 0.74 0.787 1.266 0.593 0.151 -0.812 0.765 0.566 0.759 -0.223 1.256 0.16 -0.468 -0.342 -0.511 1.082 -0.441 -0.749 -0.564 -0.921 -0.696 -0.622 -0.696 -0.993 -0.723 -0.685 0.128 -0.546 -0.342 -0.599 -0.218 -0.868 -0.86 -0.085 0.062 -1.435 -0.615 -1.038 -0.796 -0.769 -0.053 -0.366 -0.769 -0.28 -0.076 0.047 0.253 -0.093
-0.5 -0.226 0.897 -0.686 -0.924 -0.549 -0.742 0.76 0.567 0.783 -0.4 0.301 -0.693 -0.645 -0.664 -0.723 -0.733 0.039 -0.6 -0.866 -0.972 -0.488 -0.234 0.237 0.451 0.455 0.96 1.215 1.263 1.275 0.346 -0.877 -0.609 1.185 -0.02 -0.094 0.015 -0.424 0.131 -0.511 -0.624 -0.739 -0.559 -0.782 -0.19 -0.867 -0.201 -0.053 -0.009 -0.446 -0.788 -0.029 -0.446 -0.561 -0.926 -0.331 -0.024 0.063 -0.336 -0.16 -0.483 -0.771 -1.221 -0.586 -0.642 -0.755 -0.316 -0.113 -0.046 0.135 0.326
