static/jobfarm/user_models/minyf/common/HOME-GBHM/输出文件/Output/Grids/runoff20020225.asc
ncols 221
nrows 204
xllcorner -627000.0
yllcorner 3955000.0
cellsize 900.0
NODATA_value -9999.0
[rows 32 to 63 of 204, columns 0 to 71 of 221]
-9999.0 -9999.0 -9999.0 -9999.0 -9999.0 -9999.0 -9999.0 -9999.0 -9999.0 -9999.0 -9999.0 -9999.0 -9999.0 -9999.0 -9999.0 -9999.0 -9999.0 -9999.0 -9999.0 -9999.0 -9999.0 -9999.0 -9999.0 -9999.0 -9999.0 -9999.0 -9999.0 -9999.0 -9999.0 -9999.0 -9999.0 -9999.0 -9999.0 -9999.0 -0.127 -0.081 0.02 0.021 0.025 0.025 0.021 0.023 -0.006 0.08 -0.019 -0.287 0.255 -0.19 0.366 -0.0 -0.057 -0.033 0.012 -0.05 0.023 0.094 0.007 0.013 0.655 0.046 0.811 0.021 0.086 0.03 -0.057 0.123 -0.06 -0.096 0.02 0.063 0.183 -0.103
-9999.0 -9999.0 -9999.0 -9999.0 -9999.0 -9999.0 -9999.0 -9999.0 -9999.0 -9999.0 -9999.0 -9999.0 -9999.0 -9999.0 -9999.0 -9999.0 -9999.0 -9999.0 -9999.0 -9999.0 -9999.0 -9999.0 -9999.0 -9999.0 -9999.0 -9999.0 -9999.0 -9999.0 -9999.0 -9999.0 -9999.0 -9999.0 -9999.0 -9999.0 -0.028 0.003 -0.043 -0.07 -0.036 -0.031 -0.032 0.017 -0.001 -0.149 -0.263 -0.081 0.844 -0.023 -0.274 0.451 -0.016 -0.05 -0.12 -0.039 0.007 -0.161 0.006 0.021 0.016 0.622 0.942 0.778 0.118 0.103 -0.052 0.038 -0.12 0.02 -0.161 -0.231 -0.102 -0.184
-9999.0 -9999.0 -9999.0 -9999.0 -9999.0 -9999.0 -9999.0 -9999.0 -9999.0 -9999.0 -9999.0 -9999.0 -9999.0 -9999.0 -9999.0 -9999.0 -9999.0 -9999.0 -9999.0 -9999.0 -9999.0 -9999.0 -9999.0 -9999.0 -9999.0 -9999.0 -9999.0 -9999.0 -9999.0 -9999.0 -9999.0 -9999.0 -9999.0 -0.166 -0.038 -0.046 -0.036 -0.071 -0.016 -0.092 0.021 0.102 0.003 -0.008 -0.125 -0.028 0.839 0.328 -0.318 -0.233 0.656 -0.033 -0.05 0.09 0.01 -0.033 -0.093 -0.089 -0.089 0.649 0.843 0.232 0.365 0.756 0.687 0.776 0.775 -0.121 -0.167 0.016 -0.067 0.024
-9999.0 -9999.0 -9999.0 -9999.0 -9999.0 -9999.0 -9999.0 -9999.0 -9999.0 -9999.0 -9999.0 -9999.0 -9999.0 -9999.0 -9999.0 -9999.0 -9999.0 -9999.0 -9999.0 -9999.0 -9999.0 -9999.0 -9999.0 -9999.0 -9999.0 -9999.0 -9999.0 -9999.0 -9999.0 -9999.0 -9999.0 -9999.0 -9999.0 -0.072 -0.062 -0.05 -0.052 -0.003 -0.002 0.2 0.065 0.009 -0.588 -0.067 -0.437 -0.047 -0.181 -0.021 0.596 -0.396 0.814 0.146 0.071 0.147 0.479 0.445 -0.53 -0.079 -0.089 -0.089 0.287 0.884 -0.036 0.756 0.584 0.489 0.814 -0.122 0.017 0.182 -0.145 -0.156
-9999.0 -9999.0 -9999.0 -9999.0 -9999.0 -9999.0 -9999.0 -9999.0 -9999.0 -9999.0 -9999.0 -9999.0 -9999.0 -9999.0 -9999.0 -9999.0 -9999.0 -9999.0 -9999.0 -9999.0 -9999.0 -9999.0 -9999.0 -9999.0 -9999.0 -9999.0 -9999.0 -9999.0 -9999.0 -9999.0 -9999.0 -9999.0 -9999.0 -9999.0 -0.073 -0.043 -0.003 -0.003 0.0 0.0 0.005 -0.058 -0.041 -0.768 0.132 -0.053 -0.392 -0.22 0.378 0.02 0.017 0.187 0.022 0.354 -0.199 -0.099 -0.5 -0.302 -0.025 -0.024 1.166 0.17 0.24 0.953 0.84 0.941 0.948 1.21 1.5 0.492 -0.114 0.01
-9999.0 -9999.0 -9999.0 -9999.0 -9999.0 -9999.0 -9999.0 -9999.0 -9999.0 -9999.0 -9999.0 -9999.0 -9999.0 -9999.0 -9999.0 -9999.0 -9999.0 -9999.0 -9999.0 -9999.0 -9999.0 -9999.0 -9999.0 -9999.0 -9999.0 -9999.0 -9999.0 -9999.0 -9999.0 -9999.0 -9999.0 -9999.0 -9999.0 -9999.0 -9999.0 -0.04 -0.153 -0.069 0.0 -0.123 -1.248 0.002 -0.681 0.105 -0.07 -0.132 0.037 0.034 0.026 0.032 -0.054 -0.048 -0.001 0.089 0.083 -0.064 -0.049 -0.033 -0.028 0.088 0.554 0.169 0.761 0.38 1.125 0.502 0.38 0.021 0.885 0.517 0.505 0.439
-9999.0 -9999.0 -9999.0 -9999.0 -9999.0 -9999.0 -9999.0 -9999.0 -9999.0 -9999.0 -9999.0 -9999.0 -9999.0 -9999.0 -9999.0 -9999.0 -9999.0 -9999.0 -9999.0 -9999.0 -9999.0 -9999.0 -9999.0 -9999.0 -9999.0 -9999.0 -9999.0 -9999.0 -9999.0 -9999.0 -9999.0 -9999.0 -9999.0 -9999.0 -9999.0 0.005 -0.088 0.0 0.009 -0.004 -0.084 -0.022 -0.087 0.1 -0.045 0.028 0.085 0.119 0.128 -0.018 -0.021 -0.004 -0.004 0.066 0.063 0.09 0.093 -0.03 -0.024 1.168 0.25 0.294 0.521 -0.016 0.491 0.121 0.026 0.081 0.014 0.373 -0.051 0.719
-9999.0 -9999.0 -9999.0 -9999.0 -9999.0 -9999.0 -9999.0 -9999.0 -9999.0 -9999.0 -9999.0 -9999.0 -9999.0 -9999.0 -9999.0 -9999.0 -9999.0 -9999.0 -9999.0 -9999.0 -9999.0 -9999.0 -9999.0 -9999.0 -9999.0 -9999.0 -9999.0 -9999.0 -9999.0 -9999.0 -9999.0 -9999.0 -9999.0 -9999.0 -9999.0 -0.265 -0.092 -0.405 -0.178 -0.075 0.038 0.023 0.097 -0.023 -0.009 0.114 0.083 0.13 0.023 0.428 0.087 -0.092 0.067 0.059 0.097 -0.231 0.085 0.104 0.03 0.669 0.029 0.579 0.721 0.066 0.109 0.171 0.033 0.133 -0.0 -0.145 0.263 0.053
-9999.0 -9999.0 -9999.0 -9999.0 -9999.0 -9999.0 -9999.0 -9999.0 -9999.0 -9999.0 -9999.0 -9999.0 -9999.0 -9999.0 -9999.0 -9999.0 -9999.0 -9999.0 -9999.0 -9999.0 -9999.0 -9999.0 -9999.0 -9999.0 -9999.0 -9999.0 -9999.0 -9999.0 -9999.0 -9999.0 -9999.0 -9999.0 -9999.0 -9999.0 -0.17 -0.21 0.081 0.017 0.016 -0.261 -0.292 -0.179 0.531 0.785 0.316 0.315 0.669 0.14 0.195 -0.114 0.513 0.069 0.124 0.08 0.092 0.114 0.356 0.107 0.03 0.966 0.035 0.116 0.074 0.094 0.226 0.246 0.189 0.161 -0.027 0.18 0.216 0.243
-9999.0 -9999.0 -9999.0 -9999.0 -9999.0 -9999.0 -9999.0 -9999.0 -9999.0 -9999.0 -9999.0 -9999.0 -9999.0 -9999.0 -9999.0 -9999.0 -9999.0 -9999.0 -9999.0 -9999.0 -9999.0 -9999.0 -9999.0 -9999.0 -9999.0 -9999.0 -9999.0 -9999.0 -9999.0 -9999.0 -9999.0 -9999.0 -9999.0 -9999.0 -9999.0 -0.012 0.24 0.505 0.625 0.029 0.03 0.024 -0.029 0.035 0.626 0.922 0.648 0.235 0.342 1.091 0.747 0.148 0.015 0.012 0.09 0.362 0.602 0.212 0.512 0.998 0.356 0.161 0.158 0.157 0.371 1.01 -0.06 0.209 0.116 0.15 0.138 0.668
-9999.0 -9999.0 -9999.0 -9999.0 -9999.0 -9999.0 -9999.0 -9999.0 -9999.0 -9999.0 -9999.0 -9999.0 -9999.0 -9999.0 -9999.0 -9999.0 -9999.0 -9999.0 -9999.0 -9999.0 -9999.0 -9999.0 -9999.0 -9999.0 -9999.0 -9999.0 -9999.0 -9999.0 -9999.0 -9999.0 -9999.0 -9999.0 -9999.0 -9999.0 -9999.0 -0.104 0.198 0.025 0.479 0.62 0.533 0.774 1.537 0.028 0.771 0.86 0.604 1.169 0.434 0.326 0.994 0.032 0.188 0.293 0.269 0.219 0.912 0.304 0.846 0.501 11.174 0.502 0.307 0.413 0.227 0.42 0.038 0.149 -0.066 0.078 0.141 0.223
-9999.0 -9999.0 -9999.0 -9999.0 -9999.0 -9999.0 -9999.0 -9999.0 -9999.0 -9999.0 -9999.0 -9999.0 -9999.0 -9999.0 -9999.0 -9999.0 -9999.0 -9999.0 -9999.0 -9999.0 -9999.0 -0.002 -9999.0 -9999.0 -9999.0 -9999.0 -9999.0 -9999.0 -9999.0 -9999.0 -9999.0 -9999.0 -9999.0 -9999.0 -0.031 -0.05 0.055 0.045 0.063 -0.07 0.034 0.85 0.027 0.697 0.027 0.025 0.026 0.025 0.342 0.307 0.269 0.395 0.307 0.522 0.531 0.423 0.875 0.596 0.488 0.892 0.688 0.628 0.661 0.459 0.093 0.269 -0.062 0.201 -0.004 -0.018 0.017 0.118
-9999.0 -9999.0 -9999.0 -9999.0 -9999.0 -9999.0 -9999.0 -9999.0 -9999.0 -9999.0 -9999.0 -9999.0 -9999.0 -9999.0 -9999.0 -9999.0 -0.225 -0.631 -0.002 0.024 -0.002 -0.002 -0.002 -0.002 0.074 0.036 0.079 -9999.0 -9999.0 -9999.0 -9999.0 -9999.0 -9999.0 -9999.0 -0.028 -0.016 0.01 0.028 -0.041 0.023 0.028 0.024 0.034 0.035 -0.029 0.021 0.175 0.263 0.342 0.297 0.257 0.685 0.439 0.678 0.3 0.829 0.482 0.615 0.151 0.341 0.78 0.612 0.225 0.184 0.104 0.256 0.038 -0.292 0.134 0.102 -0.158 -0.046
-9999.0 -9999.0 -9999.0 -9999.0 -9999.0 -9999.0 -9999.0 -9999.0 -9999.0 -9999.0 -9999.0 -9999.0 -9999.0 -9999.0 0.032 0.008 -0.705 0.041 0.019 0.212 0.034 0.005 -0.002 -0.002 -0.107 0.042 0.121 0.112 -9999.0 -9999.0 -9999.0 -9999.0 -0.118 -0.069 -0.02 -0.015 0.027 0.047 0.055 0.088 0.023 0.069 0.027 0.025 0.027 0.028 0.03 0.786 0.785 0.836 0.589 0.237 0.218 0.234 0.185 0.09 0.596 0.373 0.061 0.465 0.206 0.157 0.35 0.483 0.24 -0.166 0.046 -0.01 0.731 1.104 0.237 -0.02
-9999.0 -9999.0 -9999.0 -9999.0 -9999.0 -9999.0 -9999.0 -9999.0 -9999.0 -9999.0 -9999.0 -9999.0 -9999.0 -9999.0 -0.173 -0.789 -0.733 0.378 0.364 0.145 0.122 -0.002 0.051 -0.002 0.348 -0.024 -0.044 0.018 0.025 0.024 -0.004 -0.031 -0.062 -0.046 -0.015 -0.015 0.074 0.075 0.043 -0.179 -0.177 0.05 0.246 -0.039 -0.891 0.023 0.022 0.025 0.354 0.296 0.245 0.237 0.194 0.11 0.285 0.064 0.637 0.15 0.037 1.107 0.277 0.505 0.387 0.129 0.239 0.485 1.433 1.565 0.029 0.281 0.536 0.028
-9999.0 -9999.0 -9999.0 -9999.0 -9999.0 -9999.0 -9999.0 -9999.0 -9999.0 -9999.0 -9999.0 -9999.0 0.039 0.047 -0.581 -0.052 -0.663 -0.554 0.698 -0.223 -0.005 0.041 0.094 0.18 0.094 0.019 0.014 0.019 0.021 0.031 -0.007 -0.015 -0.031 1.704 -0.032 -0.016 0.038 2.191 0.349 -0.181 -0.18 -0.108 -0.16 -0.151 -0.101 -0.107 -0.098 0.031 0.465 0.33 0.269 0.222 0.239 0.568 0.13 0.129 0.067 0.252 0.182 0.157 0.098 0.426 0.521 0.491 0.206 0.221 0.035 0.022 0.029 0.251 0.591 0.016
-9999.0 -9999.0 -9999.0 -9999.0 -9999.0 -9999.0 -9999.0 -9999.0 -9999.0 -9999.0 -9999.0 -9999.0 -9999.0 -0.037 -0.056 -0.072 -0.157 -0.169 -0.243 -0.126 -1.012 -0.941 0.036 -0.053 0.186 0.141 0.093 0.129 0.211 0.028 -0.067 0.143 0.931 3.329 0.379 0.216 0.871 0.916 0.619 -0.395 -0.219 0.005 -0.472 -0.492 -0.01 -0.514 -0.518 0.383 0.026 0.03 0.21 0.251 0.228 0.225 0.274 0.105 0.04 0.13 0.048 0.147 0.271 0.45 0.294 0.666 0.023 0.319 -0.003 -0.003 -0.001 -0.011 -0.009 -0.003
-9999.0 -9999.0 -9999.0 -9999.0 -9999.0 -9999.0 -9999.0 -9999.0 -9999.0 -9999.0 -9999.0 -9999.0 -9999.0 -0.014 -0.014 -0.113 -0.165 -0.173 -0.036 -0.327 -0.474 -0.573 -1.156 -0.911 -0.4 1.038 0.567 0.145 0.355 1.353 0.755 0.794 0.977 3.525 1.094 0.262 1.186 0.528 -0.303 -0.354 -0.219 -0.008 -0.512 -0.038 -0.217 -0.49 -0.618 0.417 0.956 0.034 0.525 0.404 0.46 0.001 52.21 0.035 0.067 0.082 0.084 0.161 0.29 0.134 0.106 0.018 0.025 0.469 -0.007 -0.0 -0.004 0.008 0.002 0.002
-9999.0 -9999.0 -9999.0 -9999.0 -9999.0 -9999.0 -9999.0 -9999.0 -9999.0 -9999.0 -9999.0 -9999.0 -9999.0 -0.068 0.131 0.083 -0.017 0.122 -0.593 -0.603 -0.505 -1.19 -1.181 -0.569 -0.867 0.563 0.548 0.899 0.905 0.48 0.513 0.694 1.167 3.278 1.248 0.773 0.045 -0.275 0.198 -0.414 -0.335 -0.15 -0.505 -0.194 -0.511 -0.571 -0.431 0.353 0.498 0.189 0.201 0.404 0.26 0.0 28.62 0.0 0.025 0.164 0.383 0.112 0.066 0.877 0.034 0.036 0.024 0.483 -0.007 -0.01 -0.006 0.001 0.001 0.006
-9999.0 -9999.0 -9999.0 -9999.0 -9999.0 -9999.0 -9999.0 -9999.0 -9999.0 -9999.0 -9999.0 -9999.0 -9999.0 -0.05 0.069 1.289 2.608 -0.093 -0.277 -0.857 -0.936 -1.208 -1.476 -0.957 0.032 0.217 0.092 0.105 0.035 1.971 2.517 1.345 1.043 1.919 -0.026 -0.163 -0.183 -0.183 0.05 -0.453 -0.459 -0.495 -0.507 -0.539 -0.718 0.18 0.117 -0.619 0.073 0.329 0.165 0.191 17.934 33.304 80.887 128.789 0.549 0.644 1.111 1.732 0.03 3.904 0.036 0.036 0.784 1.606 0.002 -0.004 -0.003 0.002 0.022 0.004
-9999.0 -9999.0 -9999.0 -9999.0 -9999.0 -9999.0 -9999.0 -9999.0 -9999.0 -9999.0 -9999.0 -9999.0 -0.014 -0.131 0.021 -0.128 0.014 0.001 -0.073 -0.054 -0.417 -0.187 -1.152 -0.686 -0.449 0.162 0.091 0.22 0.248 0.702 0.508 1.166 2.033 1.535 -0.008 -0.473 -0.013 -0.353 -0.065 -0.546 -0.686 -0.661 -0.742 -0.633 -0.718 0.034 0.037 0.049 0.096 0.132 0.147 0.086 0.078 0.216 0.577 1.043 2.05 2.124 1.829 2.419 0.037 4.015 0.971 1.325 1.135 0.038 0.04 0.005 0.029 0.004 0.004 0.001
-9999.0 -9999.0 -9999.0 -9999.0 -9999.0 -9999.0 -9999.0 -9999.0 -9999.0 -0.0 -0.095 0.057 -0.02 -0.094 -0.036 -0.038 -0.156 0.06 1.111 -0.077 -0.263 -0.958 -1.38 -0.545 0.137 0.096 0.03 -0.108 0.105 0.113 0.661 2.328 0.224 -0.028 -0.152 0.302 0.098 -0.127 -0.587 -0.623 -0.988 -1.321 -1.477 -1.378 0.05 0.042 0.058 0.064 0.362 0.026 0.049 0.024 0.356 0.126 0.338 1.035 0.569 0.384 0.041 2.047 1.159 2.229 0.741 0.731 0.752 1.508 0.158 -0.015 -0.008 -0.314 0.005 0.014
-9999.0 -9999.0 -9999.0 -9999.0 -9999.0 -9999.0 -9999.0 -9999.0 -9999.0 -0.032 -0.039 0.341 0.026 0.212 0.159 0.21 0.35 -0.019 1.29 0.348 -0.544 -0.295 -0.596 0.226 -0.118 0.102 0.053 0.044 0.016 -0.007 2.545 0.302 0.027 -0.125 -0.217 -0.211 -0.133 -0.231 -0.515 -0.977 -1.487 -1.475 -1.499 -0.904 -1.257 0.03 0.033 0.062 0.109 0.136 0.097 0.191 0.125 1.336 1.591 1.249 -0.034 0.156 0.028 1.41 0.879 0.749 1.874 0.466 0.837 0.217 1.265 -0.223 0.68 -1.072 -0.649 -0.649
-9999.0 -9999.0 -9999.0 -9999.0 -9999.0 -9999.0 -9999.0 -9999.0 -9999.0 -0.055 0.032 -0.02 0.26 0.01 0.888 0.362 1.584 4.671 2.949 0.033 -1.124 -0.036 0.06 0.04 -0.03 0.092 0.179 0.235 0.219 0.423 0.233 0.025 -0.017 -0.075 -0.614 -0.093 -0.358 -0.175 -0.482 -1.044 -0.718 -0.956 -0.656 -1.244 -0.911 0.021 0.019 0.051 -0.491 0.025 0.064 1.3 1.369 1.768 0.218 0.241 -0.134 0.042 0.035 0.893 0.796 0.738 0.81 0.603 0.412 0.417 0.619 0.684 0.31 -1.056 -1.008 -0.815
-9999.0 -9999.0 -9999.0 -9999.0 -9999.0 -9999.0 -9999.0 -9999.0 -9999.0 0.034 -0.041 0.026 0.776 -0.006 0.786 0.526 0.779 1.314 1.284 0.827 0.655 -0.32 -0.034 0.383 -0.088 0.012 0.014 0.012 0.024 0.378 0.239 0.022 0.036 0.027 -0.092 -0.089 -0.602 -0.11 -0.955 -0.585 -0.7 -0.092 -1.048 -1.015 -1.056 -1.058 0.027 -0.174 -0.315 0.03 0.034 1.432 1.503 -0.078 -0.134 0.023 0.235 0.047 0.456 0.54 0.509 0.609 0.784 0.469 0.333 0.363 0.723 0.293 0.262 -1.027 -0.966 -0.724
-9999.0 -9999.0 -9999.0 -9999.0 -9999.0 -9999.0 -9999.0 -9999.0 -9999.0 -0.037 -0.066 0.034 0.928 0.916 0.624 0.034 0.041 0.794 1.018 0.309 1.19 1.203 1.381 0.359 -0.085 0.025 0.032 0.015 0.016 0.4 0.694 0.031 0.047 0.011 -0.098 -0.095 -0.388 -0.592 -0.483 -1.215 -1.015 -0.987 -1.257 -1.237 -1.039 -1.25 -1.07 -1.286 -0.716 -0.563 0.111 0.162 1.278 0.106 0.042 -0.003 -0.003 0.069 1.299 0.275 0.386 1.347 1.386 0.258 0.383 1.05 0.055 0.217 -1.029 -1.028 -0.571 -0.608
-9999.0 -9999.0 -9999.0 -9999.0 -9999.0 -9999.0 -9999.0 -9999.0 -0.029 -0.002 -0.044 0.07 0.713 0.364 0.407 0.671 0.561 0.469 0.984 0.658 0.907 0.72 1.332 0.252 0.04 -0.105 -0.111 0.018 0.011 0.011 0.013 0.012 0.01 0.012 -0.091 -0.088 -0.428 -0.619 -0.667 -0.429 -1.179 -1.223 -1.057 -0.974 -1.417 0.026 0.028 -0.293 0.105 -0.324 0.082 0.113 1.64 1.288 -0.224 -0.003 0.008 0.204 0.441 1.784 1.56 0.297 0.079 0.546 0.61 0.456 0.264 -1.404 -1.029 -1.456 -0.512 -0.932
-9999.0 -9999.0 -9999.0 -9999.0 -9999.0 -9999.0 -9999.0 -9999.0 -0.056 -0.084 -0.106 -0.079 0.494 0.685 0.075 0.274 0.035 0.065 0.326 0.13 0.513 0.118 0.628 0.002 0.024 -0.101 -0.133 -0.196 -0.022 -0.041 0.017 0.015 -0.034 -0.014 -0.087 -0.075 0.026 0.022 0.022 -0.547 -0.611 -0.493 -1.042 -0.003 0.028 0.038 -1.457 -0.625 0.137 0.079 0.104 0.254 0.242 1.44 0.082 -0.003 0.026 0.165 0.315 1.8 1.585 0.009 -0.811 1.274 1.272 0.286 0.299 -1.464 -1.408 -0.656 -1.093 -0.544
-9999.0 -9999.0 -9999.0 -9999.0 -9999.0 -9999.0 -9999.0 -9999.0 0.035 0.055 0.021 0.033 -0.01 -0.078 0.028 0.151 0.079 0.149 0.315 0.031 0.803 0.43 0.653 0.247 0.044 -0.179 -0.111 -0.149 -0.165 -0.079 0.025 -0.154 0.012 -0.068 0.024 0.01 -0.082 -0.101 0.009 0.0 -0.043 -0.008 -0.792 -0.003 0.931 0.799 -0.312 -0.056 0.309 0.186 0.139 -0.009 0.013 0.008 -0.096 0.023 0.529 0.11 0.383 2.019 2.109 -0.904 -0.703 0.236 0.954 0.27 -0.729 -0.953 -1.047 -1.038 -0.675 -1.218
-9999.0 -9999.0 -9999.0 -9999.0 -9999.0 -9999.0 -9999.0 -9999.0 -9999.0 0.01 -0.01 0.002 0.016 -0.156 0.031 0.163 0.072 0.348 0.504 0.271 0.094 0.096 0.644 0.402 0.14 -0.261 -0.32 -0.247 -0.133 -0.102 0.108 -0.109 0.012 -0.074 0.028 0.043 -0.01 -0.06 0.015 0.001 0.022 0.009 0.031 -0.293 0.019 -0.057 -0.074 0.009 0.808 -0.122 -0.001 0.019 0.036 0.162 0.074 0.028 0.059 0.781 0.381 1.072 1.566 0.196 0.442 0.311 1.092 -1.28 -0.974 -0.608 -0.633 -0.916 -0.62 -1.009
-9999.0 -9999.0 -9999.0 -9999.0 -9999.0 -9999.0 -9999.0 -9999.0 -9999.0 -9999.0 0.002 0.05 0.01 0.017 -0.044 0.04 0.109 0.534 0.105 0.048 0.19 0.147 0.42 0.344 0.148 0.007 0.412 -0.103 -0.041 -0.068 -0.174 0.024 0.026 -0.262 0.003 0.022 -0.008 -0.009 -0.01 0.015 0.012 0.008 0.049 -0.008 -0.29 -0.793 -0.003 0.022 0.81 0.158 0.117 -0.196 0.018 0.031 -0.1 -0.002 0.167 0.211 0.227 0.098 0.505 0.744 0.918 0.666 0.684 -0.927 -1.26 -1.312 -1.366 -1.422 -1.152 -0.636
-9999.0 -9999.0 -9999.0 -9999.0 -9999.0 -9999.0 -9999.0 -9999.0 -9999.0 -9999.0 -9999.0 0.002 -0.076 -0.02 -0.158 -0.111 0.029 0.019 0.153 0.059 0.282 0.207 0.172 0.148 -0.005 -0.351 0.037 0.001 -0.007 -0.007 -0.007 -0.095 -0.018 -0.066 0.001 0.017 -0.0 0.009 0.005 -0.013 0.019 0.009 -0.208 -0.008 0.092 -0.008 0.024 -0.026 0.857 0.828 0.232 -0.002 -0.001 0.229 -0.178 0.014 0.22 0.209 0.134 0.567 -0.129 0.536 0.974 1.54 -0.611 -0.096 0.464 0.15 -0.494 0.604 0.087 -0.651
