static/jobfarm/user_models/minyf/common/HOME-GBHM/输出文件/Output/Grids/runoff20020222.asc
ncols 221
nrows 204
xllcorner -627000.0
yllcorner 3955000.0
cellsize 900.0
NODATA_value -9999.0
[rows 93 to 123 of 204, columns 142 to 212 of 221]
-1.222 -0.11 0.385 0.223 0.685 -1.009 0.135 0.499 0.064 0.068 -0.174 -7.74 0.174 0.073 0.169 -4.558 1.026 6.11 5.453 19.374 3.255 0.612 0.334 -2.97 -3.422 -0.121 -5.383 -8.53 -5.493 -20.023 -0.103 0.147 0.1 0.062 -0.077 0.213 -0.375 -16.057 -0.823 -24.834 -0.23 -0.075 0.013 0.104 -9999.0 -9999.0 -9999.0 -9999.0 -9999.0 -9999.0 -9999.0 -9999.0 -9999.0 -9999.0 -9999.0 -9999.0 -9999.0 -9999.0 -9999.0 -9999.0 -9999.0 -9999.0 -9999.0 -9999.0 -9999.0 -9999.0 -9999.0 -9999.0 -9999.0 -9999.0 -9999.0
-3.26 -0.383 0.317 -2.812 0.511 -4.578 0.101 0.145 0.071 0.147 -0.062 -13.735 0.145 0.248 0.033 0.194 6.505 6.417 4.691 19.33 2.939 3.027 0.42 -8.758 0.332 -0.258 -2.505 -6.843 -1.556 -3.796 -1.06 0.059 0.069 0.043 0.056 -10.935 -17.612 0.003 -1.08 -25.562 -0.713 -0.534 -0.416 -0.291 -9999.0 -9999.0 -9999.0 -9999.0 -9999.0 -9999.0 -9999.0 -9999.0 -9999.0 -9999.0 -9999.0 -9999.0 -9999.0 -9999.0 -9999.0 -9999.0 -9999.0 -9999.0 -9999.0 -9999.0 -9999.0 -9999.0 -9999.0 -9999.0 -9999.0 -9999.0 -9999.0
-12.667 -1.06 -0.138 -4.874 -0.747 -7.637 -0.946 -0.72 0.02 0.038 0.005 -18.813 0.217 0.229 -11.564 0.013 6.358 5.492 5.141 19.284 2.743 2.644 -0.131 -1.703 -0.741 0.221 1.21 1.328 0.528 -3.891 -1.668 0.632 0.396 0.133 -0.068 -25.449 -4.514 -1.203 -0.361 -27.811 -3.51 -25.455 -25.662 -0.306 -9999.0 -9999.0 -9999.0 -9999.0 -9999.0 -9999.0 -9999.0 -9999.0 -9999.0 -9999.0 -9999.0 -9999.0 -9999.0 -9999.0 -9999.0 -9999.0 -9999.0 -9999.0 -9999.0 -9999.0 -9999.0 -9999.0 -9999.0 -9999.0 -9999.0 -9999.0 -9999.0
-7.091 -0.508 -5.572 -3.157 -0.067 -1.134 -1.97 -0.449 0.074 -10.278 -10.067 -24.03 -2.913 -16.435 0.366 -0.939 -1.534 -5.469 6.611 19.557 15.85 -5.669 -4.568 -0.776 -8.337 3.85 1.575 0.398 1.631 -10.851 0.44 0.449 0.206 0.189 0.17 0.157 -0.794 -25.682 -20.658 -24.869 -25.264 -1.727 -1.993 -2.514 -9999.0 -9999.0 -9999.0 -9999.0 -9999.0 -9999.0 -9999.0 -9999.0 -9999.0 -9999.0 -9999.0 -9999.0 -9999.0 -9999.0 -9999.0 -9999.0 -9999.0 -9999.0 -9999.0 -9999.0 -9999.0 -9999.0 -9999.0 -9999.0 -9999.0 -9999.0 -9999.0
-2.288 -15.362 -12.867 -2.937 -8.138 -4.05 -8.419 -0.445 0.042 -12.734 -4.439 -17.671 -24.728 -3.193 -1.151 -0.913 -1.218 -1.632 3.701 19.166 9.138 0.222 0.168 0.187 -9.983 6.76 7.16 9.574 0.492 -1.605 0.316 -0.584 0.264 0.396 0.327 0.33 -0.157 -0.993 -1.345 -25.041 -4.564 -21.428 -1.748 -6.284 -9999.0 -9999.0 -9999.0 -9999.0 -9999.0 -9999.0 -9999.0 -9999.0 -9999.0 -9999.0 -9999.0 -9999.0 -9999.0 -9999.0 -9999.0 -9999.0 -9999.0 -9999.0 -9999.0 -9999.0 -9999.0 -9999.0 -9999.0 -9999.0 -9999.0 -9999.0 -9999.0
-0.618 -20.542 -13.847 -0.236 -6.227 -4.017 -7.342 -0.565 0.017 -2.311 -0.029 -16.413 -3.375 -2.276 -1.6 -4.389 -3.107 -1.124 3.201 19.259 0.889 1.073 -0.024 -7.72 19.992 15.65 0.919 10.869 0.448 0.3 -0.141 -1.096 -1.07 0.017 -0.358 -0.437 -3.241 -0.987 -25.157 -1.736 -1.642 -25.196 -1.684 -6.673 -9999.0 -9999.0 -9999.0 -9999.0 -9999.0 -9999.0 -9999.0 -9999.0 -9999.0 -9999.0 -9999.0 -9999.0 -9999.0 -9999.0 -9999.0 -9999.0 -9999.0 -9999.0 -9999.0 -9999.0 -9999.0 -9999.0 -9999.0 -9999.0 -9999.0 -9999.0 -9999.0
-9.305 -24.221 -2.268 -1.059 -1.621 0.117 -9.615 -7.874 -1.796 -2.408 -10.282 -0.615 -2.311 -3.224 -0.57 -11.309 -1.2 -1.311 3.206 19.01 0.903 8.261 7.005 1.546 8.161 3.319 1.525 1.958 0.42 0.099 -0.151 -0.826 -3.873 -3.369 -1.148 -3.185 -3.759 -3.818 -1.755 -2.369 -1.565 -0.771 -1.6 -6.747 -9999.0 -9999.0 -9999.0 -9999.0 -9999.0 -9999.0 -9999.0 -9999.0 -9999.0 -9999.0 -9999.0 -9999.0 -9999.0 -9999.0 -9999.0 -9999.0 -9999.0 -9999.0 -9999.0 -9999.0 -9999.0 -9999.0 -9999.0 -9999.0 -9999.0 -9999.0 -9999.0
-23.803 -0.221 -21.999 -0.173 0.08 0.272 -24.2 -14.499 -2.458 -4.321 -1.873 -12.362 -13.793 -6.188 -15.292 -0.783 -1.022 -4.17 3.098 -15.353 -20.104 -14.565 -4.325 -0.178 -3.908 -15.966 0.72 0.239 0.251 0.232 0.087 -1.358 -0.174 -0.627 -25.231 -25.492 -3.382 -3.899 -2.349 -2.733 -2.489 -2.352 -2.158 -7.222 -1.539 -1.419 -9999.0 -9999.0 -9999.0 -9999.0 -9999.0 -9999.0 -9999.0 -9999.0 -9999.0 -9999.0 -9999.0 -9999.0 -9999.0 -9999.0 -9999.0 -9999.0 -9999.0 -9999.0 -9999.0 -9999.0 -9999.0 -9999.0 -9999.0 -9999.0 -9999.0
-9.113 -3.176 -22.387 -24.603 0.212 0.188 -24.082 -18.107 0.012 -0.019 -2.638 -17.58 -1.577 -17.062 -2.519 -0.776 -1.236 -1.088 -0.648 -16.582 -16.218 -15.053 -16.736 -1.476 -13.321 -4.199 -3.876 -4.951 -3.874 -1.459 -0.631 -3.676 -25.03 -24.635 -24.39 -2.192 -3.45 -3.787 -7.276 -7.699 -7.813 -7.371 -6.76 -1.016 0.025 -1.19 -9999.0 -9999.0 -9999.0 -9999.0 -9999.0 -9999.0 -9999.0 -9999.0 -9999.0 -9999.0 -9999.0 -9999.0 -9999.0 -9999.0 -9999.0 -9999.0 -9999.0 -9999.0 -9999.0 -9999.0 -9999.0 -9999.0 -9999.0 -9999.0 -9999.0
-4.721 0.074 -14.32 -0.796 0.078 -17.145 -0.347 0.235 -2.229 0.102 -3.735 -17.264 -7.911 -2.922 -0.925 -1.012 -1.588 -1.404 -1.182 -12.591 0.266 -1.686 -2.37 -2.693 -1.565 -25.124 -5.462 -6.708 -2.608 -2.207 -5.455 -24.776 -0.005 -0.27 -0.341 -24.512 -1.107 -1.437 -8.101 -1.092 -1.372 -1.036 -0.755 -2.392 -1.184 -1.702 -9999.0 -9999.0 -9999.0 -9999.0 -9999.0 -9999.0 -9999.0 -9999.0 -9999.0 -9999.0 -9999.0 -9999.0 -9999.0 -9999.0 -9999.0 -9999.0 -9999.0 -9999.0 -9999.0 -9999.0 -9999.0 -9999.0 -9999.0 -9999.0 -9999.0
0.06 -4.957 0.139 -0.67 -0.054 -4.173 0.18 -10.394 0.193 9.504 2.156 -8.303 -1.461 -3.138 8.283 8.336 0.25 1.026 -3.29 2.171 -0.09 -1.985 -2.908 -2.264 -2.279 -2.286 -5.942 -1.263 -1.374 -5.563 -24.751 -2.704 -23.921 -0.237 -0.464 -1.234 -1.239 -1.586 -1.461 -1.135 -1.161 -0.608 -7.335 -12.0 -0.063 -0.295 -9999.0 -9999.0 -9999.0 -9999.0 -9999.0 -9999.0 -9999.0 -9999.0 -9999.0 -9999.0 -9999.0 -9999.0 -9999.0 -9999.0 -9999.0 -9999.0 -9999.0 -9999.0 -9999.0 -9999.0 -9999.0 -9999.0 -9999.0 -9999.0 -9999.0
0.039 0.125 0.043 -0.429 -0.478 0.054 0.142 -0.398 0.58 5.857 2.267 18.998 -12.708 17.541 8.517 8.525 8.846 18.848 -0.404 -1.545 -12.051 -11.177 -12.029 -2.035 -2.243 -2.17 -1.957 0.212 -0.123 -8.113 0.107 -24.585 -0.048 0.089 -0.191 -1.494 -1.462 -0.107 -1.046 -17.319 -1.116 -5.558 -3.52 -1.673 -0.125 -0.053 -0.202 -9999.0 -9999.0 -9999.0 -9999.0 -9999.0 -9999.0 -9999.0 -9999.0 -9999.0 -9999.0 -9999.0 -9999.0 -9999.0 -9999.0 -9999.0 -9999.0 -9999.0 -9999.0 -9999.0 -9999.0 -9999.0 -9999.0 -9999.0 -9999.0
-0.413 -0.361 -0.074 -0.662 -0.478 -0.19 0.138 0.14 0.542 0.807 1.78 10.936 0.256 18.897 13.399 19.112 19.031 17.701 14.326 1.145 0.028 -2.074 -2.069 -1.912 -2.826 0.151 0.302 -3.058 1.101 -0.5 -2.251 0.058 0.091 -0.544 -1.268 -0.105 0.097 -0.075 -1.677 -23.847 -0.649 -18.141 -1.288 -2.344 0.136 -0.054 -0.092 -9999.0 -9999.0 -9999.0 -9999.0 -9999.0 -9999.0 -9999.0 -9999.0 -9999.0 -9999.0 -9999.0 -9999.0 -9999.0 -9999.0 -9999.0 -9999.0 -9999.0 -9999.0 -9999.0 -9999.0 -9999.0 -9999.0 -9999.0 -9999.0
-0.342 -0.418 -1.137 -0.975 -0.747 -0.527 -0.016 -0.006 0.602 0.205 3.806 20.209 20.521 -14.041 -7.473 19.953 19.285 15.803 15.89 1.695 -0.406 -0.434 -2.284 -0.503 0.226 0.431 -0.423 0.235 0.218 -0.38 -1.254 -7.352 -0.028 -0.282 -0.04 0.041 -0.111 0.017 -1.561 -24.261 -0.303 -17.435 -1.506 -2.104 -12.296 0.039 -0.175 -9999.0 -9999.0 -9999.0 -9999.0 -9999.0 -9999.0 -9999.0 -9999.0 -9999.0 -9999.0 -9999.0 -9999.0 -9999.0 -9999.0 -9999.0 -9999.0 -9999.0 -9999.0 -9999.0 -9999.0 -9999.0 -9999.0 -9999.0 -9999.0
-0.455 -0.46 -1.193 -1.341 -1.223 -1.247 -0.95 -1.08 -15.662 -16.438 0.891 20.939 20.63 -6.953 -8.464 19.332 19.125 15.905 16.037 -0.655 0.179 0.209 0.345 0.373 -1.626 -1.141 0.171 0.248 0.421 -1.518 -1.592 -8.0 -1.551 -1.67 -0.061 -4.111 -26.492 -25.01 -1.199 -0.236 -15.277 0.168 -1.3 -0.682 -23.554 0.125 -9999.0 -9999.0 -9999.0 -9999.0 -9999.0 -9999.0 -9999.0 -9999.0 -9999.0 -9999.0 -9999.0 -9999.0 -9999.0 -9999.0 -9999.0 -9999.0 -9999.0 -9999.0 -9999.0 -9999.0 -9999.0 -9999.0 -9999.0 -9999.0 -9999.0
-22.274 -5.287 -0.683 -0.897 -0.8 -0.035 -0.664 -0.002 -2.327 -1.376 -2.688 -7.395 -14.273 -19.874 -3.329 6.998 7.254 7.041 7.067 0.284 0.717 0.872 1.049 -7.99 0.284 0.788 0.181 0.085 0.089 -3.371 -3.061 -2.795 -1.475 -1.494 -0.357 -0.009 -0.095 -6.989 -18.116 -13.282 -19.126 -5.487 -4.785 -12.528 0.21 -0.034 -0.06 -9999.0 -9999.0 -9999.0 -9999.0 -9999.0 -9999.0 -9999.0 -9999.0 -9999.0 -9999.0 -9999.0 -9999.0 -9999.0 -9999.0 -9999.0 -9999.0 -9999.0 -9999.0 -9999.0 -9999.0 -9999.0 -9999.0 -9999.0 -9999.0
-5.481 -5.956 -0.786 -0.853 -0.171 0.158 -10.861 0.168 -1.269 -3.203 -7.326 -0.708 -9.838 -8.866 -3.583 10.541 0.379 0.28 0.285 0.298 -3.841 -3.515 -13.492 0.735 1.378 -0.232 0.267 0.19 0.072 -2.855 -0.441 -6.077 -3.942 0.048 -0.184 -0.477 -0.335 -0.186 -4.241 -0.101 -12.205 -4.424 -23.093 -22.403 0.104 0.104 0.057 -9999.0 -9999.0 -9999.0 -9999.0 -9999.0 -9999.0 -9999.0 -9999.0 -9999.0 -9999.0 -9999.0 -9999.0 -9999.0 -9999.0 -9999.0 -9999.0 -9999.0 -9999.0 -9999.0 -9999.0 -9999.0 -9999.0 -9999.0 -9999.0
-23.38 -5.819 -0.755 -0.894 -0.194 -0.13 0.203 -6.301 -1.715 -5.362 -12.516 -10.326 -3.43 -16.358 0.378 0.431 0.017 -0.227 0.248 -0.167 -5.774 -13.291 -15.759 1.1 1.134 0.784 0.367 0.224 0.228 -2.811 -0.436 -26.367 -0.206 0.134 0.071 0.058 0.135 0.174 -3.243 0.737 -20.977 -0.445 -4.77 -6.568 -23.663 0.015 0.033 -9999.0 -9999.0 -9999.0 -9999.0 -9999.0 -9999.0 -9999.0 -9999.0 -9999.0 -9999.0 -9999.0 -9999.0 -9999.0 -9999.0 -9999.0 -9999.0 -9999.0 -9999.0 -9999.0 -9999.0 -9999.0 -9999.0 -9999.0 -9999.0
-1.418 -1.477 -0.277 -0.073 -0.18 -0.112 0.184 -1.925 -2.333 -0.188 -1.505 -9.751 -3.782 -11.182 -0.105 0.033 0.093 0.163 0.021 0.031 -3.999 -12.742 -16.048 -12.993 -4.422 -4.438 -6.836 0.066 0.122 -3.018 -0.367 -25.706 -0.167 0.079 -10.704 0.241 0.276 0.408 -1.707 -1.019 -5.805 -0.808 -6.184 -6.088 -0.03 -9999.0 -9999.0 -9999.0 -9999.0 -9999.0 -9999.0 -9999.0 -9999.0 -9999.0 -9999.0 -9999.0 -9999.0 -9999.0 -9999.0 -9999.0 -9999.0 -9999.0 -9999.0 -9999.0 -9999.0 -9999.0 -9999.0 -9999.0 -9999.0 -9999.0 -9999.0
-1.435 -1.516 0.02 0.022 -0.062 -0.041 0.675 0.33 -1.406 1.189 -2.06 -13.05 -12.838 0.674 0.202 0.073 0.035 -7.293 -13.399 -0.529 -14.485 -7.752 -1.126 -0.156 -0.088 -0.035 0.14 0.075 -2.882 -0.573 -0.561 -26.234 -0.242 -1.528 0.068 -11.802 -0.268 0.343 0.748 -15.55 -11.714 -4.939 -0.744 -1.29 -0.095 -9999.0 -9999.0 -9999.0 -9999.0 -9999.0 -9999.0 -9999.0 -9999.0 -9999.0 -9999.0 -9999.0 -9999.0 -9999.0 -9999.0 -9999.0 -9999.0 -9999.0 -9999.0 -9999.0 -9999.0 -9999.0 -9999.0 -9999.0 -9999.0 -9999.0 -9999.0
-1.339 -0.833 0.073 0.06 0.115 0.2 1.263 0.543 5.208 1.298 -8.437 -12.291 -8.184 -2.563 0.16 -0.449 -12.591 -8.876 -13.146 -16.671 -4.744 -12.172 -4.953 -4.904 -0.302 -0.265 -2.906 -2.828 -3.375 -0.35 -6.134 -21.463 -0.317 -0.35 -0.044 0.197 -12.074 0.19 -13.048 -1.018 -2.699 -1.096 -1.716 -25.844 -0.723 -9999.0 -9999.0 -9999.0 -9999.0 -9999.0 -9999.0 -9999.0 -9999.0 -9999.0 -9999.0 -9999.0 -9999.0 -9999.0 -9999.0 -9999.0 -9999.0 -9999.0 -9999.0 -9999.0 -9999.0 -9999.0 -9999.0 -9999.0 -9999.0 -9999.0 -9999.0
-0.621 -0.333 -1.457 -1.994 -4.84 0.751 -1.299 2.682 1.018 0.605 -0.372 -0.937 0.187 0.287 -3.49 -4.014 0.127 -15.722 -13.379 -4.568 0.092 -1.766 0.089 0.088 0.059 -0.151 -14.361 -13.257 -3.614 -3.434 -0.073 -17.682 -2.474 -2.643 -1.183 -0.581 -8.889 0.072 -15.845 -0.201 -1.318 -1.654 -2.755 -12.974 -5.442 -9999.0 -9999.0 -9999.0 -9999.0 -9999.0 -9999.0 -9999.0 -9999.0 -9999.0 -9999.0 -9999.0 -9999.0 -9999.0 -9999.0 -9999.0 -9999.0 -9999.0 -9999.0 -9999.0 -9999.0 -9999.0 -9999.0 -9999.0 -9999.0 -9999.0 -9999.0
0.613 0.549 -0.904 -0.073 1.892 9.27 -1.42 -3.885 0.809 0.556 -0.066 -0.417 -0.484 -0.235 -3.939 -0.404 -11.226 -12.121 -11.628 -5.76 -9.435 0.111 0.094 0.098 -0.121 -0.119 -13.494 -10.049 -2.908 -2.832 -1.457 -13.313 -3.525 -2.322 -0.489 -0.011 -0.5 -16.367 -15.126 -15.399 -0.304 -1.161 -6.996 -7.157 -5.815 -2.191 -9999.0 -9999.0 -9999.0 -9999.0 -9999.0 -9999.0 -9999.0 -9999.0 -9999.0 -9999.0 -9999.0 -9999.0 -9999.0 -9999.0 -9999.0 -9999.0 -9999.0 -9999.0 -9999.0 -9999.0 -9999.0 -9999.0 -9999.0 -9999.0 -9999.0
3.538 -3.136 -2.416 -0.288 3.441 2.371 0.539 0.318 10.882 5.296 0.109 -0.489 0.178 0.114 -2.932 -0.888 -0.497 -1.72 -10.209 -1.927 0.139 0.139 0.122 -0.195 -0.089 -0.125 -17.968 -13.955 -3.709 -2.444 -12.079 -2.243 -16.338 -2.086 -1.083 -0.232 -0.103 -2.269 -9.596 -1.457 -1.792 -2.905 -14.961 -8.153 -2.211 -2.122 -9999.0 -9999.0 -9999.0 -9999.0 -9999.0 -9999.0 -9999.0 -9999.0 -9999.0 -9999.0 -9999.0 -9999.0 -9999.0 -9999.0 -9999.0 -9999.0 -9999.0 -9999.0 -9999.0 -9999.0 -9999.0 -9999.0 -9999.0 -9999.0 -9999.0
0.049 0.915 -1.108 2.345 19.981 16.36 -1.876 -2.005 0.017 -0.064 -0.216 0.07 0.258 0.201 -0.891 0.995 0.754 -1.109 0.976 -0.457 0.085 0.0 -0.222 -0.031 0.141 0.145 -15.342 -4.75 -2.938 -2.32 -12.128 -1.331 -15.629 -2.168 0.832 0.658 0.392 1.469 0.162 0.472 -1.941 -2.367 -19.225 -6.57 -1.877 -2.08 -9999.0 -9999.0 -9999.0 -9999.0 -9999.0 -9999.0 -9999.0 -9999.0 -9999.0 -9999.0 -9999.0 -9999.0 -9999.0 -9999.0 -9999.0 -9999.0 -9999.0 -9999.0 -9999.0 -9999.0 -9999.0 -9999.0 -9999.0 -9999.0 -9999.0
0.568 -0.162 -2.987 1.615 21.267 18.477 15.813 13.851 1.187 -0.247 -0.174 0.185 2.137 0.281 0.788 1.078 -1.428 -10.628 1.432 1.061 0.051 0.019 0.027 -0.147 0.153 -11.329 -15.377 -4.764 -2.619 -3.231 -1.064 -15.462 -2.202 -2.041 0.941 0.507 -0.592 -19.748 0.641 -6.776 -1.565 -5.43 -15.896 -5.617 -27.287 -2.086 -9999.0 -9999.0 -9999.0 -9999.0 -9999.0 -9999.0 -9999.0 -9999.0 -9999.0 -9999.0 -9999.0 -9999.0 -9999.0 -9999.0 -9999.0 -9999.0 -9999.0 -9999.0 -9999.0 -9999.0 -9999.0 -9999.0 -9999.0 -9999.0 -9999.0
-0.193 -0.882 -2.915 17.198 19.492 2.944 15.823 14.048 -0.094 0.162 0.089 0.298 -0.781 0.241 -0.481 -0.53 -12.47 -0.599 -4.039 1.386 0.109 -0.002 -0.104 -0.01 -0.004 0.084 -15.387 -1.423 -1.886 -2.293 -0.757 -1.247 -1.853 -1.729 0.891 -1.406 -12.52 -16.852 -16.778 0.774 0.903 -5.699 -12.193 -25.295 -2.659 -9999.0 -9999.0 -9999.0 -9999.0 -9999.0 -9999.0 -9999.0 -9999.0 -9999.0 -9999.0 -9999.0 -9999.0 -9999.0 -9999.0 -9999.0 -9999.0 -9999.0 -9999.0 -9999.0 -9999.0 -9999.0 -9999.0 -9999.0 -9999.0 -9999.0 -9999.0
-3.51 2.504 9.569 17.483 6.131 3.507 0.73 -0.724 -2.504 -6.329 -2.028 0.823 -2.139 0.982 -1.677 0.807 -4.938 -2.097 0.508 1.206 0.283 0.148 -1.015 -0.83 -0.337 -0.348 -0.753 -15.879 -4.544 -5.134 0.758 0.165 0.407 -0.072 0.107 0.434 1.592 4.194 -0.528 0.549 -0.864 -0.728 -17.719 -6.902 -0.734 -9999.0 -9999.0 -9999.0 -9999.0 -9999.0 -9999.0 -9999.0 -9999.0 -9999.0 -9999.0 -9999.0 -9999.0 -9999.0 -9999.0 -9999.0 -9999.0 -9999.0 -9999.0 -9999.0 -9999.0 -9999.0 -9999.0 -9999.0 -9999.0 -9999.0 -9999.0
17.041 17.776 0.155 -0.821 4.204 -4.927 1.073 1.254 -7.836 -6.68 -9.256 0.358 0.046 -0.835 -0.099 0.874 0.232 0.908 -14.974 0.111 0.19 -0.844 -0.492 -0.01 -0.443 -0.512 -5.143 -11.821 -13.356 0.779 0.716 0.78 0.223 0.619 0.946 0.386 7.643 0.818 -0.184 0.26 0.238 0.566 -9.632 -0.461 -0.947 -9999.0 -9999.0 -9999.0 -9999.0 -9999.0 -9999.0 -9999.0 -9999.0 -9999.0 -9999.0 -9999.0 -9999.0 -9999.0 -9999.0 -9999.0 -9999.0 -9999.0 -9999.0 -9999.0 -9999.0 -9999.0 -9999.0 -9999.0 -9999.0 -9999.0 -9999.0
0.976 1.031 -0.699 -2.324 -8.781 -10.16 -6.748 -5.44 -6.267 9.508 5.685 -1.548 -1.39 0.156 0.626 0.613 -0.122 0.869 0.109 -2.068 -5.762 -0.678 0.27 -0.051 -11.964 -0.57 -5.058 -1.352 -12.183 0.614 -0.116 0.753 -5.123 1.843 1.983 2.109 2.498 0.886 0.418 0.341 0.452 -11.975 0.202 -0.245 -0.645 -9999.0 -9999.0 -9999.0 -9999.0 -9999.0 -9999.0 -9999.0 -9999.0 -9999.0 -9999.0 -9999.0 -9999.0 -9999.0 -9999.0 -9999.0 -9999.0 -9999.0 -9999.0 -9999.0 -9999.0 -9999.0 -9999.0 -9999.0 -9999.0 -9999.0 -9999.0
-1.031 0.838 -0.128 -0.064 -6.956 5.652 7.67 5.79 5.559 9.231 6.435 -9.168 -0.573 -1.166 0.589 1.229 0.752 0.018 -0.485 -18.109 -3.029 -0.34 0.275 -0.223 -12.218 -0.185 -14.23 -6.448 -16.173 0.762 -0.979 0.595 -5.301 1.58 0.727 9.071 0.908 0.246 0.293 0.174 -5.325 -1.817 0.352 -1.346 -0.751 -0.185 -9999.0 -9999.0 -9999.0 -9999.0 -9999.0 -9999.0 -9999.0 -9999.0 -9999.0 -9999.0 -9999.0 -9999.0 -9999.0 -9999.0 -9999.0 -9999.0 -9999.0 -9999.0 -9999.0 -9999.0 -9999.0 -9999.0 -9999.0 -9999.0 -9999.0
