static/jobfarm/user_models/minyf/common/HOME-GBHM/输出文件/Output/Grids/runoff20020225.asc
ncols 221
nrows 204
xllcorner -627000.0
yllcorner 3955000.0
cellsize 900.0
NODATA_value -9999.0
[rows 128 to 159 of 204, columns 72 to 143 of 221]
0.068 0.403 0.033 0.553 0.352 0.213 1.215 0.657 0.202 0.422 0.191 0.197 0.202 0.263 0.278 0.608 0.3 0.524 0.47 0.36 0.253 0.101 0.224 0.551 1.5 0.764 0.702 0.795 0.127 0.535 0.258 0.807 0.585 0.917 0.983 1.897 0.562 1.545 0.406 0.5 0.519 0.234 0.118 0.24 0.183 0.746 0.249 0.268 0.069 0.175 0.153 0.068 0.086 0.087 0.311 0.074 0.083 0.092 0.071 1.708 5.577 0.222 0.452 0.888 -0.0 0.052 -0.0 0.078 -0.0 -0.0 0.077 -0.0
0.525 0.488 0.787 0.022 0.027 -0.015 1.621 0.758 0.648 0.601 0.779 0.583 0.445 0.382 0.256 0.702 0.678 0.326 0.649 1.3 0.127 0.447 0.13 0.029 0.761 0.731 0.346 0.841 0.324 0.471 0.964 0.043 0.198 0.335 0.945 1.358 0.648 2.296 0.468 0.483 0.464 0.288 -0.003 0.001 0.352 0.597 0.374 0.308 0.067 0.065 0.095 0.094 0.066 0.064 0.064 0.076 0.155 0.09 0.046 0.351 0.946 -0.004 0.0 -0.003 -0.171 -0.003 -0.749 0.34 -0.732 -0.002 0.779 -0.796
0.038 0.421 0.754 0.975 -0.013 0.995 1.356 1.763 2.036 1.982 1.843 0.982 0.166 1.315 0.691 0.599 0.26 0.357 0.519 0.648 1.273 0.472 0.049 0.1 0.115 0.184 0.364 0.41 0.636 0.091 0.491 0.187 0.147 0.159 0.357 0.46 0.539 1.691 0.574 0.306 0.893 0.192 0.284 0.058 0.363 0.442 0.132 0.222 0.236 0.06 0.18 0.065 0.081 0.077 0.146 0.055 0.321 0.065 0.06 0.264 0.543 0.698 -0.001 0.27 1.127 -0.001 -0.736 -0.759 0.002 -0.767 -0.734 -0.765
-0.224 0.024 0.415 0.924 0.726 0.027 2.76 1.327 1.807 1.624 1.355 1.657 3.397 1.689 1.066 1.183 0.625 0.72 0.684 0.445 1.105 0.449 0.405 0.14 0.237 0.159 0.212 0.176 0.619 0.218 0.297 0.095 0.105 0.098 0.118 0.407 0.053 0.606 0.31 1.92 0.459 0.155 0.225 0.041 0.058 0.058 0.232 0.158 0.165 0.109 -0.1 0.101 0.083 0.139 0.045 0.219 0.266 0.074 0.074 0.34 -0.104 0.07 0.255 2.007 0.354 0.524 1.02 -0.722 0.363 -0.737 -0.757 -0.768
-0.064 1.606 1.888 1.668 4.559 2.168 1.743 1.21 0.513 -0.032 0.712 0.991 2.366 0.658 4.227 1.268 0.923 0.452 0.177 2.209 0.51 0.413 0.393 0.143 0.204 0.762 0.368 0.703 0.125 0.101 0.108 0.12 0.083 0.022 0.093 0.235 0.139 0.091 0.967 1.247 0.995 0.36 0.195 0.069 -0.009 0.057 0.267 0.24 0.061 0.036 0.039 0.078 0.118 0.093 0.06 0.429 -0.003 0.05 0.054 0.309 0.0 -0.0 1.039 1.261 0.796 1.346 0.193 -0.791 -0.009 -0.071 -0.002 0.324
0.02 0.728 0.997 1.607 1.397 5.315 -0.012 1.374 1.814 0.53 0.965 0.779 1.459 1.261 5.285 0.706 0.914 0.691 3.01 0.672 0.532 0.52 0.492 0.409 0.338 0.265 0.516 0.298 0.12 0.119 0.097 0.055 0.02 0.06 0.075 0.09 0.167 0.218 0.317 0.554 0.545 0.363 -0.036 0.186 -0.009 0.054 0.148 1.41 1.353 0.06 0.045 0.074 0.096 0.089 0.16 0.093 -0.003 0.036 0.071 0.044 0.092 -0.003 0.357 0.961 0.907 2.567 0.234 0.072 -0.009 0.547 -0.002 0.306
-9999.0 0.679 0.769 1.043 0.812 4.775 0.677 -0.027 0.932 0.757 0.673 0.816 0.616 1.644 3.421 0.614 0.693 1.131 7.528 0.742 0.756 0.995 0.909 0.96 0.62 0.465 0.88 0.331 0.265 0.169 0.209 0.092 0.141 0.057 0.095 0.179 0.165 0.296 0.065 0.413 0.287 0.147 0.264 0.144 0.077 -0.003 0.075 1.238 1.313 0.084 -0.033 0.072 0.1 0.088 0.133 0.02 -0.003 0.055 0.1 0.016 0.059 0.087 0.314 0.956 0.195 -0.011 0.756 -0.151 -0.009 0.746 0.038 0.372
-9999.0 0.569 0.746 1.513 3.057 4.656 0.553 0.505 0.019 0.019 -0.084 1.063 0.683 0.797 1.141 0.66 0.921 1.733 3.345 1.183 0.49 1.474 1.638 1.925 1.736 1.481 0.592 1.431 0.338 0.192 0.335 0.274 0.369 0.218 0.226 0.265 0.673 0.545 0.2 0.213 0.332 0.061 0.215 0.182 -0.003 -0.003 0.145 0.064 0.131 0.061 0.071 0.088 0.077 0.08 0.185 0.021 0.066 0.081 0.175 0.069 0.054 0.1 0.087 0.865 0.0 -0.002 0.586 1.523 0.044 0.044 0.308 0.337
-9999.0 1.237 1.003 0.958 1.322 4.037 2.918 1.075 0.505 -0.017 -0.06 0.835 1.104 0.024 0.04 0.628 0.783 0.501 0.419 0.127 0.241 0.135 0.145 0.051 3.39 1.899 1.387 1.511 1.101 0.304 0.405 0.263 0.311 0.299 0.127 0.112 0.103 0.272 0.284 0.121 0.043 -0.08 0.258 -0.012 0.246 -0.003 -0.003 0.031 0.109 0.026 0.073 0.078 0.102 0.139 0.067 0.017 0.026 -0.172 0.372 0.01 0.082 0.111 0.101 0.098 0.21 0.0 0.33 0.051 0.201 0.047 0.314 0.063
-9999.0 -9999.0 -9999.0 1.266 0.876 3.07 -0.089 1.785 1.37 0.02 0.024 0.023 0.024 0.685 0.043 0.01 0.623 0.824 0.193 0.039 0.45 0.304 -0.103 0.164 0.852 0.909 0.816 0.645 0.019 0.445 0.71 0.257 0.299 0.191 0.158 0.102 0.085 0.213 0.094 0.087 -0.051 0.198 0.027 0.081 0.05 -0.065 -0.003 -1.306 0.116 0.062 0.047 0.064 0.073 0.096 0.018 0.021 0.021 0.233 0.069 0.061 0.115 0.163 0.157 0.067 0.072 0.082 4.444 0.207 0.417 0.237 0.332 0.279
-9999.0 -9999.0 -9999.0 0.005 4.672 0.024 -0.018 -0.012 2.28 2.597 0.61 0.025 0.741 0.051 0.058 0.357 0.512 0.401 0.282 0.774 0.301 0.069 0.486 0.766 1.638 0.942 0.428 0.553 2.857 1.016 0.33 0.557 0.136 0.342 0.072 0.044 0.08 0.043 0.042 0.152 0.011 0.062 0.187 0.126 0.094 0.085 -0.003 -0.054 0.09 0.067 0.047 -0.026 0.07 0.061 0.041 0.068 0.085 0.151 0.074 0.067 0.29 0.249 0.527 0.464 0.149 0.181 0.257 0.323 0.209 1.688 0.433 0.328
-9999.0 -9999.0 -9999.0 -9999.0 0.884 0.545 0.614 0.676 2.327 0.67 3.451 0.026 0.021 0.101 0.104 0.291 0.498 0.563 0.634 1.57 0.829 0.465 0.134 0.592 2.65 1.936 0.935 1.071 3.1 1.259 0.559 0.275 0.105 0.276 0.094 0.045 0.045 0.207 0.185 0.065 0.032 0.053 0.032 1.237 0.556 0.323 0.083 0.099 0.083 0.033 0.035 0.103 0.029 0.04 0.028 0.066 0.069 0.13 0.094 0.061 0.28 0.3 0.462 0.605 0.291 0.322 0.31 0.47 0.411 0.766 0.322 0.225
-9999.0 -9999.0 -9999.0 -9999.0 0.564 0.563 0.732 0.712 0.806 0.704 2.411 -0.024 0.019 0.021 0.448 0.263 0.367 0.545 1.577 0.673 0.725 0.782 0.552 1.047 0.85 3.298 3.611 1.299 1.155 2.135 0.992 0.411 0.199 0.104 0.057 0.057 0.178 0.026 0.033 0.034 0.063 0.164 0.178 0.199 0.974 0.781 0.68 0.086 0.068 0.041 0.032 0.017 0.023 0.058 0.081 0.056 0.117 0.146 0.118 0.167 0.332 0.353 0.122 0.441 0.175 0.162 0.099 0.158 0.378 0.312 0.401 0.129
-9999.0 -9999.0 -9999.0 -9999.0 0.448 0.507 0.028 0.535 0.044 0.032 1.356 0.029 0.051 0.065 0.13 0.992 1.954 1.934 1.395 0.747 0.821 0.854 0.564 1.784 0.383 0.491 0.548 3.032 1.154 1.397 1.117 0.517 0.207 0.05 0.124 0.155 0.022 0.028 0.03 0.075 0.036 0.026 0.141 0.271 0.45 0.436 0.408 1.185 0.342 0.015 0.033 0.016 0.016 0.015 0.097 0.062 0.14 0.238 0.021 0.135 0.372 0.359 -0.182 0.082 0.307 0.057 0.04 0.015 -0.008 0.514 0.288 0.555
-9999.0 -9999.0 -9999.0 -9999.0 -9999.0 -9999.0 -9999.0 0.032 -9999.0 0.036 0.025 0.023 0.032 0.071 0.523 1.221 0.491 1.421 0.62 0.701 0.366 0.898 2.135 0.216 1.164 0.738 0.563 1.044 3.402 1.141 0.859 0.223 0.147 0.195 0.123 0.042 0.039 0.03 0.033 0.03 0.054 0.054 0.056 0.073 0.27 0.329 2.02 1.143 1.021 0.187 0.025 0.029 0.015 0.033 0.193 0.132 0.15 0.054 0.28 0.152 0.281 0.28 0.158 0.244 0.273 0.127 0.037 0.017 0.773 0.257 0.141 1.214
-9999.0 -9999.0 -9999.0 -9999.0 -9999.0 -9999.0 -9999.0 -9999.0 -9999.0 0.034 0.041 0.024 0.097 0.081 0.137 0.098 0.271 2.029 0.335 0.272 0.515 0.594 0.563 0.412 2.114 0.886 1.404 2.127 4.031 3.236 2.255 0.455 0.084 0.062 0.076 0.041 0.042 0.037 0.075 0.108 0.04 0.125 0.204 0.21 0.298 0.345 0.406 0.234 0.203 0.685 0.196 0.03 0.034 0.07 0.013 0.134 0.13 0.137 0.171 0.182 0.288 0.429 0.744 0.251 0.282 0.06 0.041 -0.002 0.153 0.081 1.123 0.91
-9999.0 -9999.0 -9999.0 -9999.0 -9999.0 -9999.0 -9999.0 -9999.0 -9999.0 -9999.0 -9999.0 0.093 0.157 0.111 0.033 0.03 0.969 0.034 1.231 0.187 0.702 0.31 0.303 1.057 0.754 2.538 1.167 1.632 0.833 1.884 1.845 0.562 0.199 0.074 0.037 0.242 0.17 0.154 0.054 0.011 0.069 0.065 0.209 0.319 0.193 0.343 0.165 0.038 0.517 0.294 0.424 0.04 0.041 0.01 0.071 0.131 0.095 0.095 0.123 0.421 0.405 0.385 0.283 0.08 0.103 0.151 0.082 0.007 0.252 0.157 1.193 4.142
-9999.0 -9999.0 -9999.0 -9999.0 -9999.0 -9999.0 -9999.0 -9999.0 -9999.0 -9999.0 -9999.0 -9999.0 0.111 0.144 0.109 0.429 0.288 0.03 0.509 0.742 -0.093 0.737 0.243 0.003 3.308 1.079 0.894 2.595 1.219 1.859 0.042 0.398 0.533 0.133 0.054 0.139 0.203 0.17 0.133 0.102 0.217 0.289 0.188 0.138 0.165 0.253 0.04 0.015 0.141 0.132 0.729 0.338 0.088 0.054 0.049 0.063 0.123 0.053 0.034 0.053 0.159 0.219 0.174 0.089 0.091 0.048 0.159 0.031 0.037 0.107 0.303 0.193
-9999.0 -9999.0 -9999.0 -9999.0 -9999.0 -9999.0 -9999.0 -9999.0 -9999.0 -9999.0 -9999.0 -9999.0 -9999.0 0.114 0.113 0.208 0.126 0.144 1.098 0.037 0.223 0.025 0.22 1.404 1.88 1.756 0.914 1.498 2.339 2.838 0.681 0.287 0.171 0.527 0.276 0.096 0.023 0.015 0.138 0.153 0.085 0.065 0.214 0.117 0.39 0.034 0.041 0.038 0.026 0.318 1.4 0.714 0.11 0.255 0.049 0.047 0.023 0.089 0.04 0.042 0.022 0.126 0.078 0.126 0.063 0.061 0.034 0.038 0.077 0.007 0.31 0.733
-9999.0 -9999.0 -9999.0 -9999.0 -9999.0 -9999.0 -9999.0 -9999.0 -9999.0 -9999.0 -9999.0 -9999.0 -9999.0 -9999.0 0.111 0.183 0.116 0.147 0.093 0.034 0.087 0.032 0.256 0.318 1.931 1.094 3.344 1.951 1.636 1.365 0.35 0.488 0.64 0.302 0.177 0.243 0.231 0.345 0.095 0.114 0.074 0.123 0.016 0.199 0.046 0.04 0.035 0.068 1.361 -0.115 0.743 0.485 0.552 0.065 0.036 0.037 0.05 0.026 0.103 0.03 0.048 0.018 0.074 0.151 0.083 0.065 0.025 0.033 0.045 0.077 0.287 0.655
-9999.0 -9999.0 -9999.0 -9999.0 -9999.0 -9999.0 -9999.0 -9999.0 -9999.0 -9999.0 -9999.0 -9999.0 -9999.0 -9999.0 -9999.0 -9999.0 -9999.0 -9999.0 0.35 0.027 0.023 0.288 0.169 0.2 0.16 5.051 2.054 2.091 0.749 0.573 0.401 0.522 0.42 0.255 0.114 0.107 0.173 0.089 0.131 0.17 0.098 0.037 0.094 0.159 0.085 0.043 0.048 0.122 -0.126 0.697 0.258 0.546 0.833 0.508 0.118 0.172 0.063 0.039 0.03 0.047 0.082 0.087 0.071 0.205 0.23 0.093 0.048 0.055 0.064 0.079 0.425 0.128
-9999.0 -9999.0 -9999.0 -9999.0 -9999.0 -9999.0 -9999.0 -9999.0 -9999.0 -9999.0 -9999.0 -9999.0 -9999.0 -9999.0 -9999.0 -9999.0 -9999.0 -9999.0 -9999.0 -9999.0 -9999.0 -9999.0 0.727 0.224 0.364 0.905 2.199 2.425 2.347 1.425 0.517 0.499 0.673 0.547 0.18 0.097 0.174 0.166 0.154 0.092 0.149 0.11 0.197 0.083 0.046 0.096 0.129 0.066 0.028 0.427 0.382 0.249 0.604 0.615 0.539 0.15 0.055 0.33 0.045 0.028 0.037 0.035 0.127 0.096 0.165 0.129 0.038 0.04 0.103 0.254 0.17 0.833
-9999.0 -9999.0 -9999.0 -9999.0 -9999.0 -9999.0 -9999.0 -9999.0 -9999.0 -9999.0 -9999.0 -9999.0 -9999.0 -9999.0 -9999.0 -9999.0 -9999.0 -9999.0 -9999.0 -9999.0 -9999.0 -9999.0 -9999.0 0.585 0.033 0.032 0.04 0.053 0.023 0.038 1.449 1.409 1.319 0.93 0.522 0.1 0.25 0.269 0.066 0.18 0.074 0.067 0.254 0.077 0.039 0.157 0.121 0.143 0.778 0.107 0.133 0.084 0.069 0.073 0.717 1.868 0.522 0.896 0.069 0.049 0.233 0.051 0.093 0.105 0.192 0.314 0.097 0.086 0.182 0.135 0.09 0.552
-9999.0 -9999.0 -9999.0 -9999.0 -9999.0 -9999.0 -9999.0 -9999.0 -9999.0 -9999.0 -9999.0 -9999.0 -9999.0 -9999.0 -9999.0 -9999.0 -9999.0 -9999.0 -9999.0 -9999.0 -9999.0 -9999.0 -9999.0 -9999.0 0.022 -0.025 0.029 0.024 0.024 0.01 0.795 1.379 2.075 2.263 0.835 0.297 0.106 0.106 0.147 0.053 0.093 0.089 0.155 0.466 0.141 0.029 0.144 0.088 1.241 0.407 0.304 0.241 0.142 0.387 0.142 0.411 0.509 0.506 0.491 0.212 0.039 0.041 0.114 0.13 0.777 0.469 0.313 0.204 0.174 0.117 0.016 0.373
-9999.0 -9999.0 -9999.0 -9999.0 -9999.0 -9999.0 -9999.0 -9999.0 -9999.0 -9999.0 -9999.0 -9999.0 -9999.0 -9999.0 -9999.0 -9999.0 -9999.0 -9999.0 -9999.0 -9999.0 -9999.0 -9999.0 -9999.0 -9999.0 -9999.0 -0.009 0.025 2.557 3.458 0.024 1.09 0.8 0.526 0.165 0.221 0.13 0.321 0.256 0.403 0.114 0.137 0.127 0.196 0.621 0.761 0.462 0.279 0.175 0.189 0.511 0.466 0.521 1.221 0.065 0.273 0.138 1.28 0.134 1.384 1.181 0.635 0.144 0.026 0.101 -1.088 -0.227 -0.15 -0.054 0.124 0.023 0.05 0.392
-9999.0 -9999.0 -9999.0 -9999.0 -9999.0 -9999.0 -9999.0 -9999.0 -9999.0 -9999.0 -9999.0 -9999.0 -9999.0 -9999.0 -9999.0 -9999.0 -9999.0 -9999.0 -9999.0 -9999.0 -9999.0 -9999.0 -9999.0 -9999.0 -9999.0 -0.009 0.021 0.015 2.508 1.749 1.837 1.347 0.342 0.305 0.166 0.114 0.55 0.493 0.702 0.157 0.315 0.163 0.228 0.285 0.665 0.814 0.531 0.225 0.253 0.029 0.815 1.798 0.844 0.39 0.347 0.34 0.521 0.763 0.844 2.088 0.567 0.735 0.199 -0.633 -0.639 0.288 0.053 0.172 0.201 -0.002 0.52 -0.001
-9999.0 -9999.0 -9999.0 -9999.0 -9999.0 -9999.0 -9999.0 -9999.0 -9999.0 -9999.0 -9999.0 -9999.0 -9999.0 -9999.0 -9999.0 -9999.0 -9999.0 -9999.0 -9999.0 -9999.0 -9999.0 -9999.0 -9999.0 -9999.0 -9999.0 -9999.0 0.024 0.015 0.017 0.025 0.488 0.388 0.916 0.892 0.42 0.296 0.175 0.385 0.811 0.222 0.438 0.438 0.347 0.201 0.611 0.696 1.03 0.707 0.233 0.774 1.613 3.211 0.702 0.581 0.604 0.782 0.786 0.591 0.655 2.22 2.172 1.242 0.0 0.0 0.0 0.316 1.244 0.103 -0.001 0.519 0.498 0.434
-9999.0 -9999.0 -9999.0 -9999.0 -9999.0 -9999.0 -9999.0 -9999.0 -9999.0 -9999.0 -9999.0 -9999.0 -9999.0 -9999.0 -9999.0 -9999.0 -9999.0 -9999.0 -9999.0 -9999.0 -9999.0 -9999.0 -9999.0 -9999.0 -9999.0 -9999.0 -9999.0 -9999.0 -9999.0 0.037 0.632 0.625 0.303 0.849 0.339 0.288 0.246 0.402 0.518 0.293 0.49 0.588 0.735 0.327 0.249 1.556 0.758 0.866 0.473 1.019 0.951 1.575 1.129 0.823 0.853 1.534 1.261 0.581 0.416 0.716 3.083 2.199 0.0 0.0 0.973 2.474 -9999.0 -0.009 -0.008 0.366 0.114 1.808
-9999.0 -9999.0 -9999.0 -9999.0 -9999.0 -9999.0 -9999.0 -9999.0 -9999.0 -9999.0 -9999.0 -9999.0 -9999.0 -9999.0 -9999.0 -9999.0 -9999.0 -9999.0 -9999.0 -9999.0 -9999.0 -9999.0 -9999.0 -9999.0 -9999.0 -9999.0 -9999.0 -9999.0 -9999.0 -9999.0 -9999.0 0.179 0.193 0.221 0.19 0.224 0.601 0.054 0.652 0.302 0.352 2.069 0.441 0.186 0.15 0.463 1.135 0.318 0.349 1.651 1.022 1.282 0.508 0.032 0.028 0.609 0.417 0.352 0.146 0.239 0.416 0.177 0.226 1.852 1.38 -9999.0 -9999.0 -9999.0 0.23 0.288 0.066 0.026
-9999.0 -9999.0 -9999.0 -9999.0 -9999.0 -9999.0 -9999.0 -9999.0 -9999.0 -9999.0 -9999.0 -9999.0 -9999.0 -9999.0 -9999.0 -9999.0 -9999.0 -9999.0 -9999.0 -9999.0 -9999.0 -9999.0 -9999.0 -9999.0 -9999.0 -9999.0 -9999.0 -9999.0 -9999.0 -9999.0 -9999.0 -9999.0 0.392 0.288 0.303 0.366 0.605 0.207 1.039 1.019 0.446 1.78 0.507 0.42 0.244 0.17 0.197 0.69 0.17 -0.121 0.133 0.047 0.233 0.017 0.03 0.701 1.678 0.505 0.289 0.171 0.472 0.226 2.642 2.628 -9999.0 -9999.0 -9999.0 -9999.0 -9999.0 0.101 0.049 0.161
-9999.0 -9999.0 -9999.0 -9999.0 -9999.0 -9999.0 -9999.0 -9999.0 -9999.0 -9999.0 -9999.0 -9999.0 -9999.0 -9999.0 -9999.0 -9999.0 -9999.0 -9999.0 -9999.0 -9999.0 -9999.0 -9999.0 -9999.0 -9999.0 -9999.0 -9999.0 -9999.0 -9999.0 -9999.0 -9999.0 -9999.0 -9999.0 -9999.0 -0.026 0.374 0.838 0.5 0.388 3.025 0.791 0.847 3.527 0.73 0.886 0.668 0.238 0.238 0.165 0.138 0.013 0.026 0.012 0.511 0.825 0.178 0.033 0.063 0.048 -0.079 -0.854 0.602 0.229 1.381 -9999.0 -9999.0 -9999.0 -9999.0 -9999.0 -9999.0 -9999.0 -9999.0 0.18
-9999.0 -9999.0 -9999.0 -9999.0 -9999.0 -9999.0 -9999.0 -9999.0 -9999.0 -9999.0 -9999.0 -9999.0 -9999.0 -9999.0 -9999.0 -9999.0 -9999.0 -9999.0 -9999.0 -9999.0 -9999.0 -9999.0 -9999.0 -9999.0 -9999.0 -9999.0 -9999.0 -9999.0 -9999.0 -9999.0 -9999.0 -9999.0 -9999.0 0.596 0.741 -0.005 1.482 1.634 2.289 0.933 1.253 1.045 0.691 -0.01 0.101 0.417 0.239 0.021 0.019 0.029 0.131 0.022 0.03 0.238 0.45 0.605 1.556 3.293 2.104 1.33 1.097 0.545 -9999.0 -9999.0 -9999.0 -9999.0 -9999.0 -9999.0 -9999.0 -9999.0 -9999.0 -9999.0
