static/jobfarm/user_models/minyf/common/HOME-GBHM/输出文件/Output/Grids/runoff20020227.asc
ncols 221
nrows 204
xllcorner -627000.0
yllcorner 3955000.0
cellsize 900.0
NODATA_value -9999.0
[rows 120 to 149 of 204, columns 132 to 197 of 221]
-1675.439 -4980.843 -2308430.856 -4896.436 0.053 0.001 -0.001 -0.067 0.001 -7314.315 -21549.079 0.0 -425.723 -54888.879 -42070.093 -452490.688 -640.853 -624.801 -928.295 -709279.292 -25065.309 -4059.614 -445741.241 -3931.626 -279.629 0.019 -3769905.091 -4522.751 0.007 -2648.826 0.001 0.079 0.011 0.016 0.017 0.018 -26.93 -8949.498 -1496.42 -1481.535 -5087.74 -1108542.317 -27.603 0.01 0.006 0.003 -417.804 -19419.283 0.016 0.014 0.019 0.026 -7519.224 -261.741 0.005 -9999.0 -9999.0 -9999.0 -9999.0 -9999.0 -9999.0 -9999.0 -9999.0 -9999.0 -9999.0 -9999.0
-1587.013 -1609.881 -1742117.342 -4889.343 -647.56 -620074.348 0.016 0.017 -0.199 0.002 -242394.222 -7073407.543 -1.4029985712E7 -4688.803 -40830.227 -5483354.307 -18574.255 -18629.702 -333.895 -257993.554 -324.196 -71.348 -76222.103 -68.79 0.02 0.022 -839422.529 -1250.276 -12421.39 0.008 -12.016 0.019 0.019 0.02 0.027 0.018 -1481.302 -340274.014 -121649.982 -5097.314 -5096.655 -1127313.455 0.001 0.013 0.003 0.005 -165486.615 0.003 0.026 0.013 -9.095 -18.259 -116674.067 0.002 0.004 -9999.0 -9999.0 -9999.0 -9999.0 -9999.0 -9999.0 -9999.0 -9999.0 -9999.0 -9999.0 -9999.0
-1578.312 -1586873.955 -0.001 -1.363 0.035 -509434.383 0.021 0.016 0.04 0.013 0.0 0.0 -455.862 -311296.159 -1733422.994 -2.4736154654E7 -194720.356 -18861.774 -12900.884 -0.0 0.001 -109.103 -14536.47 -4406.877 0.03 -1011220.014 -1115025.945 -145887.886 0.008 0.013 0.026 0.007 0.017 0.02 -240940.384 0.011 -19.157 -1919.733 -303383.885 -5055.085 -905646.361 -5111.696 0.057 0.006 -0.005 -320.139 -7860.911 0.001 -9.77 -9.468 -9.906 -1317134.966 0.005 0.003 0.003 -9999.0 -9999.0 -9999.0 -9999.0 -9999.0 -9999.0 -9999.0 -9999.0 -9999.0 -9999.0 -9999.0
-623.486 -750044.866 -4236.35 -4263.81 -5711273.986 -4236.226 0.014 0.006 -5656.028 0.04 0.048 -0.002 -1586.005 -1591.704 -6542.667 -2.61712766901E8 -2312486.281 0.001 0.001 -0.0 0.001 -17037.597 0.028 -8.01 0.024 -377255.416 -68353.048 -1078.032 -1049.663 -0.437 0.015 0.018 0.012 0.015 -299778.641 0.017 -555.503 -9245.005 -82126.564 -5164.289 -579240.867 -5047.261 0.017 -145.653 0.01 -692716.896 -0.047 0.008 -9.291 -8.896 -1182.106 -55780.593 -293.799 0.015 0.007 0.004 -9999.0 -9999.0 -9999.0 -9999.0 -9999.0 -9999.0 -9999.0 -9999.0 -9999.0 -9999.0
-295432.411 -13768.778 -1215.595 -196.674 -3301137.663 -4247.996 0.009 0.005 -19946.714 0.018 0.012 0.007 0.032 -1533.493 -816.02 -0.0 -407367.537 0.001 0.0 0.0 0.0 -223020.168 -43.911 -3420.263 -1602528.886 -38295.098 0.04 0.02 0.023 0.024 0.011 0.007 -87999.213 0.019 -734.607 -400104.591 -3911.835 -1214447.423 0.019 -5150.64 -728941.46 -19578.804 0.015 0.013 -8203.386 -221029.214 0.008 0.012 0.005 -293.519 -56357.456 -9.033 -8.548 -8.681 0.018 0.004 -9999.0 -9999.0 -9999.0 -9999.0 -9999.0 -9999.0 -9999.0 -9999.0 -9999.0 -9999.0
-3412.376 -79.635 -1815.911 -43332.816 -79.573 -0.845 0.011 -22710.394 0.007 0.009 0.002 0.004 0.009 -12.473 -12.166 0.01 0.0 -4528806.547 -5613.324 0.0 0.0 -9466667.931 -14166.058 -6152264.453 -113.416 -110.274 -0.049 0.018 -32.352 0.014 0.012 0.012 -8691.982 -249.437 0.017 -6019.743 -22166.854 -676410.662 -3816.034 -5086.785 -581448.093 -5093.062 0.01 0.012 -444545.552 0.011 0.004 0.001 -3033.965 -2002.621 -9.192 -8.618 -8.481 0.015 0.049 -9999.0 -9999.0 -9999.0 -9999.0 -9999.0 -9999.0 -9999.0 -9999.0 -9999.0 -9999.0 -9999.0
-648.384 0.004 -215257.629 -488.086 -0.005 0.012 0.021 -71421.36 -138.903 0.025 0.017 0.007 0.01 -0.25 0.014 0.008 0.001 0.0 0.0 -9122705.303 -452843.84 -2.9698720487E7 -146410.69 -104460.177 0.003 -37.682 0.041 0.04 0.016 0.018 -9508.69 0.022 0.012 -177614.133 0.023 0.018 -49806.065 -6996607.167 -3127.844 -2856.764 -1107633.625 -2775.079 -188.849 -13928.33 -755986.191 -80117.292 -1940.885 -16.59 -1.9100716394E7 0.013 -973.187 -764584.91 -603419.212 -25387.567 0.008 -9999.0 -9999.0 -9999.0 -9999.0 -9999.0 -9999.0 -9999.0 -9999.0 -9999.0 -9999.0 -9999.0
0.02 -4.4226431745E7 -668.384 -662.196 -861.794 -5.266 0.011 -140257.731 0.004 -272.409 -278.768 -6230.479 0.007 0.012 -0.139 0.01 -102.2 0.014 0.0 -9081710.521 -1.01993465299E8 0.028 -46495.931 -634.679 0.026 0.015 0.007 0.014 0.017 0.011 -37064.796 0.008 -7.742 -61528.408 0.024 -1.368 -785.824 -876353.191 -3125.78 -2884.953 -891421.17 -2795.75 -88457.914 -13991.823 -1550349.265 -280.479 -552143.138 -77092.411 0.006 -177605.64 -9026.646 0.012 -4.572 -4.654 -9999.0 -9999.0 -9999.0 -9999.0 -9999.0 -9999.0 -9999.0 -9999.0 -9999.0 -9999.0 -9999.0 -9999.0
-2.326979517E7 -2942.805 -851.857 -883.633 -1428.508 -5.3 -745.975 0.01 -217387.617 -747.241 0.019 -88355.709 0.01 0.01 0.01 0.002 -177948.413 0.01 -638.532 -2408133.718 -3878751.349 0.003 -2717.654 -22351.88 0.014 -5.343 0.025 0.027 0.014 -683141.912 0.005 0.021 -1.162 -616773.017 -17.299 -1.135 -1196.245 -1317307.517 -4984.983 -2847.626 -719065.475 -2810.587 -156684.9 -7205.567 -674971.847 -2309905.764 -7782.396 -1311.072 -18.221 0.012 0.016 -4.909 -9999.0 -9999.0 -9999.0 -9999.0 -9999.0 -9999.0 -9999.0 -9999.0 -9999.0 -9999.0 -9999.0 -9999.0 -9999.0 -9999.0
-1672.527 -80897.814 -23862.844 -2632.546 -1424.402 -1397.254 -32007.257 0.02 -97716.139 -725.897 -81.345 -628.597 0.02 -1884.307 0.005 0.012 -818496.753 0.014 -192.024 -100753.87 -202166.766 -196.337 -41.595 -83809.124 -15709.448 0.026 0.021 0.02 0.012 -169813.039 0.012 0.017 -16.831 -494878.143 -16.703 -16.79 -1213.948 -3081557.199 -1197.511 -2784.159 -1099427.324 -2801.071 -56.815 -714704.552 -1225.003 -3842.579 -7390.997 -163.424 0.014 0.019 -9999.0 -9999.0 -9999.0 -9999.0 -9999.0 -9999.0 -9999.0 -9999.0 -9999.0 -9999.0 -9999.0 -9999.0 -9999.0 -9999.0 -9999.0 -9999.0
-858.062 -19.005 -7154478.254 0.019 -511273.95 -1417.439 -240080.57 -286.479 -21.699 -486.649 -5712.61 -492.266 0.017 -10.826 -267049.724 0.03 -1.371 -26150.251 -2061.262 -195521.605 -1858354.36 -68372.664 -42450.93 -3147.504 0.008 0.008 0.011 0.011 -284460.111 0.014 0.021 0.017 -16.828 -456.331 -990829.501 -17.326 -1229.658 -549964.874 -60.643 -61.011 -4821266.035 -69218.795 -13225.813 -526407.381 -4826.35 -2602.322 0.028 -7254.158 -9999.0 -9999.0 -9999.0 -9999.0 -9999.0 -9999.0 -9999.0 -9999.0 -9999.0 -9999.0 -9999.0 -9999.0 -9999.0 -9999.0 -9999.0 -9999.0 -9999.0 -9999.0
0.005 0.005 0.005 -163928.3 -193583.112 0.01 0.018 -6199339.463 0.019 -77123.208 -6541.896 -485.512 -10.783 0.085 0.018 -5254233.86 0.024 -577779.849 -212298.342 -2.8098228808E7 -9987.123 -3513093.911 -28446.844 -2727.662 0.016 0.008 0.004 -3.1070866613E7 -11294.498 0.011 0.012 0.023 -17.144 -16.91 0.022 -913635.338 -1668.653 -832916.879 -498.2 -503.568 -528338.91 -1.0359578359E7 -451574.92 -5921.93 -27.034 -26.421 0.091 -9999.0 -9999.0 -9999.0 -9999.0 -9999.0 -9999.0 -9999.0 -9999.0 -9999.0 -9999.0 -9999.0 -9999.0 -9999.0 -9999.0 -9999.0 -9999.0 -9999.0 -9999.0 -9999.0
-19923.362 -4694582.125 -801172.858 -41322.145 -2565930.222 -3927.249 0.009 -3146.051 -723.595 0.014 -7.699 -666.685 -20712.924 -12147.815 -300.509 -45063.177 -2832.551 0.028 -2090466.595 -2.1613676954E7 -5.9577329359E7 -2.3768861351E7 -3003990.346 -1.7067690098E7 -3297964.247 -2755959.327 -2511524.718 0.017 0.008 0.008 0.012 0.011 0.017 0.014 0.01 -175.256 -8.236276295E7 0.007 -22467.973 -22416.289 -2014.754 -205612.464 0.021 0.011 0.011 0.015 0.018 -9999.0 -9999.0 -9999.0 -9999.0 -9999.0 -9999.0 -9999.0 -9999.0 -9999.0 -9999.0 -9999.0 -9999.0 -9999.0 -9999.0 -9999.0 -9999.0 -9999.0 -9999.0 -9999.0
-436.195 -2779.144 -313.62 -14477.418 -2203291.416 -1216836.725 0.018 -126.753 -7967.141 -86.568 -7.704 0.016 -11976.6 -12054.301 -321.095 -17.575 -2318849.347 -18.552 -1157221.549 -522329.442 -1401064.059 -600649.964 -187764.515 -63952.782 0.018 0.018 0.018 0.017 0.008 0.011 0.009 0.02 0.024 0.009 0.017 0.029 -2.4916272684E7 -141109.732 -122746.81 -119240.146 -7.7154483038E7 -63478.889 -27008.491 -1166918.645 -40134.998 0.012 0.018 -9999.0 -9999.0 -9999.0 -9999.0 -9999.0 -9999.0 -9999.0 -9999.0 -9999.0 -9999.0 -9999.0 -9999.0 -9999.0 -9999.0 -9999.0 -9999.0 -9999.0 -9999.0 -9999.0
-520.743 -526.552 -311.291 -3856.261 -3731.702 -2498602.256 -537.005 -110.836 -752.802 0.026 0.02 -365.349 -244.867 -10140.225 -920.191 -129033.306 -18206.246 -2834.543 -2532477.124 -1.5096709013E7 -12457.918 -22453.127 -78986.3 -62797.828 0.017 0.011 0.012 0.013 0.026 0.021 0.02 0.017 0.015 0.026 -2.902 -307.283 -1.7218764592E7 -518933.901 -2785652.334 -4202809.632 -2.5160417619E7 -345947.147 -688229.466 -870647.314 0.014 0.013 -9999.0 -9999.0 -9999.0 -9999.0 -9999.0 -9999.0 -9999.0 -9999.0 -9999.0 -9999.0 -9999.0 -9999.0 -9999.0 -9999.0 -9999.0 -9999.0 -9999.0 -9999.0 -9999.0 -9999.0
-429.234 -437.922 -435.283 -3840.296 -13560.737 -8.6638838098E7 -1197.031 -4655221.813 0.037 0.034 -277.184 -298.287 -1590.549 -245.125 -823.57 0.07 -3673724.697 -4.9036566618E7 -12314.952 -1.03338858479E8 -353294.647 -12452.808 -79567.744 -23788.63 0.006 0.005 0.009 0.016 0.014 0.008 0.009 -184315.941 0.012 0.008 0.009 -306.118 -181604.481 -471263.994 -3.26253850939E8 -1336495.611 -142210.064 -122838.734 0.02 0.013 0.013 0.012 -9999.0 -9999.0 -9999.0 -9999.0 -9999.0 -9999.0 -9999.0 -9999.0 -9999.0 -9999.0 -9999.0 -9999.0 -9999.0 -9999.0 -9999.0 -9999.0 -9999.0 -9999.0 -9999.0 -9999.0
-380.252 -440.048 -437.938 -383.053 0.02 -915984.788 -6698444.006 0.009 0.023 0.032 0.002 0.031 -78.031 -96573.801 -770.483 -2041.0 -8643732.261 -156413.067 -346566.855 -24414.722 -187356.27 -513711.375 -79255.569 -24326.615 -0.01 0.009 0.015 0.01 0.01 0.013 0.009 -161852.617 -167664.541 0.01 -8147378.58 0.032 -70539.501 -23385.676 -3.3266694519E7 -142899.606 -83445.305 -83884.446 0.012 0.013 0.022 0.026 -9999.0 -9999.0 -9999.0 -9999.0 -9999.0 -9999.0 -9999.0 -9999.0 -9999.0 -9999.0 -9999.0 -9999.0 -9999.0 -9999.0 -9999.0 -9999.0 -9999.0 -9999.0 -9999.0 -9999.0
-386.18 -3091.817 -163.045 0.019 0.016 0.02 -4.9713650164E7 -4634.82 0.042 0.035 0.023 0.031 -57.129 -1763226.128 -76.52 -6254345.232 -71986.055 -1989.877 -1.2771967122E7 -6.0298475635E7 -615.159 -1719.451 -2596.818 -45333.767 0.01 0.009 0.008 -0.001 0.01 -6713.24 0.013 0.012 -1.0355480118E7 0.009 -8167209.602 -390.74 0.001 -2.5571439628E7 -125009.891 -9168.902 -117.76 -117.964 0.009 0.02 0.023 0.022 -9999.0 -9999.0 -9999.0 -9999.0 -9999.0 -9999.0 -9999.0 -9999.0 -9999.0 -9999.0 -9999.0 -9999.0 -9999.0 -9999.0 -9999.0 -9999.0 -9999.0 -9999.0 -9999.0 -9999.0
-450.592 -448.041 -54016.211 -1702.635 -2254.68 -2153.805 0.036 -1333175.816 0.036 -2765426.558 0.036 -531.323 -1571.615 -1413.128 -2.7534982836E7 -1.61177585599E9 -774170.858 -1208076.957 0.012 0.009 -1873762.397 -7770.67 0.007 0.007 -284.414 -309.669 -278.895 -241166.037 -272.616 -137167.428 0.021 -8921.2 -1427286.885 -42861.999 -6.6962311676E7 -3386703.96 -2296908.394 -7752.304 -7452.498 -486.001 -481.723 0.025 0.014 0.011 0.019 -9999.0 -9999.0 -9999.0 -9999.0 -9999.0 -9999.0 -9999.0 -9999.0 -9999.0 -9999.0 -9999.0 -9999.0 -9999.0 -9999.0 -9999.0 -9999.0 -9999.0 -9999.0 -9999.0 -9999.0 -9999.0
-449.959 -5948.45 -71292.265 -82971.427 -450.647 -452.591 -143.566 -81213.194 -7509202.804 -244.384 0.025 -2621.72 -625248.128 -1.7517689903E7 -56419.154 -3313154.936 -425142.285 -106484.278 0.009 0.011 0.013 0.02 0.008 0.01 -26835.878 -315.111 -272.096 -1323058.71 -273.578 -270.358 -191886.104 -8940.627 -3575906.182 -640766.375 -258899.884 -49269.39 -685.15 -2895.883 -7569.526 -7560.001 -90.693 -89.133 0.012 -0.079 0.011 -9999.0 -9999.0 -9999.0 -9999.0 -9999.0 -9999.0 -9999.0 -9999.0 -9999.0 -9999.0 -9999.0 -9999.0 -9999.0 -9999.0 -9999.0 -9999.0 -9999.0 -9999.0 -9999.0 -9999.0 -9999.0
-700.032 -21609.624 0.017 -155751.045 -683.924 -442.241 -42.332 -1528867.55 -77.242 -132.325 -133.908 -384.688 -2.2411695325E7 -5518195.347 -1.2853358237E7 -7310884.245 0.083 -86331.78 0.005 0.015 0.024 -0.044 0.049 -0.045 -1517070.024 -1323.683 -1109.255 -684464.349 -1095.653 -1083.233 -1304945.479 -84451.297 -2140116.218 -53137.05 -43131.251 -48306.058 -2976.914 -18249.15 -865.572 -530918.342 -5287355.456 -714103.628 -1559633.96 0.012 0.012 -9999.0 -9999.0 -9999.0 -9999.0 -9999.0 -9999.0 -9999.0 -9999.0 -9999.0 -9999.0 -9999.0 -9999.0 -9999.0 -9999.0 -9999.0 -9999.0 -9999.0 -9999.0 -9999.0 -9999.0 -9999.0
-1636.254 -223276.039 0.024 0.016 -1921.31 0.027 0.02 0.004 -322192.554 -38.354 -41.018 -231419.85 -7056554.192 -7856943.717 -134109.863 -5389.14 -474843.235 -11224.215 0.014 0.015 0.005 0.029 0.005 0.025 -1299.322 -4462795.817 -1413.244 -1649664.386 -1093.171 -1077.548 -2894697.55 -9.1881991207E7 -193687.279 -8822.132 -9845.236 -59038.389 -6449332.168 -98533.648 -216457.498 -6597078.741 -1840.559 -89.033 -4820.449 -9999.0 -9999.0 -9999.0 -9999.0 -9999.0 -9999.0 -9999.0 -9999.0 -9999.0 -9999.0 -9999.0 -9999.0 -9999.0 -9999.0 -9999.0 -9999.0 -9999.0 -9999.0 -9999.0 -9999.0 -9999.0 -9999.0 -9999.0
-1623.396 -38178.413 -55379.159 -114834.776 -97385.559 -17561.659 0.013 0.036 -379621.572 -1717.892 0.018 -1.13311640027E8 -2277686.919 -2.2165745954E7 -316363.21 -3047.766 -73796.303 -105988.165 0.013 0.025 0.02 0.016 0.025 0.011 -1154.747 0.028 -2255644.818 -1659551.594 -1408.089 -1380.893 -424.559 -2916358.75 -32058.093 -2385683.884 -617448.812 -3030110.775 -452646.108 -686.647 -0.0 -1806.166 -1808.076 -88.709 -9999.0 -9999.0 -9999.0 -9999.0 -9999.0 -9999.0 -9999.0 -9999.0 -9999.0 -9999.0 -9999.0 -9999.0 -9999.0 -9999.0 -9999.0 -9999.0 -9999.0 -9999.0 -9999.0 -9999.0 -9999.0 -9999.0 -9999.0 -9999.0
-52.796 -272.262 -1.50099794038E8 -3.3752265299E7 -1198258.105 -51.787 0.016 -7075177.114 -832.684 0.004 -4.5608856011E7 -2.4329313474E7 -2.04412599843E8 0.012 -676153.447 -74004.817 -242989.012 -23.395 -0.035 -0.093 0.012 0.012 0.013 0.017 -1494.082 -606.861 -445882.093 -559.128 -1423.85 -9601.073 -1.46348370752E8 -7073.911 -2662863.767 0.016 -9908.254 -10049.699 -1971.917 -2989932.395 -687.315 -1811.498 -88.615 -9999.0 -9999.0 -9999.0 -9999.0 -9999.0 -9999.0 -9999.0 -9999.0 -9999.0 -9999.0 -9999.0 -9999.0 -9999.0 -9999.0 -9999.0 -9999.0 -9999.0 -9999.0 -9999.0 -9999.0 -9999.0 -9999.0 -9999.0 -9999.0 -9999.0
-615.073 -614.472 -4144740.547 -69678.876 -220005.083 -7881.563 -451.034 -0.041 -5687007.748 -17065.295 -4.6610948041E7 -1.137864788456E9 0.002 0.022 -1006.908 -1004.951 -0.005 -0.781 -0.01 -0.112 0.008 -23.672 -23.44 -23.19 -434.149 -11965.925 -114443.631 -636.851 -11886.311 -381682.323 -3872248.044 -2.4120037229E7 0.014 0.014 0.02 -226.824 0.024 0.007 0.008 0.02 -9999.0 -9999.0 -9999.0 -9999.0 -9999.0 -9999.0 -9999.0 -9999.0 -9999.0 -9999.0 -9999.0 -9999.0 -9999.0 -9999.0 -9999.0 -9999.0 -9999.0 -9999.0 -9999.0 -9999.0 -9999.0 -9999.0 -9999.0 -9999.0 -9999.0 -9999.0
-171557.128 -3077.122 -1618017.349 -69697.41 -69700.945 -326.284 -1889533.293 -173.017 -252.944 -1300.862 -1.3973704513E7 0.011 -5134.313 -156.436 0.047 -0.001 -0.009 0.01 -26748.138 0.023 0.016 0.026 -172.733 0.015 -431.535 -121024.921 -215.024 -1130846.253 -837502.976 -1559595.604 0.017 0.013 -419010.925 -1601505.608 -60307.538 -19.242 0.014 0.018 0.038 -9999.0 -9999.0 -9999.0 -9999.0 -9999.0 -9999.0 -9999.0 -9999.0 -9999.0 -9999.0 -9999.0 -9999.0 -9999.0 -9999.0 -9999.0 -9999.0 -9999.0 -9999.0 -9999.0 -9999.0 -9999.0 -9999.0 -9999.0 -9999.0 -9999.0 -9999.0 -9999.0
0.012 -351438.752 -21411.455 -181844.413 -40537.596 -9823.823 -234.111 -165.875 -703.845 0.12 0.025 -1379370.69 0.02 0.036 -5207.738 0.017 0.034 -365672.381 0.017 0.023 0.022 -14237.149 -402.861 -91021.412 -5379.263 -120304.768 -306437.445 -1564653.379 -110243.527 -0.001 0.017 0.013 0.013 0.013 -677.918 -44509.192 0.013 0.01 -9999.0 -9999.0 -9999.0 -9999.0 -9999.0 -9999.0 -9999.0 -9999.0 -9999.0 -9999.0 -9999.0 -9999.0 -9999.0 -9999.0 -9999.0 -9999.0 -9999.0 -9999.0 -9999.0 -9999.0 -9999.0 -9999.0 -9999.0 -9999.0 -9999.0 -9999.0 -9999.0 -9999.0
-3044.466 0.007 -170602.588 -4235063.1 -40568.455 -60956.772 -81.676 -177.612 -2.921 0.018 -25403.373 -4830671.045 -1.875022858E8 -5185.255 -5200.168 0.018 0.018 -300714.673 0.016 0.013 0.016 0.014 -2179.591 -12373.196 -1030.21 -269.729 -8791067.991 -977608.121 -121242.346 -120946.285 0.016 0.013 0.013 0.012 0.012 -19.37 0.016 0.02 -9999.0 -9999.0 -9999.0 -9999.0 -9999.0 -9999.0 -9999.0 -9999.0 -9999.0 -9999.0 -9999.0 -9999.0 -9999.0 -9999.0 -9999.0 -9999.0 -9999.0 -9999.0 -9999.0 -9999.0 -9999.0 -9999.0 -9999.0 -9999.0 -9999.0 -9999.0 -9999.0 -9999.0
-205622.853 -139911.479 -40550.187 -1.1139902147E7 -5.2222210994E7 -484179.726 -37.318 -37.747 -84.72 -84.558 -387.329 -1.0945073348E7 -1703337.909 -1826.72 0.018 0.016 0.018 -684814.196 0.016 0.022 0.015 0.016 -2605837.82 -30577.842 -1010.325 -3287490.016 -3633573.941 -27348.291 -27438.901 -121535.977 -1046.541 0.016 0.022 0.014 0.006 -155.942 0.02 -9999.0 -9999.0 -9999.0 -9999.0 -9999.0 -9999.0 -9999.0 -9999.0 -9999.0 -9999.0 -9999.0 -9999.0 -9999.0 -9999.0 -9999.0 -9999.0 -9999.0 -9999.0 -9999.0 -9999.0 -9999.0 -9999.0 -9999.0 -9999.0 -9999.0 -9999.0 -9999.0 -9999.0 -9999.0
-1728.157 -1728.256 -1239184.666 -73117.602 -4998604.021 -1475700.765 -45.47 -36.694 -20549.223 -3300.815 -171.36 -11115.071 -1.07251599984E8 -16873.9 0.02 0.019 0.033 -7197.745 0.023 0.014 0.016 0.016 -1.023289727E7 0.024 0.019 -1107802.251 -1.54450385878E8 -1.1366972609E7 -2340114.337 -1.6376175625E7 -5293375.88 -18902.626 -805.055 0.014 0.014 -155.133 0.033 0.072 -9999.0 -9999.0 -9999.0 -9999.0 -9999.0 -9999.0 -9999.0 -9999.0 -9999.0 -9999.0 -9999.0 -9999.0 -9999.0 -9999.0 -9999.0 -9999.0 -9999.0 -9999.0 -9999.0 -9999.0 -9999.0 -9999.0 -9999.0 -9999.0 -9999.0 -9999.0 -9999.0 -9999.0
