static/jobfarm/user_models/minyf/common/HOME-GBHM/输出文件/Output/Grids/snowDepth20020227.asc
ncols 221
nrows 204
xllcorner -627000.0
yllcorner 3955000.0
cellsize 900.0
NODATA_value -9999.0
[rows 30 to 59 of 204, columns 67 to 133 of 221]
420.366 420.364 420.362 420.359 420.356 420.353 420.35 420.346 420.343 420.339 420.336 420.332 420.329 420.325 420.322 420.319 420.315 420.312 420.309 420.307 420.304 420.302 420.298 420.294 420.289 420.285 420.281 420.278 420.275 420.268 420.262 420.256 420.25 420.245 420.24 420.231 420.223 420.215 420.208 420.201 420.195 420.189 420.183 420.178 420.173 420.169 420.166 420.163 -9999.0 -9999.0 -9999.0 -9999.0 -9999.0 -9999.0 -9999.0 -9999.0 -9999.0 -9999.0 -9999.0 -9999.0 -9999.0 -9999.0 -9999.0 -9999.0 -9999.0 -9999.0 -9999.0
420.348 420.346 420.343 420.341 420.338 420.336 420.333 420.33 420.327 420.324 420.32 420.317 420.314 420.311 420.308 420.305 420.302 420.299 420.297 420.294 420.292 420.29 420.286 420.282 420.278 420.274 420.271 420.267 420.264 420.258 420.252 420.246 420.241 420.236 420.231 420.222 420.215 420.207 420.2 420.194 420.187 420.182 420.176 420.172 420.167 420.164 420.16 420.157 420.155 420.153 420.152 -9999.0 -9999.0 -9999.0 -9999.0 -9999.0 -9999.0 -9999.0 -9999.0 -9999.0 -9999.0 -9999.0 -9999.0 -9999.0 -9999.0 -9999.0 -9999.0
420.329 420.327 420.325 420.323 420.321 420.318 420.316 420.313 420.31 420.308 420.305 420.302 420.299 420.296 420.293 420.291 420.288 420.286 420.284 420.282 420.28 420.278 420.274 420.27 420.266 420.263 420.26 420.257 420.253 420.247 420.242 420.237 420.232 420.227 420.222 420.214 420.206 420.199 420.192 420.186 420.18 420.175 420.17 420.165 420.161 420.157 420.154 420.151 420.149 420.148 420.146 420.146 -9999.0 -9999.0 -9999.0 -9999.0 -9999.0 -9999.0 -9999.0 -9999.0 -9999.0 -9999.0 -9999.0 -9999.0 -9999.0 -9999.0 -9999.0
420.31 420.308 420.307 420.305 420.303 420.301 420.299 420.296 420.294 420.291 420.289 420.286 420.284 420.281 420.279 420.277 420.275 420.273 420.271 420.269 420.268 420.266 420.262 420.258 420.255 420.252 420.249 420.246 420.243 420.237 420.232 420.227 420.222 420.218 420.212 420.205 420.198 420.191 420.184 420.178 420.173 420.168 420.163 420.158 420.154 420.151 420.148 420.145 420.143 420.142 420.141 420.14 420.14 -9999.0 -9999.0 -9999.0 -9999.0 -9999.0 -9999.0 -9999.0 -9999.0 -9999.0 -9999.0 -9999.0 -9999.0 -9999.0 -9999.0
420.291 420.29 420.288 420.287 420.285 420.283 420.281 420.279 420.277 420.275 420.273 420.271 420.269 420.266 420.264 420.262 420.261 420.259 420.258 420.256 420.255 420.253 420.25 420.246 420.243 420.24 420.238 420.236 420.232 420.226 420.222 420.217 420.213 420.209 420.203 420.196 420.189 420.183 420.176 420.17 420.165 420.16 420.155 420.151 420.147 420.144 420.141 420.139 420.137 420.136 420.135 420.135 -9999.0 -9999.0 -9999.0 -9999.0 -9999.0 -9999.0 -9999.0 -9999.0 -9999.0 -9999.0 -9999.0 -9999.0 -9999.0 -9999.0 -9999.0
420.271 420.271 420.27 420.268 420.267 420.266 420.264 420.262 420.261 420.259 420.257 420.255 420.253 420.251 420.25 420.248 420.247 420.245 420.244 420.243 420.243 420.24 420.237 420.234 420.231 420.229 420.227 420.225 420.221 420.216 420.211 420.207 420.203 420.199 420.194 420.187 420.18 420.174 420.168 420.162 420.157 420.152 420.148 420.144 420.14 420.137 420.135 420.133 420.131 420.13 420.129 420.129 -9999.0 -9999.0 -9999.0 -9999.0 -9999.0 -9999.0 -9999.0 -9999.0 -9999.0 -9999.0 -9999.0 -9999.0 -9999.0 -9999.0 -9999.0
420.252 420.252 420.251 420.25 420.249 420.248 420.247 420.245 420.244 420.242 420.241 420.239 420.238 420.236 420.235 420.234 420.233 420.232 420.231 420.23 420.23 420.228 420.225 420.222 420.22 420.217 420.215 420.214 420.21 420.205 420.201 420.197 420.193 420.19 420.185 420.178 420.171 420.165 420.159 420.154 420.149 420.144 420.14 420.136 420.133 420.13 420.128 420.126 420.124 420.123 420.123 420.123 420.123 -9999.0 -9999.0 -9999.0 -9999.0 -9999.0 -9999.0 -9999.0 -9999.0 -9999.0 -9999.0 -9999.0 -9999.0 -9999.0 -9999.0
420.233 420.232 420.232 420.232 420.231 420.23 420.229 420.228 420.227 420.226 420.225 420.223 420.222 420.221 420.22 420.219 420.218 420.218 420.217 420.217 420.217 420.215 420.212 420.21 420.208 420.206 420.204 420.203 420.199 420.195 420.191 420.187 420.183 420.18 420.175 420.168 420.162 420.156 420.15 420.145 420.141 420.136 420.132 420.129 420.126 420.123 420.121 420.119 420.118 420.117 420.117 420.117 420.117 -9999.0 -9999.0 -9999.0 -9999.0 -9999.0 -9999.0 -9999.0 -9999.0 -9999.0 -9999.0 -9999.0 -9999.0 -9999.0 -9999.0
420.213 420.213 420.213 420.213 420.213 420.212 420.211 420.211 420.21 420.209 420.208 420.207 420.207 420.206 420.205 420.205 420.204 420.204 420.204 420.204 420.204 420.202 420.199 420.197 420.196 420.194 420.193 420.192 420.188 420.184 420.18 420.176 420.173 420.169 420.165 420.158 420.152 420.147 420.142 420.137 420.132 420.128 420.124 420.121 420.118 420.116 420.114 420.112 420.111 420.11 420.11 420.11 420.111 420.112 420.113 420.115 420.117 420.119 420.122 -9999.0 -9999.0 -9999.0 -9999.0 -9999.0 -9999.0 -9999.0 -9999.0
420.193 420.194 420.194 420.194 420.194 420.194 420.194 420.193 420.193 420.192 420.192 420.191 420.191 420.19 420.19 420.19 420.19 420.19 420.19 420.19 420.191 420.189 420.187 420.185 420.183 420.182 420.181 420.18 420.176 420.172 420.168 420.165 420.162 420.159 420.154 420.149 420.143 420.138 420.133 420.128 420.124 420.12 420.116 420.113 420.111 420.108 420.107 420.105 420.104 420.103 420.103 420.103 420.104 420.105 420.106 420.108 420.11 420.113 420.116 420.119 -9999.0 -9999.0 -9999.0 -9999.0 -9999.0 -9999.0 -9999.0
420.174 420.174 420.175 420.175 420.176 420.176 420.176 420.176 420.176 420.176 420.175 420.175 420.175 420.175 420.175 420.175 420.175 420.175 420.176 420.177 420.177 420.176 420.174 420.172 420.171 420.169 420.168 420.167 420.164 420.16 420.157 420.154 420.151 420.148 420.144 420.139 420.133 420.128 420.124 420.119 420.115 420.112 420.108 420.105 420.103 420.101 420.099 420.098 420.097 420.096 420.096 420.097 420.097 420.098 420.1 420.101 420.104 420.106 420.109 420.112 -9999.0 -9999.0 -9999.0 -9999.0 -9999.0 -9999.0 -9999.0
420.154 420.155 420.156 420.156 420.157 420.158 420.158 420.158 420.158 420.159 420.159 420.159 420.159 420.159 420.16 420.16 420.161 420.161 420.162 420.163 420.164 420.162 420.16 420.159 420.157 420.156 420.156 420.155 420.152 420.148 420.145 420.143 420.14 420.138 420.134 420.129 420.124 420.119 420.115 420.11 420.107 420.103 420.1 420.097 420.095 420.093 420.092 420.09 420.09 420.089 420.089 420.089 420.09 420.091 420.093 420.094 420.097 420.099 420.102 420.105 420.108 -9999.0 -9999.0 -9999.0 -9999.0 -9999.0 -9999.0
420.134 420.135 420.136 420.137 420.138 420.139 420.14 420.141 420.141 420.142 420.142 420.143 420.143 420.144 420.144 420.145 420.146 420.146 420.147 420.148 420.149 420.147 420.146 420.145 420.144 420.143 420.142 420.142 420.139 420.136 420.133 420.13 420.128 420.126 420.123 420.118 420.114 420.109 420.105 420.101 420.098 420.095 420.092 420.089 420.087 420.085 420.084 420.083 420.082 420.082 420.082 420.082 420.083 420.084 420.085 420.087 420.089 420.092 420.095 420.098 -9999.0 -9999.0 -9999.0 -9999.0 -9999.0 -9999.0 -9999.0
420.114 420.115 420.117 420.118 420.12 420.121 420.122 420.123 420.124 420.125 420.125 420.126 420.127 420.127 420.128 420.129 420.13 420.131 420.132 420.133 420.134 420.132 420.131 420.13 420.129 420.129 420.128 420.128 420.126 420.123 420.12 420.118 420.116 420.114 420.112 420.107 420.103 420.099 420.095 420.092 420.089 420.086 420.083 420.081 420.079 420.077 420.076 420.075 420.074 420.074 420.074 420.075 420.075 420.077 420.078 420.08 420.082 420.084 420.087 420.09 -9999.0 -9999.0 -9999.0 -9999.0 -9999.0 -9999.0 -9999.0
420.094 420.096 420.098 420.099 420.101 420.102 420.103 420.104 420.106 420.106 420.107 420.108 420.109 420.11 420.111 420.112 420.113 420.114 420.115 420.116 420.118 420.116 420.116 420.115 420.114 420.114 420.114 420.114 420.112 420.109 420.107 420.105 420.103 420.102 420.1 420.096 420.092 420.088 420.085 420.081 420.079 420.076 420.074 420.073 420.071 420.069 420.068 420.067 420.067 420.066 420.067 420.067 420.068 420.069 420.07 420.072 420.074 420.076 420.079 420.082 -9999.0 -9999.0 -9999.0 -9999.0 -9999.0 -9999.0 -9999.0
420.072 420.074 420.077 420.079 420.08 420.082 420.084 420.085 420.086 420.087 420.088 420.089 420.09 420.091 420.093 420.094 420.095 420.096 420.098 420.099 420.101 420.1 420.1 420.099 420.099 420.099 420.099 420.1 420.098 420.096 420.094 420.092 420.091 420.089 420.089 420.084 420.081 420.077 420.074 420.071 420.068 420.066 420.064 420.063 420.062 420.061 420.06 420.059 420.059 420.058 420.059 420.059 420.06 420.061 420.062 420.064 420.066 420.068 420.071 420.074 420.077 -9999.0 -9999.0 -9999.0 -9999.0 -9999.0 -9999.0
420.049 420.052 420.054 420.056 420.058 420.06 420.062 420.064 420.065 420.067 420.068 420.07 420.071 420.072 420.074 420.075 420.077 420.079 420.08 420.082 420.085 420.084 420.084 420.084 420.084 420.084 420.085 420.085 420.084 420.082 420.081 420.079 420.078 420.077 420.076 420.073 420.069 420.066 420.063 420.06 420.058 420.056 420.054 420.053 420.052 420.051 420.051 420.051 420.05 420.05 420.051 420.051 420.052 420.053 420.054 420.056 420.058 420.06 420.063 420.065 420.068 420.071 -9999.0 -9999.0 420.081 420.2 -9999.0
420.025 420.028 420.031 420.033 420.036 420.038 420.04 420.042 420.044 420.046 420.048 420.05 420.051 420.053 420.055 420.057 420.059 420.061 420.063 420.065 420.068 420.068 420.068 420.068 420.068 420.069 420.07 420.071 420.07 420.069 420.067 420.066 420.065 420.064 420.064 420.061 420.058 420.055 420.052 420.05 420.048 420.046 420.044 420.043 420.042 420.041 420.041 420.041 420.041 420.042 420.042 420.043 420.044 420.045 420.046 420.048 420.049 420.052 420.054 420.056 420.059 420.062 -9999.0 -9999.0 420.189 420.194 -9999.0
420.001 420.004 420.008 420.011 420.013 420.016 420.018 420.021 420.023 420.025 420.028 420.03 420.032 420.034 420.036 420.038 420.041 420.043 420.045 420.048 420.051 420.051 420.052 420.052 420.053 420.054 420.055 420.056 420.056 420.055 420.054 420.053 420.052 420.052 420.051 420.05 420.047 420.044 420.041 420.039 420.037 420.035 420.034 420.033 420.032 420.031 420.031 420.031 420.032 420.032 420.033 420.034 420.035 420.036 420.038 420.039 420.041 420.043 420.045 420.047 420.05 420.053 420.174 420.178 420.182 420.187 -9999.0
419.977 419.981 419.984 419.988 419.991 419.994 419.997 419.999 420.002 420.005 420.007 420.01 420.012 420.015 420.017 420.02 420.022 420.025 420.028 420.031 420.034 420.035 420.036 420.036 420.037 420.038 420.04 420.041 420.042 420.041 420.04 420.04 420.039 420.039 420.039 420.038 420.035 420.032 420.03 420.028 420.026 420.025 420.023 420.022 420.022 420.021 420.021 420.021 420.022 420.022 420.023 420.025 420.026 420.028 420.029 420.03 420.032 420.034 420.036 420.038 420.041 420.164 420.168 420.172 420.176 420.18 -9999.0
419.953 419.957 419.961 419.964 419.968 419.971 419.975 419.978 419.981 419.984 419.987 419.99 419.992 419.995 419.998 420.001 420.004 420.007 420.01 420.013 420.017 420.018 420.019 420.02 420.022 420.023 420.025 420.026 420.028 420.027 420.027 420.026 420.026 420.026 420.026 420.026 420.024 420.021 420.019 420.017 420.015 420.014 420.013 420.012 420.011 420.011 420.011 420.011 420.011 420.012 420.013 420.014 420.016 420.018 420.02 420.021 420.023 420.025 420.027 420.029 420.154 420.158 420.161 420.165 420.169 420.173 420.177
419.928 419.933 419.937 419.941 419.945 419.949 419.953 419.956 419.96 419.963 419.966 419.969 419.973 419.976 419.979 419.982 419.985 419.989 419.992 419.996 419.999 420.002 420.003 420.004 420.006 420.008 420.009 420.011 420.013 420.013 420.013 420.013 420.012 420.013 420.013 420.013 420.012 420.01 420.008 420.006 420.004 420.003 420.002 420.001 420.0 420.0 420.0 420.0 420.001 420.002 420.003 420.004 420.005 420.007 420.009 420.011 420.013 420.015 420.017 420.143 420.148 420.151 420.154 420.157 420.161 420.165 420.17
419.904 419.909 419.914 419.918 419.923 419.927 419.931 419.935 419.938 419.942 419.946 419.949 419.953 419.956 419.96 419.963 419.967 419.97 419.974 419.978 419.982 419.985 419.987 419.988 419.99 419.992 419.994 419.996 419.998 419.999 419.999 419.999 419.999 419.999 420.0 420.001 420.0 419.998 419.996 419.994 419.993 419.992 419.991 419.99 419.99 419.99 419.99 419.99 419.99 419.991 419.992 419.993 419.995 419.996 419.998 420.0 420.002 420.132 420.136 420.138 420.142 420.144 420.147 420.15 420.154 420.158 420.162
419.88 419.885 419.89 419.895 419.9 419.904 419.909 419.913 419.917 419.921 419.925 419.929 419.933 419.937 419.94 419.944 419.948 419.952 419.956 419.96 419.964 419.968 419.97 419.972 419.974 419.976 419.978 419.981 419.983 419.985 419.985 419.985 419.985 419.986 419.987 419.987 419.988 419.986 419.985 419.983 419.982 419.981 419.98 419.979 419.979 419.979 419.979 419.979 419.98 419.98 419.981 419.982 419.984 419.985 419.987 419.989 420.121 420.124 420.127 420.131 420.134 420.138 420.141 420.143 420.146 420.15 420.154
419.856 419.861 419.867 419.872 419.877 419.882 419.886 419.891 419.896 419.9 419.904 419.908 419.913 419.917 419.921 419.925 419.929 419.933 419.938 419.942 419.947 419.951 419.954 419.956 419.958 419.96 419.963 419.965 419.968 419.971 419.971 419.971 419.972 419.972 419.973 419.974 419.976 419.974 419.973 419.972 419.97 419.969 419.969 419.968 419.968 419.968 419.968 419.968 419.969 419.969 419.97 419.971 419.973 419.974 419.976 420.109 420.113 420.115 420.119 420.122 420.126 420.129 420.133 420.136 420.139 420.142 420.145
419.831 419.837 419.843 419.849 419.854 419.859 419.864 419.869 419.874 419.879 419.883 419.888 419.892 419.897 419.901 419.906 419.91 419.915 419.919 419.924 419.929 419.933 419.937 419.939 419.942 419.944 419.947 419.95 419.953 419.956 419.957 419.957 419.958 419.959 419.96 419.961 419.962 419.963 419.961 419.96 419.959 419.958 419.957 419.957 419.957 419.957 419.957 419.957 419.958 419.958 419.959 419.96 419.961 419.963 420.097 420.1 420.103 420.107 420.109 420.113 420.116 420.119 420.123 420.126 420.13 420.133 420.137
419.806 419.813 419.819 419.825 419.831 419.837 419.842 419.847 419.853 419.858 419.863 419.867 419.872 419.877 419.882 419.887 419.891 419.896 419.901 419.906 419.911 419.916 419.92 419.923 419.925 419.928 419.931 419.934 419.937 419.941 419.943 419.943 419.944 419.945 419.946 419.948 419.949 419.951 419.949 419.948 419.947 419.947 419.946 419.946 419.945 419.945 419.946 419.946 419.946 419.947 419.948 419.949 419.95 420.087 420.09 420.092 420.094 420.097 420.1 420.103 420.106 420.11 420.114 420.117 420.119 420.123 420.126
419.78 419.789 419.796 419.802 419.808 419.814 419.82 419.825 419.831 419.836 419.842 419.847 419.852 419.857 419.862 419.867 419.872 419.877 419.882 419.888 419.893 419.898 419.903 419.906 419.909 419.912 419.915 419.918 419.922 419.925 419.928 419.929 419.93 419.931 419.933 419.934 419.936 419.937 419.937 419.936 419.936 419.935 419.934 419.934 419.934 419.934 419.934 419.935 419.935 419.936 419.936 419.937 420.075 420.078 420.08 420.082 420.085 420.087 420.09 420.094 420.097 420.101 420.104 420.106 420.109 420.112 420.116
419.755 419.764 419.772 419.779 419.785 419.791 419.798 419.804 419.809 419.815 419.821 419.826 419.832 419.837 419.842 419.848 419.853 419.858 419.864 419.869 419.875 419.88 419.886 419.889 419.893 419.896 419.899 419.902 419.906 419.91 419.913 419.915 419.916 419.917 419.919 419.92 419.922 419.924 419.925 419.924 419.924 419.923 419.923 419.923 419.922 419.923 419.923 419.923 419.924 419.924 419.925 420.064 420.066 420.068 420.069 420.071 420.073 420.077 420.081 420.084 420.088 420.091 420.093 420.096 420.099 420.102 420.106
419.73 419.739 419.748 419.755 419.762 419.769 419.775 419.782 419.788 419.794 419.8 419.805 419.811 419.817 419.823 419.828 419.834 419.839 419.845 419.851 419.856 419.862 419.868 419.873 419.876 419.879 419.883 419.886 419.89 419.894 419.898 419.901 419.902 419.903 419.905 419.907 419.908 419.91 419.912 419.912 419.912 419.911 419.911 419.911 419.911 419.911 419.911 419.911 419.912 419.913 420.053 420.054 420.056 420.058 420.059 420.063 420.067 420.067 420.072 420.075 420.077 420.08 420.083 420.086 420.089 420.092 420.096
