static/jobfarm/user_models/minyf/common/HOME-GBHM/输出文件/Output/Grids/snowDepth20020225.asc
ncols 221
nrows 204
xllcorner -627000.0
yllcorner 3955000.0
cellsize 900.0
NODATA_value -9999.0
[rows 60 to 89 of 204, columns 134 to 200 of 221]
433.627 433.628 433.628 433.629 433.629 433.629 -9999.0 -9999.0 433.627 -9999.0 -9999.0 -9999.0 -9999.0 -9999.0 -9999.0 -9999.0 -9999.0 -9999.0 -9999.0 -9999.0 -9999.0 -9999.0 -9999.0 -9999.0 -9999.0 -9999.0 -9999.0 -9999.0 -9999.0 -9999.0 -9999.0 -9999.0 -9999.0 -9999.0 -9999.0 -9999.0 -9999.0 -9999.0 -9999.0 -9999.0 -9999.0 -9999.0 -9999.0 -9999.0 -9999.0 -9999.0 -9999.0 -9999.0 -9999.0 -9999.0 -9999.0 -9999.0 -9999.0 -9999.0 -9999.0 -9999.0 -9999.0 -9999.0 -9999.0 -9999.0 -9999.0 -9999.0 -9999.0 -9999.0 -9999.0 -9999.0 -9999.0
433.612 433.613 433.613 433.613 433.613 433.612 433.612 433.611 433.61 433.608 433.606 -9999.0 -9999.0 -9999.0 -9999.0 -9999.0 -9999.0 -9999.0 -9999.0 -9999.0 -9999.0 -9999.0 -9999.0 -9999.0 -9999.0 -9999.0 -9999.0 -9999.0 -9999.0 -9999.0 -9999.0 -9999.0 -9999.0 -9999.0 -9999.0 -9999.0 -9999.0 -9999.0 -9999.0 -9999.0 -9999.0 -9999.0 -9999.0 -9999.0 -9999.0 -9999.0 -9999.0 -9999.0 -9999.0 -9999.0 -9999.0 -9999.0 -9999.0 -9999.0 -9999.0 -9999.0 -9999.0 -9999.0 -9999.0 -9999.0 -9999.0 -9999.0 -9999.0 -9999.0 -9999.0 -9999.0 -9999.0
433.597 433.598 433.598 433.597 433.597 433.596 433.595 433.594 433.592 433.59 433.588 433.585 -9999.0 433.578 433.574 -9999.0 -9999.0 -9999.0 -9999.0 -9999.0 -9999.0 -9999.0 -9999.0 -9999.0 -9999.0 -9999.0 -9999.0 -9999.0 -9999.0 -9999.0 -9999.0 -9999.0 -9999.0 -9999.0 -9999.0 -9999.0 -9999.0 -9999.0 -9999.0 -9999.0 -9999.0 -9999.0 -9999.0 -9999.0 -9999.0 -9999.0 -9999.0 -9999.0 -9999.0 -9999.0 -9999.0 -9999.0 -9999.0 -9999.0 -9999.0 -9999.0 -9999.0 -9999.0 -9999.0 -9999.0 -9999.0 -9999.0 -9999.0 -9999.0 -9999.0 -9999.0 -9999.0
433.582 433.582 433.582 433.582 433.581 433.58 433.579 433.577 433.575 433.573 433.57 433.567 433.564 433.559 433.555 -9999.0 -9999.0 -9999.0 -9999.0 -9999.0 -9999.0 -9999.0 -9999.0 -9999.0 -9999.0 -9999.0 -9999.0 -9999.0 -9999.0 -9999.0 -9999.0 -9999.0 -9999.0 -9999.0 -9999.0 -9999.0 -9999.0 -9999.0 -9999.0 -9999.0 -9999.0 -9999.0 -9999.0 -9999.0 -9999.0 -9999.0 -9999.0 -9999.0 -9999.0 -9999.0 -9999.0 -9999.0 -9999.0 -9999.0 -9999.0 -9999.0 -9999.0 -9999.0 -9999.0 -9999.0 -9999.0 -9999.0 -9999.0 -9999.0 -9999.0 -9999.0 -9999.0
433.568 433.567 433.567 433.566 433.565 433.564 433.562 433.56 433.558 433.556 433.553 433.549 433.545 433.541 433.536 433.531 433.525 -9999.0 -9999.0 -9999.0 -9999.0 -9999.0 -9999.0 -9999.0 -9999.0 -9999.0 -9999.0 -9999.0 -9999.0 -9999.0 -9999.0 -9999.0 -9999.0 -9999.0 -9999.0 -9999.0 -9999.0 -9999.0 -9999.0 -9999.0 -9999.0 -9999.0 -9999.0 -9999.0 -9999.0 -9999.0 -9999.0 -9999.0 -9999.0 -9999.0 -9999.0 -9999.0 -9999.0 -9999.0 -9999.0 -9999.0 -9999.0 -9999.0 -9999.0 -9999.0 -9999.0 -9999.0 -9999.0 -9999.0 -9999.0 -9999.0 -9999.0
433.553 433.552 433.551 433.55 433.549 433.548 433.546 433.544 433.541 433.538 433.535 433.531 433.527 433.523 433.517 433.512 433.506 433.499 433.491 -9999.0 -9999.0 -9999.0 -9999.0 -9999.0 -9999.0 -9999.0 -9999.0 -9999.0 -9999.0 -9999.0 -9999.0 -9999.0 -9999.0 -9999.0 -9999.0 -9999.0 -9999.0 -9999.0 -9999.0 -9999.0 -9999.0 -9999.0 -9999.0 -9999.0 -9999.0 -9999.0 -9999.0 -9999.0 -9999.0 -9999.0 -9999.0 -9999.0 -9999.0 -9999.0 -9999.0 -9999.0 -9999.0 -9999.0 -9999.0 -9999.0 -9999.0 -9999.0 -9999.0 -9999.0 -9999.0 -9999.0 -9999.0
433.538 433.537 433.536 433.535 433.533 433.531 433.529 433.527 433.524 433.521 433.518 433.514 433.509 433.504 433.499 433.493 433.487 433.48 433.472 433.464 433.455 -9999.0 433.435 433.423 -9999.0 -9999.0 -9999.0 -9999.0 -9999.0 -9999.0 -9999.0 -9999.0 -9999.0 -9999.0 -9999.0 -9999.0 -9999.0 -9999.0 -9999.0 -9999.0 -9999.0 -9999.0 -9999.0 -9999.0 -9999.0 -9999.0 -9999.0 -9999.0 -9999.0 -9999.0 -9999.0 -9999.0 -9999.0 -9999.0 -9999.0 -9999.0 -9999.0 -9999.0 -9999.0 -9999.0 -9999.0 -9999.0 -9999.0 -9999.0 -9999.0 -9999.0 -9999.0
433.523 433.522 433.521 433.519 433.518 433.515 433.513 433.511 433.508 433.504 433.5 433.496 433.492 433.487 433.481 433.475 433.468 433.461 433.453 433.445 433.435 433.426 433.415 433.404 433.392 -9999.0 -9999.0 -9999.0 -9999.0 -9999.0 -9999.0 -9999.0 -9999.0 -9999.0 -9999.0 -9999.0 -9999.0 -9999.0 -9999.0 -9999.0 -9999.0 -9999.0 -9999.0 -9999.0 -9999.0 -9999.0 -9999.0 -9999.0 -9999.0 -9999.0 -9999.0 -9999.0 -9999.0 -9999.0 -9999.0 -9999.0 -9999.0 -9999.0 -9999.0 -9999.0 -9999.0 -9999.0 -9999.0 -9999.0 -9999.0 -9999.0 -9999.0
433.508 433.507 433.506 433.504 433.502 433.5 433.497 433.494 433.491 433.487 433.483 433.479 433.474 433.469 433.463 433.457 433.45 433.442 433.434 433.426 433.416 433.406 433.396 433.384 433.372 433.359 -9999.0 -9999.0 -9999.0 -9999.0 -9999.0 -9999.0 -9999.0 -9999.0 -9999.0 -9999.0 -9999.0 -9999.0 -9999.0 -9999.0 -9999.0 -9999.0 -9999.0 -9999.0 -9999.0 -9999.0 -9999.0 -9999.0 -9999.0 -9999.0 -9999.0 -9999.0 -9999.0 -9999.0 -9999.0 -9999.0 -9999.0 -9999.0 -9999.0 -9999.0 -9999.0 -9999.0 -9999.0 -9999.0 -9999.0 -9999.0 -9999.0
433.494 433.492 433.49 433.489 433.486 433.484 433.481 433.478 433.475 433.471 433.467 433.462 433.457 433.451 433.445 433.439 433.432 433.424 433.416 433.407 433.398 433.388 433.377 433.365 433.353 433.34 433.327 433.312 -9999.0 -9999.0 -9999.0 -9999.0 -9999.0 -9999.0 -9999.0 -9999.0 -9999.0 -9999.0 -9999.0 -9999.0 -9999.0 -9999.0 -9999.0 -9999.0 -9999.0 -9999.0 -9999.0 -9999.0 -9999.0 -9999.0 -9999.0 -9999.0 -9999.0 -9999.0 -9999.0 -9999.0 -9999.0 -9999.0 -9999.0 -9999.0 -9999.0 -9999.0 -9999.0 -9999.0 -9999.0 -9999.0 -9999.0
433.479 433.477 433.475 433.473 433.471 433.468 433.465 433.462 433.458 433.454 433.45 433.445 433.44 433.434 433.428 433.421 433.414 433.406 433.398 433.389 433.38 433.369 433.359 433.347 433.335 433.322 433.308 433.294 433.278 433.262 -9999.0 -9999.0 -9999.0 -9999.0 -9999.0 -9999.0 -9999.0 -9999.0 -9999.0 -9999.0 -9999.0 -9999.0 -9999.0 -9999.0 -9999.0 -9999.0 -9999.0 -9999.0 -9999.0 -9999.0 -9999.0 -9999.0 -9999.0 -9999.0 -9999.0 -9999.0 -9999.0 -9999.0 -9999.0 -9999.0 -9999.0 -9999.0 -9999.0 -9999.0 -9999.0 -9999.0 -9999.0
433.464 433.463 433.461 433.458 433.456 433.453 433.45 433.446 433.442 433.438 433.434 433.429 433.423 433.417 433.411 433.404 433.397 433.389 433.38 433.371 433.362 433.352 433.341 433.329 433.317 433.304 433.29 433.276 433.261 433.245 433.228 -9999.0 -9999.0 -9999.0 -9999.0 -9999.0 -9999.0 -9999.0 -9999.0 -9999.0 -9999.0 -9999.0 -9999.0 -9999.0 -9999.0 -9999.0 -9999.0 -9999.0 -9999.0 -9999.0 -9999.0 -9999.0 -9999.0 -9999.0 -9999.0 -9999.0 -9999.0 -9999.0 -9999.0 -9999.0 -9999.0 -9999.0 -9999.0 -9999.0 -9999.0 -9999.0 -9999.0
433.45 433.448 433.446 433.443 433.441 433.438 433.434 433.431 433.427 433.422 433.417 433.412 433.407 433.401 433.394 433.387 433.38 433.372 433.363 433.354 433.344 433.334 433.323 433.312 433.299 433.286 433.273 433.258 433.243 433.227 433.211 433.194 -9999.0 -9999.0 -9999.0 -9999.0 -9999.0 -9999.0 -9999.0 -9999.0 -9999.0 -9999.0 -9999.0 -9999.0 -9999.0 -9999.0 -9999.0 -9999.0 -9999.0 -9999.0 -9999.0 -9999.0 -9999.0 -9999.0 -9999.0 -9999.0 -9999.0 -9999.0 -9999.0 -9999.0 -9999.0 -9999.0 -9999.0 -9999.0 -9999.0 -9999.0 -9999.0
433.436 433.434 433.431 433.429 433.426 433.422 433.419 433.415 433.411 433.406 433.402 433.396 433.39 433.384 433.378 433.371 433.363 433.355 433.346 433.337 433.327 433.317 433.306 433.295 433.282 433.269 433.256 433.242 433.227 433.211 433.195 433.177 -9999.0 -9999.0 -9999.0 -9999.0 -9999.0 -9999.0 -9999.0 -9999.0 -9999.0 -9999.0 -9999.0 -9999.0 -9999.0 -9999.0 -9999.0 -9999.0 -9999.0 -9999.0 -9999.0 -9999.0 -9999.0 -9999.0 -9999.0 -9999.0 -9999.0 -9999.0 -9999.0 -9999.0 -9999.0 -9999.0 -9999.0 -9999.0 -9999.0 -9999.0 -9999.0
433.422 433.419 433.417 433.414 433.411 433.408 433.404 433.4 433.396 433.391 433.386 433.38 433.375 433.368 433.362 433.354 433.347 433.339 433.33 433.321 433.311 433.3 433.29 433.278 433.266 433.253 433.239 433.225 433.211 433.195 433.179 433.162 -9999.0 -9999.0 -9999.0 -9999.0 -9999.0 -9999.0 -9999.0 -9999.0 -9999.0 -9999.0 -9999.0 -9999.0 -9999.0 -9999.0 -9999.0 -9999.0 -9999.0 -9999.0 -9999.0 -9999.0 -9999.0 -9999.0 -9999.0 -9999.0 -9999.0 -9999.0 -9999.0 -9999.0 -9999.0 -9999.0 -9999.0 -9999.0 -9999.0 -9999.0 -9999.0
433.408 433.405 433.402 433.4 433.396 433.393 433.389 433.385 433.38 433.376 433.37 433.365 433.359 433.353 433.346 433.339 433.331 433.323 433.314 433.305 433.295 433.284 433.273 433.262 433.25 433.237 433.224 433.21 433.195 433.18 433.164 433.147 433.129 -9999.0 -9999.0 -9999.0 433.053 -9999.0 -9999.0 -9999.0 -9999.0 -9999.0 -9999.0 -9999.0 -9999.0 -9999.0 -9999.0 -9999.0 -9999.0 -9999.0 -9999.0 -9999.0 -9999.0 -9999.0 -9999.0 -9999.0 -9999.0 -9999.0 -9999.0 -9999.0 -9999.0 -9999.0 -9999.0 -9999.0 -9999.0 -9999.0 -9999.0
433.394 433.391 433.388 433.385 433.382 433.378 433.374 433.37 433.366 433.361 433.355 433.35 433.344 433.337 433.33 433.323 433.315 433.307 433.298 433.289 433.279 433.269 433.258 433.246 433.234 433.222 433.208 433.194 433.18 433.165 433.149 433.132 433.115 -9999.0 -9999.0 -9999.0 433.04 433.02 432.996 -9999.0 -9999.0 -9999.0 -9999.0 -9999.0 -9999.0 -9999.0 -9999.0 -9999.0 -9999.0 -9999.0 -9999.0 -9999.0 -9999.0 -9999.0 -9999.0 -9999.0 -9999.0 -9999.0 -9999.0 -9999.0 -9999.0 -9999.0 -9999.0 -9999.0 -9999.0 -9999.0 -9999.0
433.38 433.377 433.374 433.371 433.368 433.364 433.36 433.356 433.351 433.346 433.341 433.335 433.329 433.322 433.315 433.308 433.3 433.292 433.283 433.274 433.264 433.253 433.243 433.231 433.219 433.207 433.193 433.18 433.165 433.15 433.135 433.119 433.102 433.084 433.066 433.048 433.028 433.007 432.982 432.955 432.927 432.899 432.87 -9999.0 -9999.0 -9999.0 -9999.0 -9999.0 -9999.0 -9999.0 -9999.0 -9999.0 -9999.0 -9999.0 -9999.0 -9999.0 -9999.0 -9999.0 -9999.0 -9999.0 -9999.0 -9999.0 -9999.0 -9999.0 -9999.0 -9999.0 -9999.0
433.366 433.364 433.361 433.357 433.354 433.35 433.346 433.341 433.337 433.332 433.326 433.32 433.314 433.307 433.3 433.293 433.285 433.277 433.268 433.259 433.249 433.239 433.228 433.216 433.205 433.192 433.179 433.166 433.151 433.137 433.121 433.105 433.089 433.072 433.054 433.036 433.016 432.992 432.966 432.94 432.913 432.885 432.857 432.828 432.798 -9999.0 -9999.0 -9999.0 -9999.0 -9999.0 -9999.0 -9999.0 -9999.0 -9999.0 -9999.0 -9999.0 -9999.0 -9999.0 -9999.0 -9999.0 -9999.0 -9999.0 -9999.0 -9999.0 -9999.0 -9999.0 -9999.0
433.353 433.35 433.347 433.344 433.34 433.336 433.332 433.327 433.323 433.317 433.312 433.306 433.3 433.293 433.286 433.278 433.271 433.262 433.253 433.244 433.234 433.224 433.214 433.202 433.191 433.178 433.165 433.152 433.138 433.124 433.108 433.093 433.077 433.06 433.041 433.022 433.0 432.976 432.951 432.926 432.899 432.873 432.845 432.817 432.788 -9999.0 -9999.0 -9999.0 -9999.0 -9999.0 -9999.0 -9999.0 -9999.0 -9999.0 -9999.0 -9999.0 -9999.0 -9999.0 -9999.0 -9999.0 -9999.0 -9999.0 -9999.0 -9999.0 -9999.0 -9999.0 -9999.0
433.34 433.337 433.334 433.33 433.326 433.322 433.318 433.314 433.309 433.303 433.298 433.292 433.286 433.279 433.272 433.264 433.257 433.248 433.239 433.23 433.221 433.21 433.2 433.189 433.177 433.165 433.152 433.139 433.125 433.111 433.096 433.08 433.063 433.045 433.027 433.008 432.985 432.961 432.937 432.912 432.887 432.86 432.833 432.805 432.775 432.744 432.713 432.681 -9999.0 -9999.0 -9999.0 -9999.0 -9999.0 -9999.0 -9999.0 -9999.0 -9999.0 -9999.0 -9999.0 -9999.0 -9999.0 -9999.0 -9999.0 -9999.0 -9999.0 -9999.0 -9999.0
433.327 433.324 433.32 433.317 433.313 433.309 433.305 433.3 433.295 433.29 433.284 433.278 433.272 433.265 433.258 433.251 433.243 433.234 433.226 433.217 433.207 433.197 433.186 433.175 433.164 433.152 433.139 433.126 433.112 433.097 433.081 433.065 433.048 433.031 433.013 432.992 432.97 432.947 432.924 432.899 432.874 432.848 432.82 432.792 432.762 432.733 432.702 432.671 432.64 432.608 -9999.0 -9999.0 -9999.0 -9999.0 -9999.0 -9999.0 -9999.0 -9999.0 -9999.0 -9999.0 -9999.0 -9999.0 -9999.0 -9999.0 -9999.0 -9999.0 -9999.0
433.314 433.311 433.307 433.304 433.3 433.296 433.292 433.287 433.282 433.277 433.271 433.265 433.259 433.252 433.245 433.237 433.229 433.221 433.213 433.203 433.194 433.184 433.173 433.163 433.151 433.138 433.125 433.111 433.097 433.082 433.067 433.051 433.034 433.017 432.999 432.978 432.956 432.934 432.911 432.887 432.861 432.834 432.807 432.779 432.751 432.722 432.693 432.663 432.632 432.6 -9999.0 -9999.0 -9999.0 -9999.0 -9999.0 -9999.0 -9999.0 -9999.0 -9999.0 -9999.0 -9999.0 -9999.0 -9999.0 -9999.0 -9999.0 -9999.0 -9999.0
433.298 433.295 433.293 433.29 433.286 433.283 433.279 433.274 433.269 433.263 433.258 433.252 433.245 433.239 433.232 433.224 433.216 433.208 433.2 433.19 433.18 433.17 433.159 433.147 433.135 433.123 433.11 433.096 433.082 433.067 433.052 433.036 433.02 433.003 432.985 432.964 432.943 432.92 432.896 432.872 432.847 432.821 432.794 432.767 432.74 432.712 432.683 432.654 432.623 432.591 -9999.0 -9999.0 -9999.0 -9999.0 -9999.0 -9999.0 -9999.0 -9999.0 -9999.0 -9999.0 -9999.0 -9999.0 -9999.0 -9999.0 -9999.0 -9999.0 -9999.0
433.282 433.28 433.277 433.274 433.27 433.267 433.263 433.258 433.253 433.248 433.243 433.237 433.23 433.224 433.217 433.209 433.201 433.192 433.183 433.174 433.164 433.154 433.143 433.132 433.12 433.108 433.095 433.081 433.068 433.053 433.038 433.023 433.007 432.99 432.971 432.95 432.928 432.905 432.882 432.858 432.833 432.808 432.782 432.756 432.729 432.702 432.673 432.643 432.613 -9999.0 -9999.0 -9999.0 -9999.0 -9999.0 -9999.0 -9999.0 -9999.0 -9999.0 -9999.0 -9999.0 -9999.0 -9999.0 -9999.0 -9999.0 -9999.0 -9999.0 -9999.0
433.267 433.264 433.261 433.258 433.255 433.251 433.247 433.242 433.238 433.232 433.227 433.221 433.215 433.208 433.201 433.193 433.185 433.177 433.168 433.159 433.149 433.139 433.128 433.117 433.105 433.093 433.08 433.067 433.054 433.04 433.025 433.01 432.994 432.975 432.955 432.934 432.912 432.89 432.867 432.844 432.82 432.796 432.771 432.746 432.719 432.691 432.662 432.633 -9999.0 -9999.0 -9999.0 -9999.0 -9999.0 -9999.0 -9999.0 -9999.0 -9999.0 -9999.0 -9999.0 -9999.0 -9999.0 -9999.0 -9999.0 -9999.0 -9999.0 -9999.0 -9999.0
433.252 433.249 433.246 433.243 433.239 433.236 433.231 433.227 433.222 433.217 433.211 433.205 433.199 433.192 433.185 433.178 433.17 433.161 433.153 433.143 433.134 433.124 433.113 433.102 433.091 433.079 433.066 433.054 433.04 433.026 433.011 432.995 432.978 432.959 432.939 432.919 432.897 432.876 432.854 432.831 432.808 432.784 432.759 432.733 432.706 432.679 432.652 432.624 -9999.0 -9999.0 -9999.0 -9999.0 -9999.0 -9999.0 -9999.0 -9999.0 -9999.0 -9999.0 -9999.0 -9999.0 -9999.0 -9999.0 -9999.0 -9999.0 -9999.0 -9999.0 -9999.0
433.237 433.234 433.231 433.228 433.224 433.221 433.216 433.212 433.207 433.202 433.196 433.19 433.184 433.177 433.17 433.163 433.155 433.147 433.138 433.129 433.119 433.109 433.099 433.088 433.077 433.065 433.053 433.039 433.025 433.01 432.995 432.98 432.962 432.943 432.924 432.904 432.883 432.862 432.841 432.819 432.796 432.771 432.746 432.72 432.694 432.668 432.641 432.614 -9999.0 -9999.0 -9999.0 -9999.0 -9999.0 -9999.0 -9999.0 -9999.0 -9999.0 -9999.0 -9999.0 -9999.0 -9999.0 -9999.0 -9999.0 -9999.0 -9999.0 -9999.0 -9999.0
433.222 433.219 433.216 433.213 433.21 433.206 433.201 433.197 433.192 433.187 433.181 433.175 433.169 433.163 433.155 433.148 433.14 433.132 433.124 433.115 433.105 433.095 433.085 433.073 433.061 433.049 433.036 433.023 433.009 432.995 432.98 432.964 432.946 432.928 432.909 432.89 432.87 432.849 432.827 432.805 432.781 432.757 432.733 432.708 432.683 432.658 432.632 432.606 -9999.0 -9999.0 -9999.0 -9999.0 -9999.0 -9999.0 -9999.0 -9999.0 -9999.0 -9999.0 -9999.0 -9999.0 -9999.0 -9999.0 -9999.0 -9999.0 -9999.0 -9999.0 -9999.0
433.206 433.204 433.201 433.198 433.195 433.191 433.187 433.182 433.178 433.172 433.167 433.161 433.155 433.148 433.141 433.134 433.126 433.117 433.108 433.099 433.089 433.078 433.068 433.056 433.045 433.033 433.02 433.007 432.993 432.979 432.965 432.949 432.931 432.913 432.895 432.876 432.855 432.834 432.812 432.79 432.767 432.744 432.721 432.697 432.672 432.648 432.623 432.597 432.572 -9999.0 -9999.0 -9999.0 -9999.0 -9999.0 -9999.0 -9999.0 -9999.0 -9999.0 -9999.0 -9999.0 -9999.0 -9999.0 -9999.0 -9999.0 -9999.0 -9999.0 -9999.0
