static/jobfarm/user_models/minyf/common/HOME-GBHM/输出文件/Output/Grids/snowDepth20020225.asc
ncols 221
nrows 204
xllcorner -627000.0
yllcorner 3955000.0
cellsize 900.0
NODATA_value -9999.0
[rows 60 to 89 of 204, columns 67 to 133 of 221]
433.412 433.421 433.431 433.439 433.446 433.453 433.46 433.466 433.473 433.479 433.486 433.492 433.498 433.504 433.51 433.516 433.521 433.527 433.533 433.539 433.545 433.551 433.557 433.563 433.566 433.57 433.574 433.577 433.581 433.585 433.589 433.593 433.595 433.596 433.598 433.6 433.601 433.603 433.606 433.607 433.607 433.606 433.606 433.606 433.606 433.606 433.606 433.607 433.607 433.608 433.608 433.609 433.61 433.611 433.612 433.613 433.614 433.615 433.617 433.618 433.619 433.62 433.622 433.623 433.624 433.625 433.626
433.386 433.396 433.406 433.416 433.423 433.43 433.437 433.444 433.451 433.458 433.464 433.471 433.477 433.483 433.49 433.496 433.502 433.508 433.514 433.52 433.526 433.532 433.539 433.545 433.55 433.553 433.557 433.561 433.565 433.569 433.573 433.577 433.58 433.582 433.584 433.586 433.588 433.59 433.592 433.594 433.595 433.594 433.594 433.594 433.594 433.594 433.595 433.595 433.595 433.596 433.596 433.597 433.598 433.599 433.6 433.601 433.602 433.603 433.604 433.605 433.606 433.607 433.608 433.609 433.61 433.611 433.612
433.361 433.371 433.381 433.391 433.4 433.408 433.415 433.422 433.429 433.436 433.443 433.45 433.457 433.463 433.47 433.476 433.482 433.489 433.495 433.501 433.508 433.514 433.52 433.527 433.533 433.537 433.541 433.545 433.549 433.553 433.557 433.562 433.566 433.568 433.57 433.572 433.574 433.576 433.578 433.58 433.583 433.582 433.582 433.582 433.582 433.582 433.583 433.583 433.583 433.584 433.584 433.585 433.586 433.587 433.587 433.588 433.589 433.59 433.591 433.592 433.593 433.594 433.594 433.595 433.596 433.597 433.597
433.335 433.346 433.357 433.367 433.377 433.385 433.393 433.4 433.408 433.415 433.422 433.429 433.436 433.443 433.45 433.456 433.463 433.469 433.476 433.483 433.489 433.496 433.502 433.509 433.515 433.52 433.524 433.528 433.533 433.537 433.541 433.546 433.55 433.553 433.555 433.557 433.56 433.562 433.564 433.566 433.569 433.57 433.57 433.57 433.57 433.57 433.571 433.571 433.571 433.572 433.572 433.573 433.574 433.574 433.575 433.576 433.576 433.577 433.578 433.579 433.579 433.58 433.581 433.581 433.582 433.582 433.582
433.31 433.321 433.332 433.342 433.353 433.362 433.37 433.378 433.386 433.393 433.401 433.408 433.415 433.422 433.429 433.436 433.443 433.45 433.457 433.464 433.47 433.477 433.484 433.49 433.497 433.503 433.508 433.512 433.516 433.521 433.525 433.53 433.534 433.539 433.541 433.543 433.545 433.548 433.55 433.552 433.555 433.557 433.558 433.558 433.558 433.558 433.559 433.559 433.559 433.56 433.56 433.561 433.561 433.562 433.562 433.563 433.564 433.564 433.565 433.566 433.566 433.567 433.567 433.567 433.568 433.568 433.568
433.284 433.296 433.307 433.318 433.329 433.339 433.348 433.356 433.364 433.372 433.379 433.387 433.395 433.402 433.409 433.416 433.424 433.431 433.438 433.445 433.451 433.458 433.465 433.472 433.479 433.486 433.491 433.495 433.5 433.504 433.509 433.514 433.518 433.523 433.527 433.529 433.531 433.533 433.536 433.538 433.541 433.543 433.546 433.546 433.546 433.546 433.546 433.547 433.547 433.547 433.548 433.548 433.549 433.549 433.55 433.55 433.551 433.551 433.552 433.552 433.553 433.553 433.553 433.553 433.553 433.553 433.553
433.259 433.271 433.282 433.293 433.305 433.315 433.325 433.334 433.342 433.35 433.358 433.366 433.374 433.381 433.389 433.396 433.404 433.411 433.418 433.425 433.433 433.44 433.447 433.454 433.461 433.468 433.474 433.479 433.483 433.488 433.493 433.497 433.502 433.507 433.512 433.514 433.517 433.519 433.522 433.524 433.527 433.529 433.532 433.534 433.534 433.534 433.534 433.535 433.535 433.535 433.536 433.536 433.536 433.537 433.537 433.538 433.538 433.538 433.539 433.539 433.539 433.539 433.539 433.539 433.539 433.539 433.538
433.233 433.245 433.257 433.269 433.28 433.291 433.302 433.311 433.32 433.328 433.337 433.345 433.353 433.361 433.369 433.376 433.384 433.391 433.399 433.406 433.414 433.421 433.428 433.435 433.442 433.45 433.457 433.462 433.467 433.472 433.476 433.481 433.486 433.491 433.496 433.5 433.502 433.505 433.507 433.51 433.512 433.515 433.517 433.52 433.521 433.522 433.522 433.522 433.523 433.523 433.523 433.524 433.524 433.524 433.525 433.525 433.525 433.525 433.526 433.526 433.526 433.526 433.526 433.525 433.525 433.525 433.524
433.208 433.22 433.232 433.244 433.256 433.267 433.279 433.289 433.298 433.307 433.315 433.324 433.332 433.34 433.348 433.356 433.364 433.372 433.379 433.387 433.394 433.402 433.409 433.417 433.424 433.431 433.439 433.445 433.45 433.455 433.46 433.465 433.47 433.475 433.479 433.484 433.488 433.49 433.493 433.495 433.498 433.501 433.503 433.506 433.508 433.509 433.51 433.51 433.51 433.51 433.511 433.511 433.511 433.512 433.512 433.512 433.512 433.512 433.512 433.512 433.512 433.512 433.512 433.511 433.511 433.51 433.509
433.182 433.195 433.207 433.22 433.232 433.243 433.255 433.266 433.276 433.285 433.294 433.303 433.311 433.32 433.328 433.336 433.344 433.352 433.36 433.368 433.375 433.383 433.39 433.398 433.405 433.413 433.42 433.428 433.433 433.438 433.443 433.448 433.453 433.458 433.463 433.468 433.473 433.476 433.478 433.481 433.484 433.486 433.489 433.491 433.494 433.496 433.497 433.497 433.498 433.498 433.498 433.499 433.499 433.499 433.499 433.499 433.499 433.499 433.499 433.499 433.499 433.499 433.498 433.498 433.497 433.496 433.495
433.156 433.17 433.182 433.195 433.207 433.219 433.231 433.243 433.254 433.263 433.273 433.281 433.29 433.299 433.307 433.316 433.324 433.332 433.34 433.348 433.356 433.364 433.372 433.379 433.387 433.394 433.402 433.409 433.417 433.422 433.427 433.432 433.437 433.442 433.447 433.452 433.457 433.461 433.464 433.467 433.469 433.472 433.474 433.477 433.479 433.482 433.484 433.485 433.485 433.486 433.486 433.486 433.486 433.486 433.486 433.486 433.486 433.486 433.486 433.486 433.485 433.485 433.484 433.484 433.483 433.482 433.48
433.131 433.144 433.157 433.17 433.183 433.195 433.208 433.22 433.231 433.242 433.251 433.26 433.269 433.278 433.287 433.295 433.304 433.312 433.321 433.329 433.337 433.345 433.353 433.36 433.368 433.376 433.383 433.391 433.398 433.405 433.41 433.415 433.42 433.425 433.431 433.436 433.441 433.445 433.449 433.452 433.455 433.457 433.46 433.462 433.465 433.467 433.47 433.472 433.473 433.473 433.473 433.473 433.474 433.474 433.474 433.474 433.473 433.473 433.473 433.473 433.472 433.471 433.471 433.47 433.469 433.467 433.466
433.105 433.119 433.132 433.146 433.159 433.171 433.184 433.196 433.208 433.22 433.23 433.239 433.248 433.257 433.266 433.275 433.284 433.292 433.301 433.309 433.317 433.325 433.334 433.341 433.349 433.357 433.365 433.372 433.38 433.388 433.393 433.399 433.404 433.409 433.414 433.419 433.424 433.429 433.434 433.438 433.44 433.443 433.445 433.448 433.45 433.453 433.455 433.458 433.46 433.461 433.461 433.461 433.461 433.461 433.461 433.461 433.46 433.46 433.46 433.459 433.459 433.458 433.457 433.456 433.455 433.453 433.452
433.08 433.094 433.107 433.121 433.134 433.147 433.16 433.172 433.185 433.197 433.208 433.218 433.227 433.237 433.246 433.255 433.264 433.272 433.281 433.29 433.298 433.306 433.314 433.322 433.33 433.338 433.346 433.354 433.362 433.369 433.377 433.382 433.387 433.392 433.398 433.403 433.408 433.413 433.418 433.422 433.426 433.428 433.431 433.433 433.436 433.438 433.441 433.443 433.445 433.447 433.448 433.448 433.448 433.448 433.448 433.448 433.448 433.447 433.447 433.446 433.445 433.444 433.443 433.442 433.441 433.439 433.438
433.054 433.068 433.082 433.096 433.11 433.123 433.136 433.149 433.161 433.174 433.186 433.197 433.206 433.216 433.225 433.235 433.244 433.253 433.261 433.27 433.279 433.287 433.295 433.303 433.312 433.32 433.328 433.335 433.343 433.351 433.358 433.365 433.371 433.376 433.381 433.386 433.391 433.396 433.401 433.406 433.411 433.414 433.416 433.419 433.421 433.424 433.426 433.428 433.43 433.433 433.435 433.436 433.436 433.436 433.435 433.435 433.435 433.434 433.434 433.433 433.432 433.431 433.43 433.429 433.427 433.426 433.424
433.028 433.043 433.057 433.071 433.085 433.099 433.112 433.125 433.138 433.151 433.163 433.175 433.185 433.195 433.205 433.214 433.223 433.233 433.242 433.25 433.259 433.268 433.276 433.284 433.293 433.301 433.309 433.317 433.325 433.332 433.34 433.348 433.354 433.359 433.364 433.37 433.375 433.38 433.385 433.389 433.394 433.399 433.402 433.404 433.407 433.409 433.411 433.414 433.416 433.418 433.42 433.421 433.423 433.423 433.423 433.422 433.422 433.421 433.421 433.42 433.419 433.418 433.417 433.415 433.414 433.412 433.41
433.003 433.018 433.032 433.047 433.061 433.075 433.088 433.102 433.115 433.128 433.14 433.153 433.164 433.174 433.184 433.194 433.203 433.213 433.222 433.231 433.24 433.248 433.257 433.265 433.274 433.282 433.29 433.298 433.306 433.314 433.321 433.329 433.337 433.343 433.348 433.353 433.358 433.363 433.368 433.373 433.378 433.382 433.387 433.39 433.392 433.394 433.397 433.399 433.401 433.403 433.405 433.406 433.408 433.41 433.41 433.41 433.409 433.408 433.408 433.407 433.406 433.405 433.403 433.402 433.4 433.398 433.396
432.977 432.992 433.007 433.022 433.036 433.051 433.064 433.078 433.091 433.105 433.117 433.13 433.143 433.153 433.163 433.173 433.183 433.192 433.202 433.211 433.22 433.229 433.238 433.246 433.255 433.263 433.271 433.279 433.287 433.295 433.303 433.311 433.318 433.326 433.331 433.336 433.342 433.347 433.351 433.356 433.361 433.366 433.37 433.375 433.377 433.38 433.382 433.384 433.386 433.388 433.39 433.392 433.393 433.395 433.396 433.397 433.396 433.396 433.395 433.394 433.393 433.391 433.39 433.388 433.387 433.385 433.382
432.951 432.967 432.982 432.997 433.012 433.026 433.041 433.054 433.068 433.081 433.095 433.107 433.12 433.133 433.143 433.153 433.163 433.172 433.182 433.191 433.2 433.209 433.218 433.227 433.236 433.244 433.252 433.261 433.269 433.277 433.284 433.292 433.3 433.307 433.314 433.32 433.325 433.33 433.335 433.34 433.344 433.349 433.354 433.358 433.362 433.365 433.367 433.369 433.371 433.373 433.375 433.377 433.378 433.379 433.381 433.382 433.383 433.383 433.382 433.381 433.38 433.378 433.377 433.375 433.373 433.371 433.369
432.926 432.942 432.957 432.973 432.988 433.002 433.017 433.031 433.045 433.058 433.072 433.085 433.098 433.11 433.122 433.132 433.143 433.152 433.162 433.172 433.181 433.19 433.199 433.208 433.217 433.225 433.234 433.242 433.25 433.258 433.266 433.274 433.281 433.289 433.296 433.303 433.308 433.313 433.318 433.323 433.328 433.332 433.337 433.341 433.345 433.349 433.353 433.355 433.357 433.359 433.36 433.362 433.363 433.364 433.366 433.367 433.367 433.368 433.368 433.368 433.367 433.366 433.364 433.362 433.36 433.358 433.356
432.9 432.917 432.932 432.948 432.963 432.978 432.993 433.007 433.021 433.035 433.049 433.062 433.075 433.088 433.101 433.112 433.122 433.132 433.142 433.152 433.161 433.171 433.18 433.189 433.198 433.206 433.215 433.223 433.231 433.239 433.247 433.255 433.263 433.27 433.277 433.285 433.292 433.297 433.302 433.307 433.311 433.316 433.32 433.325 433.329 433.333 433.337 433.34 433.342 433.344 433.345 433.347 433.348 433.35 433.351 433.351 433.352 433.353 433.353 433.353 433.353 433.353 433.351 433.349 433.347 433.345 433.342
432.875 432.891 432.907 432.923 432.939 432.954 432.969 432.984 432.998 433.012 433.026 433.039 433.053 433.066 433.079 433.091 433.102 433.112 433.122 433.132 433.142 433.151 433.16 433.17 433.178 433.187 433.196 433.204 433.212 433.221 433.229 433.236 433.244 433.252 433.259 433.266 433.273 433.28 433.285 433.29 433.295 433.299 433.304 433.308 433.312 433.316 433.32 433.323 433.327 433.329 433.331 433.332 433.334 433.335 433.336 433.336 433.337 433.337 433.338 433.338 433.338 433.337 433.337 433.336 433.334 433.332 433.329
432.849 432.866 432.883 432.899 432.914 432.93 432.945 432.96 432.975 432.989 433.003 433.017 433.03 433.043 433.056 433.069 433.082 433.092 433.102 433.112 433.122 433.132 433.141 433.15 433.159 433.168 433.177 433.185 433.194 433.202 433.21 433.218 433.226 433.233 433.24 433.248 433.255 433.262 433.268 433.273 433.278 433.283 433.287 433.291 433.295 433.299 433.303 433.307 433.31 433.313 433.316 433.318 433.319 433.32 433.321 433.321 433.322 433.322 433.323 433.322 433.322 433.322 433.321 433.32 433.319 433.317 433.316
432.824 432.841 432.858 432.874 432.89 432.906 432.921 432.936 432.951 432.966 432.98 432.994 433.008 433.021 433.034 433.047 433.06 433.072 433.083 433.093 433.103 433.112 433.122 433.131 433.14 433.149 433.158 433.167 433.175 433.183 433.191 433.199 433.207 433.215 433.222 433.229 433.236 433.243 433.25 433.256 433.261 433.266 433.27 433.275 433.279 433.283 433.286 433.29 433.293 433.296 433.299 433.302 433.304 433.305 433.306 433.307 433.307 433.307 433.308 433.307 433.307 433.306 433.306 433.305 433.303 433.302 433.3
432.799 432.816 432.833 432.85 432.866 432.882 432.898 432.913 432.928 432.943 432.957 432.971 432.985 432.999 433.012 433.025 433.038 433.051 433.063 433.073 433.083 433.093 433.103 433.112 433.121 433.13 433.139 433.148 433.156 433.165 433.173 433.181 433.188 433.196 433.203 433.211 433.218 433.225 433.231 433.238 433.244 433.249 433.254 433.258 433.262 433.266 433.27 433.273 433.276 433.279 433.282 433.285 433.288 433.29 433.291 433.292 433.292 433.293 433.293 433.292 433.292 433.291 433.29 433.289 433.288 433.286 433.284
432.773 432.791 432.808 432.825 432.842 432.858 432.874 432.889 432.905 432.92 432.934 432.949 432.963 432.977 432.99 433.004 433.017 433.029 433.042 433.053 433.063 433.073 433.083 433.093 433.102 433.111 433.12 433.129 433.138 433.146 433.154 433.162 433.17 433.178 433.185 433.192 433.199 433.206 433.213 433.219 433.226 433.232 433.237 433.242 433.246 433.249 433.253 433.256 433.26 433.263 433.266 433.268 433.271 433.273 433.275 433.277 433.278 433.278 433.278 433.278 433.277 433.276 433.275 433.274 433.273 433.271 433.269
432.748 432.766 432.784 432.801 432.818 432.834 432.85 432.866 432.881 432.897 432.912 432.926 432.94 432.954 432.968 432.982 432.995 433.008 433.021 433.033 433.044 433.054 433.064 433.074 433.083 433.092 433.101 433.11 433.119 433.127 433.135 433.144 433.151 433.159 433.167 433.174 433.181 433.188 433.194 433.201 433.207 433.213 433.219 433.225 433.229 433.233 433.236 433.24 433.243 433.246 433.249 433.251 433.254 433.256 433.258 433.26 433.261 433.262 433.263 433.263 433.262 433.262 433.261 433.259 433.258 433.256 433.254
432.723 432.741 432.759 432.776 432.793 432.81 432.827 432.843 432.858 432.874 432.889 432.904 432.918 432.932 432.946 432.96 432.973 432.986 432.999 433.012 433.024 433.035 433.045 433.055 433.064 433.073 433.083 433.091 433.1 433.109 433.117 433.125 433.133 433.141 433.148 433.155 433.162 433.169 433.176 433.183 433.189 433.195 433.201 433.206 433.212 433.216 433.22 433.223 433.226 433.229 433.232 433.235 433.237 433.239 433.241 433.243 433.244 433.245 433.246 433.247 433.247 433.247 433.246 433.245 433.243 433.241 433.239
432.698 432.716 432.734 432.752 432.769 432.786 432.803 432.819 432.835 432.851 432.866 432.881 432.896 432.91 432.924 432.938 432.952 432.965 432.978 432.991 433.003 433.015 433.026 433.035 433.045 433.055 433.064 433.073 433.081 433.09 433.098 433.107 433.114 433.122 433.13 433.137 433.144 433.151 433.158 433.164 433.17 433.176 433.182 433.188 433.193 433.198 433.203 433.207 433.21 433.213 433.216 433.218 433.22 433.222 433.224 433.226 433.227 433.228 433.229 433.23 433.23 433.23 433.229 433.229 433.228 433.227 433.224
432.673 432.692 432.71 432.728 432.745 432.763 432.779 432.796 432.812 432.828 432.843 432.859 432.873 432.888 432.902 432.916 432.93 432.943 432.956 432.969 432.982 432.994 433.006 433.016 433.026 433.036 433.045 433.054 433.063 433.072 433.08 433.088 433.096 433.104 433.111 433.119 433.126 433.133 433.139 433.146 433.152 433.158 433.164 433.169 433.175 433.18 433.185 433.189 433.194 433.197 433.199 433.202 433.204 433.206 433.208 433.209 433.21 433.211 433.212 433.213 433.213 433.213 433.212 433.212 433.211 433.209 433.208
