static/jobfarm/user_models/minyf/common/HOME-GBHM/输出文件/Output/Grids/snowmelt20020222.asc
ncols 221
nrows 204
xllcorner -627000.0
yllcorner 3955000.0
cellsize 900.0
NODATA_value -9999.0
[rows 66 to 98 of 204, columns 74 to 147 of 221]
0.092 0.091 0.09 0.09 0.089 0.088 0.087 0.087 0.086 0.085 0.084 0.084 0.083 0.082 0.082 0.081 0.08 0.08 0.079 0.078 0.078 0.077 0.076 0.075 0.075 0.074 0.073 0.073 0.072 0.071 0.071 0.07 0.069 0.068 0.068 0.067 0.066 0.066 0.065 0.064 0.064 0.063 0.062 0.062 0.061 0.061 0.06 0.127 0.094 0.094 0.093 0.092 0.092 0.091 0.091 0.091 0.09 0.09 0.089 0.089 0.089 0.088 0.088 0.088 0.088 0.088 0.088 0.113 0.113 0.113 0.114 0.114 0.078 0.078
0.118 0.117 0.116 0.116 0.115 0.114 0.113 0.113 0.112 0.111 0.11 0.11 0.109 0.108 0.108 0.107 0.106 0.105 0.105 0.104 0.103 0.103 0.102 0.101 0.101 0.1 0.099 0.099 0.098 0.097 0.096 0.096 0.095 0.094 0.094 0.093 0.092 0.092 0.091 0.09 0.09 0.089 0.088 0.088 0.087 0.087 0.086 0.085 0.085 0.084 0.084 0.083 0.083 0.082 0.082 0.082 0.121 0.102 0.102 0.102 0.102 0.101 0.101 0.101 0.101 0.101 0.101 0.101 0.101 0.101 0.101 0.101 0.102 0.102
0.099 0.098 0.098 0.097 0.096 0.095 0.095 0.094 0.093 0.092 0.092 0.091 0.09 0.089 0.089 0.088 0.087 0.087 0.086 0.085 0.084 0.084 0.083 0.082 0.082 0.081 0.08 0.08 0.079 0.078 0.078 0.077 0.076 0.075 0.075 0.074 0.074 0.073 0.144 0.086 0.085 0.085 0.084 0.084 0.083 0.082 0.082 0.081 0.081 0.08 0.08 0.129 0.097 0.127 0.126 0.106 0.106 0.105 0.105 0.105 0.104 0.104 0.104 0.104 0.104 0.104 0.104 0.104 0.104 0.104 0.104 0.105 0.105 0.105
0.152 0.151 0.15 0.149 0.148 0.148 0.147 0.146 0.145 0.145 0.144 0.143 0.142 0.142 0.141 0.14 0.139 0.139 0.138 0.137 0.137 0.136 0.135 0.135 0.134 0.133 0.132 0.132 0.131 0.13 0.13 0.129 0.128 0.128 0.149 0.082 0.082 0.081 0.08 0.08 0.079 0.078 0.078 0.077 0.077 0.076 0.076 0.075 0.074 0.074 0.074 0.073 0.073 0.072 0.072 0.071 0.071 0.071 0.071 0.07 0.07 0.07 0.07 0.07 0.123 0.106 0.106 0.106 0.106 0.106 0.107 0.107 0.107 0.108
0.145 0.145 0.144 0.143 0.142 0.141 0.141 0.14 0.139 0.138 0.138 0.137 0.136 0.135 0.135 0.134 0.133 0.132 0.132 0.131 0.13 0.13 0.129 0.128 0.127 0.127 0.126 0.125 0.125 0.124 0.123 0.123 0.122 0.153 0.134 0.134 0.133 0.132 0.132 0.131 0.131 0.13 0.129 0.129 0.128 0.128 0.127 0.127 0.126 0.126 0.125 0.125 0.124 0.124 0.124 0.123 0.123 0.123 0.122 0.122 0.122 0.122 0.122 0.126 0.101 0.101 0.101 0.102 0.127 0.127 0.128 0.129 0.129 0.075
0.149 0.148 0.148 0.147 0.146 0.145 0.144 0.144 0.143 0.142 0.141 0.14 0.14 0.139 0.138 0.137 0.137 0.136 0.135 0.135 0.134 0.133 0.132 0.132 0.131 0.13 0.13 0.129 0.128 0.128 0.127 0.126 0.126 0.125 0.124 0.124 0.123 0.123 0.122 0.121 0.121 0.12 0.12 0.119 0.118 0.118 0.117 0.117 0.116 0.116 0.116 0.115 0.115 0.114 0.114 0.114 0.113 0.113 0.113 0.113 0.113 0.112 0.112 0.112 0.112 0.112 0.112 0.113 0.113 0.113 0.113 0.114 0.114 0.114
0.147 0.146 0.145 0.144 0.144 0.143 0.142 0.141 0.14 0.14 0.139 0.138 0.137 0.137 0.136 0.135 0.134 0.134 0.133 0.132 0.131 0.131 0.13 0.129 0.129 0.128 0.127 0.127 0.126 0.125 0.125 0.124 0.123 0.123 0.122 0.121 0.121 0.12 0.12 0.119 0.118 0.118 0.117 0.117 0.116 0.144 0.092 0.092 0.091 0.091 0.09 0.09 0.138 0.096 0.095 0.095 0.095 0.095 0.094 0.094 0.094 0.094 0.094 0.094 0.094 0.094 0.094 0.094 0.094 0.095 0.095 0.095 0.096 0.096
0.132 0.131 0.13 0.129 0.129 0.128 0.127 0.126 0.125 0.125 0.124 0.123 0.122 0.121 0.121 0.12 0.119 0.118 0.118 0.117 0.116 0.116 0.115 0.114 0.113 0.113 0.112 0.111 0.111 0.11 0.109 0.109 0.108 0.107 0.107 0.106 0.106 0.105 0.104 0.104 0.103 0.103 0.102 0.149 0.09 0.089 0.089 0.088 0.088 0.087 0.087 0.087 0.086 0.086 0.086 0.085 0.085 0.085 0.085 0.085 0.084 0.137 0.137 0.137 0.137 0.137 0.137 0.137 0.138 0.138 0.108 0.14 0.137 0.137
0.173 0.172 0.171 0.171 0.17 0.169 0.168 0.167 0.166 0.166 0.165 0.164 0.163 0.162 0.162 0.161 0.16 0.159 0.159 0.158 0.157 0.156 0.156 0.155 0.154 0.154 0.153 0.152 0.152 0.151 0.15 0.15 0.149 0.148 0.148 0.147 0.147 0.146 0.145 0.145 0.144 0.144 0.143 0.149 0.087 0.087 0.087 0.086 0.086 0.085 0.085 0.085 0.084 0.084 0.084 0.083 0.083 0.083 0.083 0.083 0.082 0.082 0.082 0.082 0.082 0.083 0.083 0.083 0.083 0.083 0.084 0.084 0.085 0.085
0.143 0.142 0.141 0.14 0.139 0.139 0.138 0.137 0.136 0.135 0.134 0.134 0.133 0.132 0.131 0.131 0.13 0.129 0.128 0.128 0.127 0.126 0.125 0.125 0.124 0.123 0.123 0.122 0.121 0.121 0.12 0.119 0.119 0.118 0.117 0.117 0.116 0.116 0.115 0.115 0.114 0.113 0.153 0.086 0.085 0.085 0.149 0.148 0.067 0.067 0.066 0.066 0.066 0.065 0.065 0.065 0.065 0.064 0.064 0.141 0.099 0.099 0.099 0.099 0.099 0.099 0.099 0.142 0.104 0.104 0.104 0.145 0.146 0.075
0.11 0.109 0.108 0.107 0.106 0.105 0.104 0.103 0.103 0.102 0.101 0.1 0.099 0.098 0.098 0.097 0.096 0.095 0.095 0.094 0.093 0.092 0.092 0.091 0.09 0.09 0.089 0.088 0.088 0.087 0.086 0.086 0.085 0.084 0.084 0.083 0.083 0.082 0.081 0.081 0.08 0.08 0.079 0.079 0.078 0.152 0.089 0.089 0.088 0.088 0.087 0.087 0.087 0.086 0.086 0.086 0.086 0.086 0.085 0.085 0.085 0.085 0.085 0.085 0.144 0.095 0.095 0.095 0.095 0.096 0.096 0.096 0.097 0.097
0.132 0.131 0.13 0.129 0.128 0.127 0.126 0.125 0.124 0.124 0.123 0.122 0.121 0.12 0.12 0.119 0.118 0.117 0.116 0.116 0.115 0.114 0.114 0.113 0.112 0.111 0.111 0.11 0.109 0.109 0.108 0.107 0.107 0.106 0.106 0.105 0.104 0.104 0.103 0.103 0.102 0.102 0.101 0.101 0.1 0.1 0.099 0.099 0.099 0.098 0.098 0.098 0.097 0.097 0.097 0.097 0.096 0.096 0.096 0.096 0.096 0.096 0.096 0.096 0.096 0.096 0.097 0.097 0.097 0.097 0.098 0.098 0.099 0.099
0.142 0.149 0.14 0.139 0.138 0.137 0.136 0.135 0.134 0.134 0.133 0.132 0.131 0.13 0.129 0.129 0.128 0.127 0.126 0.126 0.125 0.124 0.123 0.123 0.122 0.121 0.121 0.12 0.119 0.119 0.118 0.117 0.117 0.116 0.115 0.115 0.114 0.114 0.113 0.113 0.112 0.112 0.111 0.111 0.11 0.11 0.109 0.109 0.109 0.108 0.108 0.108 0.152 0.092 0.092 0.092 0.091 0.091 0.091 0.091 0.091 0.091 0.091 0.091 0.091 0.091 0.092 0.092 0.092 0.092 0.093 0.093 0.094 0.094
0.128 0.127 0.126 0.125 0.124 0.123 0.122 0.121 0.12 0.12 0.119 0.118 0.117 0.116 0.115 0.115 0.114 0.113 0.112 0.112 0.111 0.11 0.109 0.109 0.108 0.107 0.107 0.106 0.105 0.105 0.104 0.103 0.103 0.102 0.101 0.101 0.1 0.1 0.099 0.099 0.098 0.098 0.097 0.097 0.096 0.096 0.096 0.095 0.095 0.094 0.094 0.094 0.094 0.093 0.093 0.093 0.093 0.093 0.093 0.092 0.092 0.092 0.092 0.093 0.093 0.093 0.093 0.093 0.094 0.094 0.094 0.095 0.095 0.096
0.129 0.128 0.133 0.126 0.125 0.124 0.124 0.123 0.122 0.121 0.12 0.119 0.118 0.118 0.117 0.116 0.115 0.114 0.114 0.113 0.112 0.111 0.111 0.11 0.109 0.108 0.108 0.107 0.106 0.106 0.105 0.104 0.104 0.103 0.103 0.102 0.102 0.101 0.1 0.1 0.099 0.099 0.098 0.098 0.098 0.097 0.097 0.096 0.096 0.096 0.095 0.095 0.095 0.095 0.094 0.094 0.094 0.094 0.094 0.155 0.093 0.093 0.093 0.093 0.093 0.093 0.094 0.094 0.094 0.094 0.095 0.095 0.096 0.096
0.128 0.127 0.126 0.125 0.124 0.123 0.122 0.121 0.12 0.119 0.118 0.117 0.117 0.116 0.115 0.114 0.113 0.113 0.112 0.111 0.11 0.109 0.109 0.108 0.107 0.107 0.106 0.105 0.105 0.104 0.103 0.103 0.102 0.101 0.101 0.1 0.1 0.099 0.099 0.098 0.098 0.097 0.097 0.096 0.096 0.095 0.095 0.095 0.094 0.094 0.094 0.093 0.093 0.093 0.093 0.093 0.092 0.092 0.092 0.092 0.092 0.092 0.092 0.092 0.093 0.093 0.093 0.093 0.093 0.094 0.094 0.095 0.095 0.096
0.129 0.128 0.127 0.126 0.125 0.124 0.123 0.122 0.121 0.12 0.12 0.119 0.118 0.117 0.116 0.115 0.114 0.114 0.113 0.112 0.111 0.111 0.11 0.109 0.108 0.108 0.107 0.106 0.106 0.105 0.104 0.104 0.103 0.103 0.102 0.101 0.101 0.1 0.1 0.099 0.099 0.098 0.098 0.097 0.097 0.097 0.096 0.096 0.096 0.095 0.095 0.095 0.094 0.094 0.094 0.094 0.094 0.094 0.094 0.094 0.094 0.094 0.094 0.094 0.094 0.094 0.094 0.095 0.095 0.095 0.096 0.096 0.096 0.097
0.13 0.129 0.128 0.127 0.126 0.125 0.124 0.123 0.123 0.122 0.121 0.12 0.119 0.118 0.117 0.116 0.116 0.115 0.114 0.113 0.112 0.112 0.111 0.11 0.11 0.109 0.108 0.107 0.107 0.106 0.105 0.105 0.104 0.104 0.103 0.103 0.102 0.101 0.101 0.1 0.1 0.099 0.099 0.099 0.098 0.098 0.097 0.097 0.097 0.096 0.096 0.096 0.096 0.095 0.095 0.095 0.095 0.095 0.095 0.095 0.095 0.095 0.095 0.095 0.095 0.095 0.096 0.096 0.096 0.096 0.097 0.097 0.098 0.098
0.132 0.131 0.13 0.129 0.133 0.127 0.126 0.125 0.124 0.123 0.122 0.121 0.12 0.119 0.118 0.118 0.117 0.116 0.115 0.114 0.114 0.113 0.112 0.111 0.111 0.11 0.109 0.108 0.108 0.107 0.107 0.106 0.105 0.105 0.104 0.104 0.103 0.102 0.102 0.101 0.101 0.101 0.1 0.1 0.099 0.099 0.098 0.098 0.098 0.098 0.097 0.097 0.097 0.097 0.096 0.096 0.096 0.096 0.096 0.096 0.096 0.096 0.096 0.096 0.096 0.096 0.097 0.097 0.097 0.098 0.098 0.098 0.099 0.099
0.133 0.132 0.131 0.13 0.129 0.128 0.127 0.126 0.125 0.124 0.123 0.122 0.121 0.12 0.119 0.119 0.118 0.117 0.116 0.115 0.115 0.114 0.113 0.112 0.112 0.111 0.11 0.109 0.109 0.108 0.108 0.107 0.106 0.106 0.105 0.105 0.104 0.103 0.103 0.102 0.102 0.102 0.101 0.101 0.1 0.1 0.1 0.099 0.099 0.099 0.098 0.098 0.098 0.098 0.097 0.097 0.097 0.097 0.097 0.097 0.097 0.097 0.097 0.097 0.097 0.098 0.098 0.098 0.098 0.099 0.099 0.099 0.1 0.1
0.134 0.133 0.132 0.131 0.13 0.129 0.128 0.127 0.126 0.125 0.124 0.123 0.122 0.121 0.121 0.12 0.119 0.118 0.117 0.116 0.116 0.115 0.114 0.113 0.113 0.112 0.111 0.11 0.11 0.109 0.108 0.108 0.107 0.107 0.106 0.106 0.105 0.104 0.104 0.103 0.103 0.102 0.102 0.102 0.101 0.101 0.101 0.1 0.1 0.1 0.099 0.099 0.099 0.099 0.098 0.098 0.098 0.098 0.098 0.098 0.098 0.098 0.098 0.098 0.098 0.099 0.099 0.099 0.099 0.1 0.1 0.1 0.101 0.101
0.135 0.134 0.133 0.132 0.131 0.13 0.135 0.128 0.127 0.126 0.125 0.124 0.123 0.122 0.122 0.121 0.12 0.119 0.118 0.117 0.117 0.116 0.115 0.114 0.114 0.113 0.112 0.111 0.111 0.11 0.109 0.109 0.108 0.108 0.107 0.106 0.106 0.105 0.105 0.104 0.104 0.103 0.103 0.103 0.102 0.102 0.101 0.101 0.101 0.101 0.1 0.1 0.1 0.1 0.099 0.099 0.099 0.099 0.099 0.099 0.099 0.099 0.099 0.099 0.099 0.1 0.1 0.1 0.1 0.101 0.101 0.101 0.102 0.102
0.136 0.135 0.134 0.136 0.132 0.131 0.13 0.129 0.128 0.133 0.126 0.125 0.124 0.123 0.122 0.122 0.121 0.12 0.119 0.118 0.117 0.117 0.116 0.115 0.114 0.114 0.113 0.112 0.112 0.111 0.11 0.11 0.109 0.108 0.108 0.107 0.107 0.106 0.106 0.105 0.105 0.104 0.104 0.103 0.103 0.103 0.102 0.102 0.102 0.101 0.101 0.101 0.101 0.1 0.1 0.1 0.1 0.1 0.1 0.1 0.1 0.1 0.1 0.1 0.1 0.1 0.101 0.101 0.101 0.101 0.102 0.102 0.103 0.103
0.138 0.136 0.135 0.134 0.133 0.132 0.131 0.13 0.129 0.128 0.127 0.126 0.125 0.124 0.123 0.123 0.122 0.121 0.12 0.119 0.118 0.118 0.117 0.116 0.115 0.115 0.114 0.113 0.112 0.112 0.111 0.111 0.11 0.109 0.109 0.108 0.108 0.107 0.107 0.106 0.106 0.105 0.105 0.104 0.104 0.104 0.103 0.103 0.103 0.102 0.102 0.102 0.102 0.101 0.101 0.101 0.101 0.101 0.101 0.101 0.101 0.101 0.101 0.101 0.101 0.101 0.101 0.102 0.102 0.102 0.103 0.103 0.103 0.104
0.139 0.138 0.136 0.135 0.134 0.133 0.132 0.131 0.13 0.129 0.128 0.127 0.126 0.125 0.13 0.123 0.123 0.122 0.121 0.12 0.119 0.118 0.118 0.117 0.116 0.115 0.115 0.114 0.113 0.113 0.112 0.111 0.111 0.11 0.11 0.109 0.108 0.108 0.107 0.107 0.106 0.106 0.106 0.105 0.105 0.104 0.104 0.104 0.103 0.103 0.103 0.103 0.102 0.102 0.102 0.102 0.102 0.102 0.102 0.102 0.102 0.102 0.102 0.102 0.102 0.102 0.102 0.102 0.103 0.103 0.103 0.104 0.104 0.104
0.14 0.139 0.137 0.136 0.135 0.134 0.133 0.132 0.131 0.136 0.129 0.128 0.127 0.126 0.125 0.124 0.123 0.123 0.122 0.121 0.12 0.119 0.118 0.118 0.117 0.116 0.115 0.115 0.114 0.113 0.113 0.112 0.111 0.111 0.11 0.11 0.109 0.109 0.108 0.108 0.107 0.107 0.106 0.106 0.105 0.105 0.105 0.104 0.104 0.104 0.104 0.103 0.103 0.103 0.103 0.103 0.102 0.102 0.102 0.102 0.102 0.102 0.102 0.102 0.103 0.103 0.103 0.103 0.103 0.104 0.104 0.104 0.105 0.105
0.141 0.14 0.138 0.137 0.136 0.135 0.134 0.133 0.132 0.131 0.136 0.129 0.128 0.127 0.126 0.125 0.124 0.123 0.123 0.122 0.121 0.12 0.119 0.118 0.118 0.117 0.116 0.116 0.115 0.114 0.113 0.113 0.112 0.112 0.111 0.11 0.11 0.109 0.109 0.108 0.108 0.107 0.107 0.107 0.106 0.106 0.105 0.105 0.105 0.104 0.104 0.104 0.104 0.104 0.103 0.103 0.103 0.103 0.103 0.103 0.103 0.103 0.103 0.103 0.103 0.103 0.103 0.104 0.104 0.104 0.104 0.105 0.105 0.106
0.142 0.141 0.139 0.138 0.137 0.136 0.135 0.134 0.133 0.132 0.131 0.13 0.129 0.128 0.127 0.126 0.125 0.124 0.123 0.122 0.122 0.121 0.12 0.119 0.118 0.118 0.117 0.116 0.116 0.115 0.114 0.114 0.113 0.112 0.112 0.111 0.111 0.11 0.11 0.109 0.109 0.108 0.108 0.107 0.107 0.106 0.106 0.106 0.105 0.105 0.105 0.105 0.104 0.104 0.104 0.104 0.104 0.104 0.104 0.104 0.103 0.104 0.104 0.104 0.104 0.104 0.104 0.104 0.104 0.105 0.105 0.105 0.106 0.106
0.143 0.142 0.14 0.139 0.138 0.137 0.136 0.138 0.134 0.133 0.132 0.131 0.13 0.129 0.128 0.127 0.126 0.125 0.124 0.125 0.122 0.122 0.121 0.12 0.119 0.118 0.118 0.117 0.116 0.116 0.115 0.114 0.114 0.113 0.112 0.112 0.111 0.111 0.11 0.11 0.109 0.109 0.108 0.108 0.107 0.107 0.107 0.106 0.106 0.106 0.105 0.105 0.105 0.105 0.105 0.104 0.104 0.104 0.104 0.104 0.104 0.104 0.104 0.104 0.104 0.104 0.104 0.105 0.105 0.105 0.105 0.106 0.106 0.106
0.144 0.142 0.144 0.14 0.139 0.138 0.137 0.136 0.134 0.133 0.132 0.131 0.13 0.129 0.128 0.127 0.127 0.126 0.125 0.124 0.123 0.122 0.121 0.121 0.12 0.119 0.118 0.118 0.117 0.116 0.115 0.115 0.114 0.114 0.113 0.112 0.112 0.111 0.111 0.11 0.11 0.109 0.109 0.108 0.108 0.108 0.107 0.107 0.107 0.106 0.106 0.106 0.105 0.105 0.105 0.105 0.105 0.105 0.105 0.105 0.104 0.104 0.104 0.105 0.105 0.105 0.105 0.105 0.105 0.105 0.106 0.106 0.106 0.107
0.146 0.145 0.144 0.143 0.142 0.14 0.139 0.142 0.137 0.136 0.135 0.134 0.133 0.132 0.131 0.13 0.129 0.128 0.127 0.126 0.126 0.125 0.124 0.123 0.122 0.122 0.121 0.12 0.119 0.119 0.118 0.117 0.117 0.116 0.115 0.115 0.114 0.114 0.113 0.113 0.112 0.112 0.111 0.111 0.11 0.11 0.11 0.109 0.109 0.109 0.108 0.108 0.108 0.108 0.107 0.107 0.107 0.107 0.107 0.107 0.107 0.107 0.107 0.107 0.107 0.107 0.107 0.107 0.107 0.108 0.108 0.108 0.108 0.109
0.147 0.146 0.145 0.144 0.142 0.141 0.14 0.139 0.138 0.137 0.136 0.135 0.134 0.133 0.132 0.131 0.13 0.129 0.128 0.127 0.126 0.125 0.124 0.124 0.123 0.122 0.121 0.121 0.12 0.119 0.118 0.118 0.117 0.117 0.116 0.115 0.115 0.114 0.114 0.113 0.113 0.112 0.112 0.111 0.111 0.11 0.11 0.11 0.109 0.109 0.109 0.108 0.108 0.108 0.108 0.108 0.107 0.107 0.107 0.107 0.107 0.107 0.107 0.107 0.107 0.107 0.107 0.107 0.108 0.108 0.108 0.108 0.108 0.109
0.148 0.147 0.146 0.144 0.143 0.142 0.141 0.14 0.139 0.137 0.136 0.135 0.134 0.133 0.132 0.131 0.13 0.129 0.129 0.128 0.127 0.126 0.125 0.124 0.123 0.123 0.122 0.121 0.12 0.12 0.119 0.118 0.118 0.117 0.116 0.116 0.115 0.115 0.114 0.114 0.113 0.113 0.112 0.112 0.111 0.111 0.11 0.11 0.11 0.109 0.109 0.109 0.109 0.108 0.108 0.108 0.108 0.108 0.108 0.107 0.107 0.107 0.107 0.107 0.107 0.107 0.107 0.108 0.108 0.108 0.108 0.108 0.109 0.109
