static/jobfarm/user_models/minyf/common/HOME-GBHM/输出文件/Output/Grids/snowDepth20020224.asc
ncols 221
nrows 204
xllcorner -627000.0
yllcorner 3955000.0
cellsize 900.0
NODATA_value -9999.0
[rows 60 to 89 of 204, columns 0 to 66 of 221]
-9999.0 -9999.0 -9999.0 -9999.0 -9999.0 -9999.0 -9999.0 -9999.0 432.708 432.739 432.77 432.8 432.83 432.86 432.889 432.917 432.946 432.973 433.001 433.028 433.052 433.075 433.098 433.121 433.143 433.164 433.186 433.206 433.226 433.246 433.265 433.284 433.302 433.319 433.337 433.353 433.369 433.385 433.4 433.414 433.428 433.442 433.455 433.468 433.48 433.491 433.502 433.513 433.523 433.532 433.541 433.55 433.558 433.566 433.573 433.58 433.587 433.593 433.598 433.603 433.608 433.613 433.617 433.62 433.624 433.627 433.629
-9999.0 -9999.0 -9999.0 -9999.0 -9999.0 -9999.0 -9999.0 -9999.0 -9999.0 432.698 432.729 432.76 432.79 432.82 432.849 432.878 432.906 432.934 432.962 432.989 433.016 433.041 433.064 433.087 433.109 433.131 433.152 433.173 433.193 433.213 433.232 433.251 433.27 433.288 433.305 433.322 433.338 433.354 433.369 433.384 433.398 433.412 433.425 433.438 433.45 433.462 433.474 433.484 433.495 433.505 433.514 433.523 433.531 433.539 433.547 433.554 433.561 433.567 433.573 433.579 433.584 433.588 433.593 433.597 433.6 433.604 433.607
-9999.0 -9999.0 -9999.0 -9999.0 -9999.0 -9999.0 -9999.0 -9999.0 -9999.0 -9999.0 432.688 432.719 432.749 432.779 432.809 432.838 432.867 432.895 432.923 432.95 432.977 433.004 433.03 433.052 433.075 433.097 433.119 433.14 433.16 433.18 433.2 433.219 433.238 433.256 433.273 433.29 433.307 433.323 433.339 433.354 433.368 433.382 433.396 433.409 433.421 433.433 433.445 433.456 433.467 433.477 433.487 433.496 433.504 433.513 433.521 433.528 433.535 433.542 433.548 433.554 433.559 433.564 433.569 433.573 433.577 433.581 433.584
-9999.0 -9999.0 -9999.0 -9999.0 -9999.0 -9999.0 -9999.0 -9999.0 -9999.0 -9999.0 -9999.0 432.678 432.709 432.739 432.769 432.798 432.827 432.856 432.884 432.912 432.939 432.966 432.992 433.018 433.041 433.063 433.085 433.106 433.127 433.148 433.167 433.187 433.206 433.224 433.242 433.259 433.276 433.292 433.308 433.323 433.338 433.352 433.366 433.38 433.392 433.405 433.417 433.428 433.439 433.449 433.459 433.469 433.478 433.486 433.495 433.502 433.51 433.517 433.523 433.529 433.535 433.54 433.545 433.55 433.554 433.558 433.562
-9999.0 -9999.0 -9999.0 -9999.0 -9999.0 -9999.0 -9999.0 -9999.0 -9999.0 -9999.0 -9999.0 432.638 432.669 432.699 432.729 432.759 432.788 432.817 432.845 432.873 432.9 432.927 432.954 432.98 433.005 433.03 433.052 433.073 433.094 433.115 433.135 433.154 433.174 433.192 433.21 433.228 433.245 433.261 433.278 433.293 433.308 433.323 433.337 433.35 433.364 433.376 433.388 433.4 433.411 433.422 433.432 433.442 433.451 433.46 433.469 433.477 433.484 433.491 433.498 433.505 433.511 433.516 433.522 433.527 433.531 433.535 433.539
-9999.0 -9999.0 -9999.0 -9999.0 -9999.0 -9999.0 -9999.0 -9999.0 -9999.0 -9999.0 -9999.0 -9999.0 432.628 432.659 432.689 432.719 432.748 432.777 432.806 432.834 432.862 432.889 432.916 432.942 432.968 432.993 433.018 433.04 433.061 433.082 433.102 433.122 433.142 433.16 433.179 433.197 433.214 433.231 433.247 433.263 433.278 433.293 433.307 433.321 433.335 433.348 433.36 433.372 433.383 433.394 433.405 433.415 433.425 433.434 433.443 433.451 433.459 433.466 433.474 433.48 433.487 433.493 433.498 433.503 433.508 433.513 433.517
-9999.0 -9999.0 -9999.0 -9999.0 -9999.0 -9999.0 -9999.0 -9999.0 -9999.0 -9999.0 -9999.0 -9999.0 432.585 432.618 432.649 432.679 432.709 432.738 432.767 432.795 432.823 432.851 432.878 432.904 432.93 432.956 432.981 433.005 433.028 433.049 433.07 433.09 433.11 433.129 433.147 433.165 433.183 433.2 433.217 433.233 433.248 433.264 433.278 433.292 433.306 433.319 433.332 433.344 433.356 433.367 433.378 433.388 433.398 433.408 433.417 433.425 433.434 433.442 433.449 433.456 433.463 433.469 433.475 433.48 433.486 433.49 433.495
-9999.0 -9999.0 -9999.0 -9999.0 -9999.0 -9999.0 -9999.0 -9999.0 -9999.0 -9999.0 -9999.0 -9999.0 432.541 432.575 432.608 432.639 432.669 432.699 432.728 432.757 432.785 432.813 432.84 432.867 432.893 432.919 432.944 432.969 432.993 433.016 433.038 433.058 433.078 433.097 433.116 433.134 433.152 433.17 433.187 433.203 433.219 433.234 433.249 433.264 433.277 433.291 433.304 433.316 433.328 433.34 433.351 433.362 433.372 433.382 433.391 433.4 433.409 433.417 433.424 433.432 433.439 433.445 433.452 433.457 433.463 433.468 433.473
-9999.0 -9999.0 -9999.0 -9999.0 -9999.0 -9999.0 -9999.0 -9999.0 -9999.0 -9999.0 -9999.0 -9999.0 432.498 432.531 432.565 432.598 432.63 432.66 432.689 432.718 432.746 432.774 432.802 432.829 432.855 432.882 432.907 432.932 432.957 432.98 433.004 433.026 433.046 433.066 433.085 433.103 433.122 433.139 433.156 433.173 433.189 433.205 433.22 433.235 433.249 433.263 433.276 433.289 433.301 433.313 433.324 433.335 433.346 433.356 433.366 433.375 433.384 433.392 433.4 433.408 433.415 433.422 433.428 433.435 433.44 433.446 433.451
-9999.0 -9999.0 -9999.0 -9999.0 -9999.0 -9999.0 -9999.0 -9999.0 -9999.0 -9999.0 -9999.0 -9999.0 432.454 432.488 432.522 432.555 432.588 432.62 432.65 432.679 432.708 432.736 432.764 432.791 432.818 432.844 432.87 432.896 432.92 432.945 432.968 432.991 433.014 433.034 433.054 433.072 433.091 433.109 433.126 433.143 433.16 433.176 433.191 433.206 433.221 433.235 433.248 433.261 433.274 433.286 433.298 433.309 433.32 433.33 433.34 433.35 433.359 433.368 433.376 433.384 433.391 433.399 433.405 433.412 433.418 433.424 433.429
-9999.0 -9999.0 -9999.0 -9999.0 -9999.0 -9999.0 -9999.0 -9999.0 -9999.0 -9999.0 -9999.0 -9999.0 -9999.0 432.445 432.479 432.512 432.545 432.578 432.61 432.64 432.669 432.698 432.726 432.754 432.781 432.807 432.834 432.859 432.884 432.909 432.933 432.956 432.979 433.002 433.023 433.042 433.06 433.079 433.096 433.114 433.13 433.147 433.162 433.178 433.192 433.207 433.221 433.234 433.247 433.259 433.271 433.283 433.294 433.305 433.315 433.325 433.334 433.343 433.352 433.36 433.368 433.375 433.383 433.389 433.396 433.402 433.408
-9999.0 -9999.0 -9999.0 -9999.0 -9999.0 -9999.0 -9999.0 -9999.0 -9999.0 -9999.0 -9999.0 -9999.0 -9999.0 -9999.0 -9999.0 432.469 432.503 432.536 432.568 432.6 432.631 432.66 432.688 432.716 432.744 432.771 432.797 432.823 432.848 432.873 432.897 432.921 432.944 432.967 432.989 433.011 433.03 433.048 433.066 433.084 433.101 433.118 433.134 433.149 433.164 433.179 433.193 433.207 433.22 433.233 433.245 433.257 433.268 433.279 433.29 433.3 433.31 433.319 433.328 433.336 433.345 433.352 433.36 433.367 433.374 433.38 433.386
-9999.0 -9999.0 -9999.0 -9999.0 -9999.0 -9999.0 -9999.0 -9999.0 -9999.0 -9999.0 -9999.0 -9999.0 -9999.0 -9999.0 -9999.0 432.427 432.46 432.494 432.526 432.559 432.591 432.622 432.651 432.679 432.707 432.734 432.76 432.787 432.812 432.837 432.862 432.886 432.91 432.933 432.955 432.977 432.999 433.018 433.037 433.055 433.072 433.089 433.105 433.121 433.136 433.151 433.166 433.18 433.193 433.206 433.219 433.231 433.243 433.254 433.265 433.275 433.285 433.295 433.304 433.313 433.321 433.329 433.337 433.345 433.352 433.358 433.365
-9999.0 -9999.0 -9999.0 -9999.0 -9999.0 -9999.0 -9999.0 -9999.0 -9999.0 -9999.0 -9999.0 -9999.0 -9999.0 -9999.0 -9999.0 -9999.0 432.418 432.452 432.485 432.517 432.55 432.581 432.612 432.641 432.669 432.697 432.724 432.75 432.776 432.802 432.827 432.851 432.875 432.898 432.921 432.943 432.965 432.986 433.007 433.025 433.043 433.06 433.077 433.093 433.108 433.124 433.138 433.153 433.166 433.18 433.193 433.205 433.217 433.229 433.24 433.251 433.261 433.271 433.28 433.29 433.298 433.307 433.315 433.322 433.33 433.337 433.343
-9999.0 -9999.0 -9999.0 -9999.0 -9999.0 -9999.0 -9999.0 -9999.0 -9999.0 -9999.0 -9999.0 -9999.0 -9999.0 -9999.0 -9999.0 432.342 432.376 432.41 -9999.0 432.476 432.509 432.541 432.572 432.603 432.633 432.66 432.688 432.714 432.741 432.767 432.792 432.816 432.841 432.864 432.887 432.91 432.932 432.953 432.974 432.995 433.014 433.031 433.048 433.065 433.081 433.096 433.111 433.126 433.14 433.153 433.167 433.179 433.192 433.204 433.215 433.226 433.237 433.247 433.257 433.266 433.275 433.284 433.292 433.3 433.308 433.315 433.322
-9999.0 -9999.0 -9999.0 -9999.0 -9999.0 -9999.0 -9999.0 -9999.0 -9999.0 -9999.0 -9999.0 -9999.0 -9999.0 -9999.0 -9999.0 -9999.0 -9999.0 -9999.0 -9999.0 432.435 432.468 432.5 432.532 432.563 432.594 432.624 432.651 432.679 432.705 432.731 432.757 432.782 432.806 432.83 432.854 432.877 432.899 432.921 432.942 432.963 432.983 433.003 433.02 433.037 433.053 433.069 433.084 433.099 433.113 433.127 433.141 433.154 433.166 433.179 433.19 433.202 433.213 433.223 433.233 433.243 433.252 433.261 433.27 433.278 433.286 433.294 433.301
-9999.0 -9999.0 -9999.0 -9999.0 -9999.0 -9999.0 -9999.0 -9999.0 -9999.0 -9999.0 -9999.0 -9999.0 -9999.0 -9999.0 -9999.0 -9999.0 -9999.0 -9999.0 432.36 432.394 432.427 432.46 432.492 432.523 432.554 432.585 432.615 432.643 432.67 432.696 432.722 432.747 432.772 432.796 432.82 432.843 432.866 432.888 432.91 432.931 432.951 432.971 432.991 433.009 433.026 433.042 433.057 433.072 433.087 433.101 433.115 433.128 433.141 433.154 433.166 433.178 433.189 433.2 433.21 433.22 433.23 433.239 433.248 433.257 433.265 433.273 433.28
-9999.0 -9999.0 -9999.0 -9999.0 -9999.0 -9999.0 -9999.0 -9999.0 -9999.0 -9999.0 -9999.0 -9999.0 -9999.0 -9999.0 -9999.0 -9999.0 -9999.0 -9999.0 -9999.0 432.353 432.387 432.419 432.452 432.484 432.515 432.546 432.576 432.606 432.634 432.661 432.687 432.713 432.738 432.763 432.787 432.81 432.833 432.856 432.878 432.899 432.92 432.94 432.96 432.979 432.998 433.015 433.031 433.046 433.061 433.075 433.09 433.103 433.116 433.129 433.142 433.154 433.165 433.176 433.187 433.197 433.207 433.217 433.226 433.235 433.243 433.252 433.259
-9999.0 -9999.0 -9999.0 -9999.0 -9999.0 -9999.0 -9999.0 -9999.0 -9999.0 -9999.0 -9999.0 -9999.0 -9999.0 -9999.0 -9999.0 -9999.0 -9999.0 -9999.0 432.278 432.312 432.346 432.379 432.412 432.444 432.476 432.507 432.538 432.568 432.598 432.626 432.653 432.679 432.704 432.729 432.754 432.777 432.801 432.823 432.846 432.867 432.889 432.909 432.929 432.949 432.968 432.987 433.004 433.02 433.035 433.05 433.064 433.078 433.092 433.105 433.117 433.13 433.141 433.153 433.164 433.174 433.185 433.195 433.204 433.213 433.222 433.231 433.239
-9999.0 -9999.0 -9999.0 -9999.0 -9999.0 -9999.0 -9999.0 -9999.0 -9999.0 -9999.0 -9999.0 -9999.0 -9999.0 -9999.0 -9999.0 -9999.0 -9999.0 -9999.0 432.237 432.272 432.306 432.339 432.373 432.405 432.437 432.469 432.5 432.53 432.56 432.589 432.618 432.645 432.671 432.696 432.72 432.745 432.768 432.791 432.814 432.836 432.857 432.878 432.899 432.919 432.938 432.957 432.975 432.993 433.009 433.024 433.039 433.053 433.067 433.08 433.093 433.106 433.118 433.13 433.141 433.152 433.162 433.173 433.182 433.192 433.201 433.21 433.218
-9999.0 -9999.0 -9999.0 -9999.0 -9999.0 -9999.0 -9999.0 -9999.0 -9999.0 -9999.0 -9999.0 -9999.0 -9999.0 -9999.0 -9999.0 -9999.0 -9999.0 432.161 432.197 432.231 432.266 432.3 432.333 432.366 432.398 432.43 432.462 432.492 432.523 432.552 432.582 432.61 432.637 432.663 432.688 432.712 432.736 432.759 432.782 432.805 432.827 432.848 432.869 432.889 432.909 432.928 432.946 432.965 432.982 432.999 433.014 433.028 433.043 433.056 433.069 433.082 433.095 433.107 433.118 433.129 433.14 433.151 433.161 433.17 433.18 433.189 433.198
-9999.0 -9999.0 -9999.0 -9999.0 -9999.0 -9999.0 -9999.0 -9999.0 -9999.0 -9999.0 -9999.0 -9999.0 -9999.0 -9999.0 -9999.0 -9999.0 -9999.0 -9999.0 432.156 -9999.0 432.226 432.26 432.294 432.327 432.36 432.392 432.424 432.455 432.486 432.516 432.545 432.574 432.602 432.63 432.655 432.68 432.704 432.728 432.751 432.774 432.796 432.817 432.838 432.859 432.879 432.899 432.918 432.936 432.954 432.972 432.989 433.004 433.018 433.032 433.046 433.059 433.071 433.084 433.096 433.107 433.118 433.129 433.139 433.149 433.159 433.168 433.177
-9999.0 -9999.0 -9999.0 -9999.0 -9999.0 -9999.0 -9999.0 -9999.0 -9999.0 -9999.0 -9999.0 -9999.0 -9999.0 -9999.0 -9999.0 -9999.0 -9999.0 -9999.0 -9999.0 -9999.0 -9999.0 432.221 432.255 432.289 432.322 432.354 432.386 432.418 432.449 432.479 432.509 432.538 432.567 432.595 432.622 432.648 432.672 432.696 432.72 432.743 432.765 432.787 432.809 432.829 432.85 432.87 432.889 432.908 432.926 432.944 432.961 432.978 432.994 433.008 433.022 433.035 433.048 433.061 433.073 433.085 433.096 433.107 433.118 433.128 433.138 433.148 433.157
-9999.0 -9999.0 -9999.0 -9999.0 -9999.0 -9999.0 -9999.0 -9999.0 -9999.0 -9999.0 -9999.0 -9999.0 -9999.0 -9999.0 -9999.0 -9999.0 -9999.0 -9999.0 -9999.0 -9999.0 -9999.0 -9999.0 -9999.0 432.25 432.283 432.316 432.349 432.38 432.412 432.442 432.473 432.502 432.531 432.56 432.588 432.615 432.64 432.665 432.689 432.712 432.735 432.757 432.779 432.8 432.821 432.841 432.861 432.88 432.898 432.917 432.934 432.951 432.968 432.984 432.999 433.012 433.026 433.038 433.051 433.063 433.075 433.086 433.097 433.107 433.118 433.127 433.137
-9999.0 -9999.0 -9999.0 -9999.0 -9999.0 -9999.0 -9999.0 -9999.0 -9999.0 -9999.0 -9999.0 -9999.0 -9999.0 -9999.0 -9999.0 -9999.0 -9999.0 -9999.0 -9999.0 -9999.0 -9999.0 -9999.0 -9999.0 -9999.0 432.246 432.279 432.311 432.344 432.375 432.406 432.437 432.467 432.496 432.525 432.553 432.581 432.608 432.634 432.658 432.682 432.705 432.727 432.749 432.771 432.792 432.812 432.832 432.852 432.871 432.889 432.907 432.925 432.942 432.958 432.974 432.989 433.003 433.016 433.029 433.041 433.053 433.065 433.076 433.087 433.097 433.107 433.117
-9999.0 -9999.0 -9999.0 -9999.0 -9999.0 -9999.0 -9999.0 -9999.0 -9999.0 -9999.0 -9999.0 -9999.0 -9999.0 -9999.0 -9999.0 -9999.0 -9999.0 -9999.0 -9999.0 -9999.0 -9999.0 -9999.0 -9999.0 -9999.0 432.208 432.241 432.274 432.307 432.339 432.37 432.401 432.431 432.461 432.49 432.519 432.547 432.574 432.601 432.627 432.651 432.675 432.698 432.72 432.742 432.763 432.784 432.804 432.824 432.843 432.862 432.88 432.898 432.915 432.932 432.949 432.965 432.98 432.994 433.007 433.019 433.032 433.043 433.055 433.066 433.077 433.087 433.097
-9999.0 -9999.0 -9999.0 -9999.0 -9999.0 -9999.0 -9999.0 -9999.0 -9999.0 -9999.0 -9999.0 -9999.0 -9999.0 -9999.0 -9999.0 -9999.0 -9999.0 -9999.0 -9999.0 -9999.0 -9999.0 -9999.0 -9999.0 -9999.0 -9999.0 432.204 432.238 432.271 432.303 432.335 432.366 432.396 432.426 432.456 432.485 432.513 432.541 432.568 432.595 432.621 432.645 432.668 432.691 432.713 432.735 432.756 432.776 432.796 432.816 432.835 432.854 432.872 432.889 432.907 432.923 432.939 432.955 432.971 432.985 432.998 433.01 433.022 433.034 433.045 433.056 433.067 433.077
-9999.0 -9999.0 -9999.0 -9999.0 -9999.0 -9999.0 -9999.0 -9999.0 -9999.0 -9999.0 -9999.0 -9999.0 -9999.0 -9999.0 -9999.0 -9999.0 -9999.0 -9999.0 -9999.0 -9999.0 -9999.0 -9999.0 -9999.0 -9999.0 -9999.0 432.168 432.201 432.234 432.267 432.299 432.331 432.362 432.392 432.422 432.451 432.48 432.508 432.536 432.563 432.589 432.615 432.639 432.662 432.684 432.706 432.728 432.749 432.769 432.789 432.808 432.827 432.846 432.864 432.881 432.898 432.915 432.931 432.946 432.961 432.976 432.989 433.001 433.013 433.025 433.036 433.047 433.058
-9999.0 -9999.0 -9999.0 -9999.0 -9999.0 -9999.0 -9999.0 -9999.0 -9999.0 -9999.0 -9999.0 -9999.0 -9999.0 -9999.0 -9999.0 -9999.0 -9999.0 -9999.0 -9999.0 -9999.0 -9999.0 -9999.0 -9999.0 -9999.0 -9999.0 -9999.0 432.165 432.199 -9999.0 -9999.0 432.296 432.327 432.358 432.388 432.418 432.447 432.475 432.503 432.53 432.557 432.583 432.609 432.633 432.656 432.678 432.7 432.721 432.742 432.762 432.782 432.801 432.82 432.838 432.856 432.873 432.89 432.906 432.922 432.938 432.953 432.967 432.981 432.993 433.005 433.016 433.027 433.038
-9999.0 -9999.0 -9999.0 -9999.0 -9999.0 -9999.0 -9999.0 -9999.0 -9999.0 -9999.0 -9999.0 -9999.0 -9999.0 -9999.0 -9999.0 -9999.0 -9999.0 -9999.0 -9999.0 -9999.0 -9999.0 -9999.0 -9999.0 -9999.0 -9999.0 -9999.0 -9999.0 -9999.0 -9999.0 -9999.0 432.261 432.293 432.324 432.354 432.384 432.414 432.442 432.471 432.498 432.525 432.552 432.578 432.603 432.628 432.65 432.672 432.694 432.715 432.736 432.756 432.775 432.794 432.813 432.831 432.848 432.865 432.882 432.898 432.914 432.929 432.944 432.958 432.972 432.985 432.997 433.008 433.019
