static/jobfarm/user_models/minyf/common/HOME-GBHM/输出文件/Output/Grids/snowmelt20020223.asc
ncols 221
nrows 204
xllcorner -627000.0
yllcorner 3955000.0
cellsize 900.0
NODATA_value -9999.0
[rows 66 to 98 of 204, columns 0 to 73 of 221]
-9999.0 -9999.0 -9999.0 -9999.0 -9999.0 -9999.0 -9999.0 -9999.0 -9999.0 -9999.0 -9999.0 -9999.0 5.891 5.873 5.856 5.84 5.823 5.807 5.791 5.775 5.76 5.745 5.73 5.716 5.702 5.688 5.674 5.661 5.65 5.64 5.63 5.621 5.611 5.602 5.594 5.585 5.577 5.569 5.562 5.555 5.548 5.541 5.535 5.529 5.523 5.518 5.513 5.508 5.504 5.5 5.496 5.492 5.489 5.486 5.484 5.481 5.479 5.477 5.476 5.475 5.474 5.473 5.472 5.472 5.472 5.472 5.473 5.474 5.475 5.476 5.477 5.479 5.481 5.483
-9999.0 -9999.0 -9999.0 -9999.0 -9999.0 -9999.0 -9999.0 -9999.0 -9999.0 -9999.0 -9999.0 -9999.0 5.915 5.897 5.88 5.864 5.847 5.831 5.815 5.799 5.783 5.768 5.753 5.739 5.724 5.71 5.697 5.683 5.67 5.658 5.648 5.638 5.629 5.619 5.611 5.602 5.594 5.586 5.578 5.571 5.564 5.557 5.551 5.545 5.539 5.534 5.528 5.524 5.519 5.515 5.511 5.507 5.504 5.501 5.498 5.495 5.493 5.491 5.49 5.488 5.487 5.486 5.485 5.485 5.485 5.485 5.485 5.486 5.487 5.488 5.489 5.49 5.492 5.494
-9999.0 -9999.0 -9999.0 -9999.0 -9999.0 -9999.0 -9999.0 -9999.0 -9999.0 -9999.0 -9999.0 -9999.0 5.939 5.921 5.904 5.887 5.871 5.854 5.838 5.822 5.807 5.791 5.776 5.762 5.747 5.733 5.719 5.706 5.693 5.68 5.668 5.658 5.648 5.639 5.63 5.621 5.613 5.605 5.597 5.59 5.583 5.576 5.569 5.563 5.557 5.552 5.546 5.541 5.537 5.532 5.528 5.524 5.521 5.518 5.515 5.512 5.51 5.507 5.506 5.504 5.503 5.502 5.501 5.5 5.5 5.5 5.5 5.5 5.501 5.502 5.503 5.504 5.505 5.507
-9999.0 -9999.0 -9999.0 -9999.0 -9999.0 -9999.0 -9999.0 -9999.0 -9999.0 -9999.0 -9999.0 -9999.0 5.963 5.945 5.928 5.911 5.894 5.878 5.861 5.845 5.83 5.814 5.799 5.784 5.77 5.756 5.742 5.728 5.715 5.702 5.689 5.677 5.665 5.656 5.647 5.638 5.63 5.621 5.614 5.606 5.599 5.592 5.585 5.579 5.573 5.567 5.562 5.557 5.552 5.547 5.543 5.539 5.535 5.532 5.529 5.526 5.523 5.521 5.519 5.517 5.516 5.515 5.514 5.513 5.512 5.512 5.512 5.512 5.513 5.513 5.514 5.515 5.516 5.518
-9999.0 -9999.0 -9999.0 -9999.0 -9999.0 -9999.0 -9999.0 -9999.0 -9999.0 -9999.0 -9999.0 -9999.0 -9999.0 5.969 5.952 5.935 5.918 5.901 5.885 5.869 5.853 5.837 5.822 5.807 5.792 5.778 5.764 5.75 5.737 5.724 5.711 5.699 5.687 5.675 5.666 5.657 5.648 5.64 5.632 5.624 5.617 5.61 5.603 5.597 5.591 5.585 5.579 5.574 5.569 5.564 5.56 5.556 5.552 5.548 5.545 5.542 5.539 5.537 5.535 5.533 5.531 5.53 5.529 5.528 5.527 5.527 5.526 5.526 5.527 5.527 5.528 5.528 5.529 5.531
-9999.0 -9999.0 -9999.0 -9999.0 -9999.0 -9999.0 -9999.0 -9999.0 -9999.0 -9999.0 -9999.0 -9999.0 -9999.0 -9999.0 -9999.0 5.958 5.941 5.925 5.908 5.892 5.876 5.86 5.845 5.83 5.815 5.8 5.786 5.772 5.759 5.746 5.733 5.72 5.708 5.696 5.685 5.674 5.665 5.656 5.648 5.641 5.633 5.626 5.619 5.612 5.606 5.6 5.594 5.589 5.584 5.579 5.574 5.57 5.566 5.562 5.559 5.556 5.553 5.55 5.548 5.546 5.544 5.543 5.541 5.54 5.539 5.539 5.538 5.538 5.538 5.538 5.539 5.539 5.54 5.541
-9999.0 -9999.0 -9999.0 -9999.0 -9999.0 -9999.0 -9999.0 -9999.0 -9999.0 -9999.0 -9999.0 -9999.0 -9999.0 -9999.0 -9999.0 5.982 5.965 5.948 5.931 5.915 5.899 5.883 5.867 5.852 5.837 5.823 5.808 5.794 5.781 5.767 5.754 5.742 5.729 5.717 5.706 5.694 5.683 5.675 5.667 5.659 5.651 5.644 5.637 5.63 5.623 5.617 5.611 5.606 5.601 5.596 5.591 5.587 5.582 5.579 5.575 5.572 5.569 5.566 5.563 5.561 5.559 5.557 5.556 5.555 5.554 5.553 5.552 5.552 5.552 5.552 5.552 5.552 5.553 5.554
-9999.0 -9999.0 -9999.0 -9999.0 -9999.0 -9999.0 -9999.0 -9999.0 -9999.0 -9999.0 -9999.0 -9999.0 -9999.0 -9999.0 -9999.0 -9999.0 5.988 5.971 5.954 5.938 5.922 5.906 5.89 5.875 5.859 5.845 5.83 5.816 5.802 5.789 5.776 5.763 5.75 5.738 5.726 5.715 5.704 5.693 5.683 5.675 5.667 5.659 5.652 5.645 5.639 5.632 5.626 5.621 5.615 5.61 5.605 5.601 5.596 5.592 5.589 5.585 5.582 5.579 5.576 5.574 5.572 5.57 5.568 5.567 5.566 5.565 5.564 5.563 5.563 5.563 5.563 5.563 5.564 5.564
-9999.0 -9999.0 -9999.0 -9999.0 -9999.0 -9999.0 -9999.0 -9999.0 -9999.0 -9999.0 -9999.0 -9999.0 -9999.0 -9999.0 -9999.0 6.029 6.011 5.994 -9999.0 5.961 5.944 5.928 5.912 5.897 5.882 5.867 5.852 5.838 5.824 5.81 5.797 5.784 5.771 5.759 5.747 5.735 5.724 5.713 5.703 5.692 5.684 5.677 5.67 5.663 5.656 5.649 5.643 5.637 5.632 5.626 5.621 5.617 5.612 5.608 5.604 5.601 5.597 5.594 5.591 5.589 5.586 5.584 5.583 5.581 5.58 5.578 5.577 5.577 5.576 5.576 5.576 5.576 5.576 5.577
-9999.0 -9999.0 -9999.0 -9999.0 -9999.0 -9999.0 -9999.0 -9999.0 -9999.0 -9999.0 -9999.0 -9999.0 -9999.0 -9999.0 -9999.0 -9999.0 -9999.0 -9999.0 -9999.0 5.983 5.967 5.951 5.935 5.919 5.904 5.889 5.874 5.859 5.845 5.831 5.818 5.805 5.792 5.78 5.768 5.756 5.744 5.733 5.722 5.712 5.702 5.692 5.685 5.678 5.671 5.664 5.658 5.652 5.646 5.641 5.636 5.631 5.626 5.622 5.618 5.614 5.61 5.607 5.604 5.601 5.599 5.597 5.595 5.593 5.591 5.59 5.589 5.588 5.587 5.587 5.587 5.587 5.587 5.587
-9999.0 -9999.0 -9999.0 -9999.0 -9999.0 -9999.0 -9999.0 -9999.0 -9999.0 -9999.0 -9999.0 -9999.0 -9999.0 -9999.0 -9999.0 -9999.0 -9999.0 -9999.0 6.023 6.006 5.989 5.973 5.957 5.941 5.925 5.91 5.895 5.881 5.867 5.853 5.839 5.826 5.813 5.8 5.788 5.776 5.764 5.753 5.742 5.732 5.721 5.711 5.702 5.695 5.687 5.681 5.674 5.668 5.662 5.657 5.651 5.646 5.642 5.637 5.633 5.629 5.625 5.622 5.619 5.616 5.613 5.611 5.609 5.607 5.605 5.603 5.602 5.601 5.6 5.6 5.599 5.599 5.599 5.599
-9999.0 -9999.0 -9999.0 -9999.0 -9999.0 -9999.0 -9999.0 -9999.0 -9999.0 -9999.0 -9999.0 -9999.0 -9999.0 -9999.0 -9999.0 -9999.0 -9999.0 -9999.0 -9999.0 6.028 6.011 5.995 5.979 5.963 5.947 5.932 5.917 5.902 5.888 5.874 5.86 5.846 5.833 5.82 5.808 5.796 5.784 5.773 5.762 5.751 5.74 5.73 5.721 5.711 5.702 5.695 5.689 5.682 5.676 5.671 5.665 5.66 5.655 5.65 5.646 5.642 5.638 5.635 5.631 5.628 5.625 5.623 5.62 5.618 5.616 5.615 5.613 5.612 5.611 5.61 5.61 5.609 5.609 5.609
-9999.0 -9999.0 -9999.0 -9999.0 -9999.0 -9999.0 -9999.0 -9999.0 -9999.0 -9999.0 -9999.0 -9999.0 -9999.0 -9999.0 -9999.0 -9999.0 -9999.0 -9999.0 6.068 6.051 6.034 6.017 6.001 5.985 5.969 5.953 5.938 5.923 5.909 5.894 5.88 5.867 5.854 5.841 5.828 5.816 5.804 5.792 5.781 5.77 5.759 5.749 5.739 5.73 5.721 5.712 5.705 5.698 5.692 5.686 5.681 5.675 5.67 5.666 5.661 5.657 5.653 5.649 5.646 5.642 5.639 5.637 5.634 5.632 5.63 5.628 5.626 5.625 5.624 5.623 5.622 5.621 5.621 5.621
-9999.0 -9999.0 -9999.0 -9999.0 -9999.0 -9999.0 -9999.0 -9999.0 -9999.0 -9999.0 -9999.0 -9999.0 -9999.0 -9999.0 -9999.0 -9999.0 -9999.0 -9999.0 6.09 6.073 6.056 6.039 6.022 6.006 5.99 5.974 5.959 5.944 5.929 5.915 5.901 5.887 5.874 5.861 5.848 5.835 5.823 5.812 5.8 5.789 5.778 5.768 5.758 5.748 5.739 5.73 5.721 5.712 5.706 5.7 5.694 5.689 5.684 5.679 5.674 5.669 5.665 5.661 5.658 5.654 5.651 5.648 5.646 5.643 5.641 5.639 5.637 5.636 5.634 5.633 5.632 5.631 5.631 5.63
-9999.0 -9999.0 -9999.0 -9999.0 -9999.0 -9999.0 -9999.0 -9999.0 -9999.0 -9999.0 -9999.0 -9999.0 -9999.0 -9999.0 -9999.0 -9999.0 -9999.0 6.13 6.112 6.095 6.078 6.061 6.044 6.027 6.011 5.996 5.98 5.965 5.95 5.935 5.921 5.907 5.894 5.88 5.868 5.855 5.843 5.831 5.819 5.808 5.797 5.786 5.776 5.766 5.757 5.747 5.738 5.73 5.722 5.715 5.709 5.704 5.698 5.693 5.688 5.684 5.68 5.675 5.672 5.668 5.665 5.662 5.659 5.656 5.654 5.652 5.65 5.648 5.646 5.645 5.644 5.643 5.642 5.642
-9999.0 -9999.0 -9999.0 -9999.0 -9999.0 -9999.0 -9999.0 -9999.0 -9999.0 -9999.0 -9999.0 -9999.0 -9999.0 -9999.0 -9999.0 -9999.0 -9999.0 -9999.0 6.134 -9999.0 6.099 6.082 6.065 6.049 6.033 6.017 6.001 5.986 5.971 5.956 5.941 5.927 5.914 5.9 5.887 5.874 5.862 5.85 5.838 5.827 5.815 5.805 5.794 5.784 5.774 5.765 5.756 5.747 5.739 5.73 5.723 5.717 5.711 5.706 5.701 5.696 5.692 5.688 5.684 5.68 5.676 5.673 5.67 5.667 5.665 5.662 5.66 5.658 5.657 5.655 5.654 5.653 5.652 5.651
-9999.0 -9999.0 -9999.0 -9999.0 -9999.0 -9999.0 -9999.0 -9999.0 -9999.0 -9999.0 -9999.0 -9999.0 -9999.0 -9999.0 -9999.0 -9999.0 -9999.0 -9999.0 -9999.0 -9999.0 -9999.0 6.103 6.087 6.07 6.053 6.037 6.022 6.006 5.991 5.976 5.961 5.947 5.933 5.92 5.906 5.893 5.881 5.869 5.857 5.845 5.834 5.823 5.812 5.802 5.792 5.782 5.773 5.764 5.756 5.747 5.739 5.732 5.726 5.72 5.715 5.71 5.706 5.701 5.697 5.693 5.69 5.686 5.683 5.68 5.677 5.675 5.673 5.671 5.669 5.667 5.666 5.664 5.663 5.662
-9999.0 -9999.0 -9999.0 -9999.0 -9999.0 -9999.0 -9999.0 -9999.0 -9999.0 -9999.0 -9999.0 -9999.0 -9999.0 -9999.0 -9999.0 -9999.0 -9999.0 -9999.0 -9999.0 -9999.0 -9999.0 -9999.0 -9999.0 6.091 6.074 6.058 6.042 6.026 6.011 5.996 5.981 5.967 5.953 5.939 5.926 5.912 5.9 5.887 5.875 5.863 5.852 5.841 5.83 5.82 5.809 5.8 5.79 5.781 5.772 5.764 5.756 5.748 5.74 5.733 5.728 5.723 5.718 5.713 5.709 5.705 5.701 5.697 5.694 5.691 5.688 5.685 5.683 5.681 5.679 5.677 5.675 5.674 5.673 5.672
-9999.0 -9999.0 -9999.0 -9999.0 -9999.0 -9999.0 -9999.0 -9999.0 -9999.0 -9999.0 -9999.0 -9999.0 -9999.0 -9999.0 -9999.0 -9999.0 -9999.0 -9999.0 -9999.0 -9999.0 -9999.0 -9999.0 -9999.0 -9999.0 6.095 6.078 6.062 6.046 6.031 6.016 6.001 5.986 5.972 5.958 5.945 5.931 5.918 5.906 5.893 5.882 5.87 5.859 5.848 5.837 5.827 5.817 5.807 5.798 5.789 5.78 5.772 5.764 5.756 5.749 5.741 5.736 5.731 5.726 5.722 5.718 5.714 5.71 5.707 5.703 5.7 5.697 5.695 5.692 5.69 5.688 5.687 5.685 5.684 5.682
-9999.0 -9999.0 -9999.0 -9999.0 -9999.0 -9999.0 -9999.0 -9999.0 -9999.0 -9999.0 -9999.0 -9999.0 -9999.0 -9999.0 -9999.0 -9999.0 -9999.0 -9999.0 -9999.0 -9999.0 -9999.0 -9999.0 -9999.0 -9999.0 6.115 6.099 6.082 6.066 6.051 6.035 6.02 6.006 5.991 5.977 5.963 5.95 5.937 5.924 5.912 5.899 5.888 5.876 5.865 5.854 5.844 5.834 5.824 5.814 5.805 5.796 5.788 5.78 5.772 5.764 5.757 5.75 5.743 5.738 5.733 5.729 5.725 5.721 5.717 5.714 5.711 5.708 5.705 5.702 5.7 5.698 5.696 5.694 5.693 5.691
-9999.0 -9999.0 -9999.0 -9999.0 -9999.0 -9999.0 -9999.0 -9999.0 -9999.0 -9999.0 -9999.0 -9999.0 -9999.0 -9999.0 -9999.0 -9999.0 -9999.0 -9999.0 -9999.0 -9999.0 -9999.0 -9999.0 -9999.0 -9999.0 -9999.0 6.119 6.102 6.086 6.07 6.055 6.04 6.025 6.01 5.996 5.982 5.968 5.955 5.942 5.93 5.917 5.905 5.894 5.882 5.871 5.861 5.85 5.84 5.831 5.821 5.812 5.804 5.795 5.787 5.779 5.772 5.765 5.758 5.751 5.746 5.742 5.737 5.733 5.73 5.726 5.723 5.719 5.717 5.714 5.711 5.709 5.707 5.705 5.703 5.702
-9999.0 -9999.0 -9999.0 -9999.0 -9999.0 -9999.0 -9999.0 -9999.0 -9999.0 -9999.0 -9999.0 -9999.0 -9999.0 -9999.0 -9999.0 -9999.0 -9999.0 -9999.0 -9999.0 -9999.0 -9999.0 -9999.0 -9999.0 -9999.0 -9999.0 6.139 6.122 6.106 6.09 6.074 6.059 6.044 6.029 6.015 6.0 5.987 5.973 5.96 5.947 5.935 5.923 5.911 5.899 5.888 5.877 5.867 5.857 5.847 5.837 5.828 5.819 5.811 5.802 5.794 5.787 5.779 5.772 5.765 5.759 5.753 5.748 5.744 5.74 5.736 5.733 5.729 5.726 5.723 5.721 5.718 5.716 5.714 5.712 5.71
-9999.0 -9999.0 -9999.0 -9999.0 -9999.0 -9999.0 -9999.0 -9999.0 -9999.0 -9999.0 -9999.0 -9999.0 -9999.0 -9999.0 -9999.0 -9999.0 -9999.0 -9999.0 -9999.0 -9999.0 -9999.0 -9999.0 -9999.0 -9999.0 -9999.0 -9999.0 6.142 6.125 -9999.0 -9999.0 6.078 6.062 6.048 6.033 6.019 6.005 5.991 5.978 5.965 5.952 5.94 5.928 5.916 5.905 5.894 5.883 5.873 5.863 5.853 5.844 5.835 5.826 5.817 5.809 5.801 5.794 5.787 5.78 5.773 5.767 5.76 5.756 5.752 5.748 5.744 5.741 5.738 5.735 5.732 5.729 5.727 5.724 5.722 5.721
-9999.0 -9999.0 -9999.0 -9999.0 -9999.0 -9999.0 -9999.0 -9999.0 -9999.0 -9999.0 -9999.0 -9999.0 -9999.0 -9999.0 -9999.0 -9999.0 -9999.0 -9999.0 -9999.0 -9999.0 -9999.0 -9999.0 -9999.0 -9999.0 -9999.0 -9999.0 -9999.0 -9999.0 -9999.0 -9999.0 6.096 6.081 6.066 6.051 6.037 6.023 6.009 5.995 5.982 5.969 5.957 5.945 5.933 5.922 5.91 5.9 5.889 5.879 5.869 5.859 5.85 5.841 5.832 5.824 5.816 5.808 5.801 5.794 5.787 5.78 5.774 5.768 5.762 5.758 5.754 5.751 5.747 5.744 5.741 5.738 5.736 5.733 5.731 5.729
-9999.0 -9999.0 -9999.0 -9999.0 -9999.0 -9999.0 -9999.0 -9999.0 -9999.0 -9999.0 -9999.0 -9999.0 -9999.0 -9999.0 -9999.0 -9999.0 -9999.0 -9999.0 -9999.0 -9999.0 -9999.0 -9999.0 -9999.0 -9999.0 -9999.0 -9999.0 -9999.0 -9999.0 -9999.0 6.131 6.115 6.099 6.084 6.069 6.055 6.04 6.026 6.013 5.999 5.987 5.974 5.962 5.95 5.938 5.927 5.916 5.905 5.894 5.884 5.875 5.865 5.856 5.847 5.839 5.83 5.823 5.815 5.808 5.801 5.794 5.787 5.781 5.775 5.769 5.765 5.762 5.758 5.755 5.752 5.749 5.746 5.743 5.741 5.739
-9999.0 -9999.0 -9999.0 -9999.0 -9999.0 -9999.0 -9999.0 -9999.0 -9999.0 -9999.0 -9999.0 -9999.0 -9999.0 -9999.0 -9999.0 -9999.0 -9999.0 -9999.0 -9999.0 -9999.0 -9999.0 -9999.0 -9999.0 -9999.0 -9999.0 -9999.0 -9999.0 -9999.0 6.165 6.149 6.133 6.117 6.102 6.087 6.072 6.058 6.044 6.03 6.016 6.003 5.991 5.978 5.966 5.954 5.943 5.931 5.92 5.91 5.9 5.89 5.88 5.871 5.862 5.853 5.845 5.837 5.829 5.821 5.814 5.807 5.8 5.794 5.788 5.782 5.776 5.771 5.767 5.764 5.761 5.757 5.755 5.752 5.749 5.747
-9999.0 -9999.0 -9999.0 -9999.0 -9999.0 -9999.0 -9999.0 -9999.0 -9999.0 -9999.0 -9999.0 -9999.0 -9999.0 -9999.0 -9999.0 -9999.0 -9999.0 -9999.0 -9999.0 -9999.0 -9999.0 -9999.0 -9999.0 -9999.0 -9999.0 -9999.0 -9999.0 -9999.0 6.184 6.167 6.151 6.135 6.12 6.105 6.09 6.075 6.061 6.047 6.033 6.02 6.007 5.994 5.982 5.97 5.958 5.947 5.936 5.925 5.915 5.905 5.895 5.885 5.876 5.867 5.859 5.85 5.843 5.835 5.827 5.82 5.813 5.807 5.801 5.794 5.789 5.783 5.778 5.774 5.771 5.768 5.764 5.762 5.759 5.757
-9999.0 -9999.0 -9999.0 -9999.0 -9999.0 -9999.0 -9999.0 -9999.0 -9999.0 -9999.0 -9999.0 -9999.0 -9999.0 -9999.0 -9999.0 -9999.0 -9999.0 -9999.0 -9999.0 -9999.0 -9999.0 -9999.0 -9999.0 -9999.0 -9999.0 -9999.0 -9999.0 6.219 6.202 6.185 6.169 6.153 6.137 6.122 6.107 6.092 6.078 6.064 6.05 6.036 6.023 6.01 5.998 5.986 5.974 5.962 5.951 5.94 5.93 5.919 5.909 5.9 5.89 5.881 5.873 5.864 5.856 5.848 5.841 5.833 5.826 5.819 5.813 5.807 5.801 5.795 5.79 5.784 5.78 5.776 5.773 5.77 5.767 5.764
-9999.0 -9999.0 -9999.0 -9999.0 -9999.0 -9999.0 -9999.0 -9999.0 -9999.0 -9999.0 -9999.0 -9999.0 -9999.0 -9999.0 -9999.0 -9999.0 -9999.0 -9999.0 -9999.0 -9999.0 -9999.0 -9999.0 -9999.0 -9999.0 -9999.0 -9999.0 -9999.0 -9999.0 6.22 6.203 6.187 6.171 6.155 6.139 6.124 6.109 6.095 6.08 6.066 6.053 6.039 6.026 6.014 6.001 5.989 5.978 5.966 5.955 5.944 5.934 5.924 5.914 5.905 5.895 5.886 5.878 5.869 5.861 5.854 5.846 5.839 5.832 5.825 5.819 5.813 5.807 5.801 5.796 5.791 5.786 5.783 5.779 5.776 5.774
-9999.0 -9999.0 -9999.0 -9999.0 -9999.0 -9999.0 -9999.0 -9999.0 -9999.0 -9999.0 -9999.0 -9999.0 -9999.0 -9999.0 -9999.0 -9999.0 -9999.0 -9999.0 -9999.0 -9999.0 -9999.0 -9999.0 -9999.0 -9999.0 -9999.0 -9999.0 -9999.0 -9999.0 6.238 6.221 6.204 6.188 6.172 6.156 6.141 6.126 6.111 6.097 6.083 6.069 6.055 6.042 6.029 6.017 6.005 5.993 5.981 5.97 5.959 5.948 5.938 5.928 5.918 5.909 5.9 5.891 5.883 5.874 5.866 5.859 5.851 5.844 5.837 5.831 5.825 5.819 5.813 5.807 5.802 5.797 5.792 5.789 5.786 5.783
-9999.0 -9999.0 -9999.0 -9999.0 -9999.0 -9999.0 -9999.0 -9999.0 -9999.0 -9999.0 -9999.0 -9999.0 -9999.0 -9999.0 -9999.0 -9999.0 -9999.0 -9999.0 -9999.0 -9999.0 -9999.0 -9999.0 -9999.0 -9999.0 -9999.0 -9999.0 -9999.0 -9999.0 6.255 6.238 6.222 6.205 6.189 6.173 6.158 6.142 6.127 6.113 6.099 6.085 6.071 6.058 6.045 6.032 6.02 6.008 5.996 5.984 5.973 5.963 5.952 5.942 5.932 5.923 5.913 5.904 5.896 5.887 5.879 5.871 5.864 5.856 5.849 5.843 5.836 5.83 5.824 5.818 5.813 5.808 5.803 5.798 5.793 5.79
-9999.0 -9999.0 -9999.0 -9999.0 -9999.0 -9999.0 -9999.0 -9999.0 -9999.0 -9999.0 -9999.0 -9999.0 -9999.0 -9999.0 -9999.0 -9999.0 -9999.0 -9999.0 -9999.0 -9999.0 -9999.0 -9999.0 -9999.0 -9999.0 -9999.0 -9999.0 -9999.0 6.29 6.273 6.255 6.239 6.222 6.206 6.19 6.174 6.159 6.144 6.129 6.114 6.1 6.086 6.073 6.06 6.047 6.034 6.022 6.01 5.999 5.988 5.977 5.966 5.956 5.946 5.936 5.926 5.917 5.908 5.9 5.892 5.884 5.876 5.868 5.861 5.854 5.848 5.841 5.835 5.829 5.824 5.818 5.813 5.808 5.804 5.799
-9999.0 -9999.0 -9999.0 -9999.0 -9999.0 -9999.0 -9999.0 -9999.0 -9999.0 -9999.0 -9999.0 -9999.0 -9999.0 -9999.0 -9999.0 -9999.0 -9999.0 -9999.0 -9999.0 -9999.0 -9999.0 -9999.0 -9999.0 -9999.0 -9999.0 -9999.0 -9999.0 6.307 6.29 6.272 6.255 6.239 6.222 6.206 6.19 6.175 6.159 6.145 6.13 6.116 6.102 6.088 6.075 6.062 6.049 6.037 6.025 6.013 6.002 5.99 5.98 5.969 5.959 5.949 5.939 5.93 5.921 5.912 5.904 5.896 5.888 5.88 5.873 5.866 5.859 5.853 5.846 5.84 5.834 5.829 5.823 5.818 5.814 5.809
