static/jobfarm/user_models/minyf/common/HOME-GBHM/输出文件/Output/Grids/snowDepth20020223.asc
ncols 221
nrows 204
xllcorner -627000.0
yllcorner 3955000.0
cellsize 900.0
NODATA_value -9999.0
[rows 120 to 149 of 204, columns 67 to 133 of 221]
417.92 417.929 417.938 417.946 417.955 417.963 417.971 417.979 417.986 417.994 418.001 418.008 418.014 418.021 418.027 418.034 418.04 418.046 418.051 418.057 418.062 418.067 418.072 418.077 418.082 418.087 418.091 418.095 418.1 418.104 418.108 418.111 418.115 418.119 418.122 418.125 418.129 418.132 418.135 418.138 418.141 418.144 418.146 418.149 418.152 418.154 418.156 418.159 418.161 418.163 418.164 418.166 418.168 418.17 418.172 418.173 418.175 418.177 418.179 418.181 418.182 418.184 418.186 418.188 418.19 418.192 418.193
417.912 417.922 417.931 417.939 417.948 417.956 417.964 417.972 417.98 417.988 417.995 418.002 418.009 418.016 418.022 418.028 418.035 418.041 418.046 418.052 418.058 418.063 418.068 418.073 418.078 418.083 418.088 418.092 418.096 418.101 418.105 418.109 418.113 418.116 418.12 418.124 418.127 418.13 418.134 418.137 418.14 418.143 418.146 418.149 418.151 418.154 418.157 418.159 418.162 418.164 418.166 418.168 418.17 418.173 418.175 418.177 418.179 418.181 418.183 418.185 418.187 418.189 418.191 418.193 418.195 418.197 418.2
417.905 417.915 417.924 417.933 417.941 417.95 417.958 417.966 417.974 417.982 417.989 417.996 418.003 418.01 418.017 418.023 418.03 418.036 418.042 418.048 418.053 418.059 418.064 418.069 418.074 418.079 418.084 418.089 418.093 418.098 418.102 418.106 418.11 418.114 418.118 418.122 418.125 418.129 418.132 418.136 418.139 418.142 418.145 418.148 418.151 418.154 418.157 418.16 418.163 418.165 418.168 418.171 418.173 418.175 418.178 418.18 418.182 418.184 418.187 418.189 418.191 418.194 418.196 418.198 418.201 418.203 418.206
417.898 417.908 417.917 417.926 417.935 417.944 417.952 417.96 417.968 417.976 417.983 417.991 417.998 418.005 418.012 418.018 418.025 418.031 418.037 418.043 418.049 418.055 418.06 418.066 418.071 418.076 418.081 418.086 418.09 418.095 418.099 418.104 418.108 418.112 418.116 418.12 418.124 418.128 418.131 418.135 418.138 418.142 418.145 418.148 418.151 418.154 418.158 418.161 418.164 418.166 418.169 418.172 418.175 418.178 418.181 418.183 418.186 418.188 418.191 418.193 418.196 418.199 418.201 418.204 418.207 418.209 418.212
417.891 417.901 417.91 417.92 417.929 417.937 417.946 417.954 417.962 417.97 417.978 417.985 417.993 418.0 418.007 418.014 418.02 418.027 418.033 418.039 418.045 418.051 418.057 418.062 418.067 418.073 418.078 418.083 418.088 418.092 418.097 418.101 418.106 418.11 418.114 418.118 418.122 418.126 418.13 418.134 418.138 418.141 418.145 418.148 418.152 418.155 418.158 418.161 418.165 418.168 418.171 418.174 418.177 418.18 418.183 418.186 418.189 418.192 418.195 418.198 418.201 418.204 418.206 418.209 418.212 418.216 418.219
417.885 417.895 417.904 417.913 417.922 417.931 417.94 417.948 417.957 417.965 417.973 417.98 417.988 417.995 418.002 418.009 418.016 418.022 418.029 418.035 418.041 418.047 418.053 418.059 418.064 418.07 418.075 418.08 418.085 418.09 418.095 418.099 418.104 418.108 418.113 418.117 418.121 418.125 418.129 418.133 418.137 418.141 418.145 418.148 418.152 418.155 418.159 418.162 418.166 418.169 418.172 418.176 418.179 418.182 418.186 418.189 418.192 418.196 418.199 418.202 418.205 418.209 418.212 418.215 418.218 418.222 418.225
417.878 417.888 417.898 417.907 417.916 417.925 417.934 417.943 417.951 417.959 417.967 417.975 417.983 417.99 417.997 418.004 418.011 418.018 418.025 418.031 418.037 418.043 418.049 418.055 418.061 418.066 418.072 418.077 418.082 418.087 418.092 418.097 418.102 418.107 418.111 418.116 418.12 418.124 418.128 418.133 418.137 418.141 418.145 418.148 418.152 418.156 418.16 418.163 418.167 418.171 418.174 418.178 418.181 418.185 418.188 418.192 418.196 418.199 418.203 418.206 418.21 418.213 418.217 418.221 418.225 418.228 418.232
417.872 417.882 417.892 417.901 417.911 417.92 417.929 417.937 417.946 417.954 417.962 417.97 417.978 417.985 417.993 418.0 418.007 418.014 418.021 418.027 418.034 418.04 418.046 418.052 418.058 418.064 418.069 418.075 418.08 418.085 418.09 418.095 418.1 418.105 418.11 418.114 418.119 418.123 418.128 418.132 418.136 418.14 418.145 418.149 418.153 418.157 418.161 418.165 418.168 418.172 418.176 418.18 418.184 418.187 418.191 418.195 418.199 418.203 418.207 418.21 418.214 418.218 418.222 418.226 418.23 418.234 418.239
417.866 417.876 417.886 417.895 417.905 417.914 417.923 417.932 417.941 417.949 417.957 417.965 417.973 417.981 417.988 417.996 418.003 418.01 418.017 418.024 418.03 418.036 418.043 418.049 418.055 418.061 418.066 418.072 418.078 418.083 418.088 418.093 418.099 418.104 418.108 418.113 418.118 418.123 418.127 418.132 418.136 418.14 418.145 418.149 418.153 418.158 418.162 418.166 418.17 418.174 418.178 418.182 418.186 418.19 418.194 418.198 418.202 418.206 418.21 418.215 418.219 418.223 418.227 418.232 418.236 418.241 418.245
417.86 417.87 417.88 417.89 417.899 417.909 417.918 417.927 417.935 417.944 417.952 417.961 417.969 417.976 417.984 417.992 417.999 418.006 418.013 418.02 418.027 418.033 418.04 418.046 418.052 418.058 418.064 418.07 418.075 418.081 418.086 418.092 418.097 418.102 418.107 418.112 418.117 418.122 418.127 418.131 418.136 418.141 418.145 418.15 418.154 418.158 418.163 418.167 418.171 418.176 418.18 418.184 418.189 418.193 418.197 418.201 418.206 418.21 418.215 418.219 418.223 418.228 418.233 418.237 418.242 418.247 418.252
-9999.0 417.864 417.874 417.884 417.894 417.903 417.912 417.922 417.93 417.939 417.948 417.956 417.964 417.972 417.98 417.987 417.995 418.002 418.009 418.016 418.023 418.03 418.036 418.043 418.049 418.055 418.061 418.067 418.073 418.079 418.085 418.09 418.096 418.101 418.106 418.111 418.116 418.121 418.126 418.131 418.136 418.141 418.146 418.15 418.155 418.159 418.164 418.169 418.173 418.178 418.182 418.187 418.191 418.196 418.2 418.205 418.209 418.214 418.219 418.223 418.228 418.233 418.238 418.243 418.248 418.253 418.258
-9999.0 -9999.0 417.869 417.879 417.888 417.898 417.907 417.917 417.926 417.934 417.943 417.951 417.96 417.968 417.976 417.984 417.991 417.999 418.006 418.013 418.02 418.027 418.034 418.04 418.047 418.053 418.059 418.065 418.071 418.077 418.083 418.089 418.094 418.1 418.105 418.11 418.116 418.121 418.126 418.131 418.136 418.141 418.146 418.151 418.156 418.161 418.165 418.17 418.175 418.18 418.184 418.189 418.194 418.199 418.203 418.208 418.213 418.218 418.223 418.228 418.233 418.238 418.243 418.248 418.254 418.259 418.265
-9999.0 -9999.0 -9999.0 417.873 417.883 417.893 417.902 417.912 417.921 417.93 417.939 417.947 417.955 417.964 417.972 417.98 417.987 417.995 418.002 418.01 418.017 418.024 418.031 418.037 418.044 418.05 418.057 418.063 418.069 418.075 418.081 418.087 418.093 418.099 418.104 418.11 418.115 418.12 418.126 418.131 418.136 418.141 418.147 418.152 418.157 418.162 418.167 418.172 418.177 418.182 418.187 418.192 418.197 418.202 418.207 418.212 418.217 418.222 418.227 418.232 418.238 418.243 418.249 418.254 418.26 418.265 418.271
-9999.0 -9999.0 -9999.0 -9999.0 -9999.0 417.888 417.898 417.907 417.916 417.925 417.934 417.943 417.951 417.96 417.968 417.976 417.984 417.992 417.999 418.006 418.014 418.021 418.028 418.035 418.042 418.048 418.055 418.061 418.067 418.074 418.08 418.086 418.092 418.098 418.103 418.109 418.115 418.12 418.126 418.131 418.137 418.142 418.147 418.152 418.158 418.163 418.168 418.173 418.179 418.184 418.189 418.194 418.199 418.205 418.21 418.215 418.221 418.226 418.231 418.237 418.243 418.248 418.254 418.26 418.266 418.272 418.278
-9999.0 -9999.0 -9999.0 -9999.0 -9999.0 -9999.0 417.893 417.902 417.912 417.921 417.93 417.939 417.947 417.956 417.964 417.972 417.98 417.988 417.996 418.003 418.011 418.018 418.025 418.032 418.039 418.046 418.053 418.059 418.066 418.072 418.078 418.084 418.091 418.097 418.103 418.108 418.114 418.12 418.126 418.131 418.137 418.142 418.148 418.153 418.159 418.164 418.17 418.175 418.181 418.186 418.191 418.197 418.202 418.208 418.213 418.219 418.224 418.23 418.236 418.242 418.247 418.253 418.259 418.266 418.272 418.278 418.285
-9999.0 -9999.0 -9999.0 -9999.0 -9999.0 -9999.0 417.888 417.898 417.907 417.917 417.926 417.935 417.943 417.952 417.961 417.969 417.977 417.985 417.993 418.0 418.008 418.015 418.023 418.03 418.037 418.044 418.051 418.057 418.064 418.071 418.077 418.083 418.09 418.096 418.102 418.108 418.114 418.12 418.126 418.131 418.137 418.143 418.149 418.154 418.16 418.166 418.171 418.177 418.183 418.188 418.194 418.2 418.205 418.211 418.217 418.223 418.228 418.234 418.24 418.246 418.252 418.259 418.265 418.271 418.278 418.284 418.291
-9999.0 -9999.0 -9999.0 -9999.0 -9999.0 -9999.0 417.884 417.894 417.903 417.913 417.922 417.931 417.94 417.948 417.957 417.965 417.974 417.982 417.99 417.998 418.005 418.013 418.02 418.028 418.035 418.042 418.049 418.056 418.062 418.069 418.076 418.082 418.089 418.095 418.101 418.107 418.114 418.12 418.126 418.132 418.138 418.144 418.15 418.155 418.161 418.167 418.173 418.179 418.185 418.19 418.196 418.202 418.208 418.214 418.22 418.226 418.232 418.238 418.245 418.251 418.257 418.264 418.27 418.277 418.284 418.291 418.298
-9999.0 -9999.0 -9999.0 -9999.0 -9999.0 -9999.0 -9999.0 -9999.0 417.899 417.908 417.918 417.927 417.936 417.945 417.954 417.962 417.97 417.979 417.987 417.995 418.003 418.01 418.018 418.025 418.033 418.04 418.047 418.054 418.061 418.068 418.075 418.081 418.088 418.094 418.101 418.107 418.113 418.12 418.126 418.132 418.138 418.144 418.15 418.157 418.163 418.169 418.175 418.181 418.187 418.193 418.199 418.205 418.211 418.217 418.224 418.23 418.236 418.243 418.249 418.256 418.262 418.269 418.276 418.283 418.29 418.297 418.304
-9999.0 -9999.0 -9999.0 -9999.0 -9999.0 -9999.0 -9999.0 -9999.0 417.895 417.905 417.914 417.923 417.932 417.941 417.95 417.959 417.967 417.976 417.984 417.992 418.0 418.008 418.016 418.023 418.031 418.038 418.045 418.052 418.06 418.067 418.073 418.08 418.087 418.094 418.1 418.107 418.113 418.12 418.126 418.133 418.139 418.145 418.151 418.158 418.164 418.17 418.176 418.183 418.189 418.195 418.202 418.208 418.214 418.221 418.227 418.234 418.24 418.247 418.254 418.26 418.267 418.274 418.281 418.289 418.296 418.304 418.311
-9999.0 -9999.0 -9999.0 -9999.0 -9999.0 -9999.0 -9999.0 -9999.0 -9999.0 417.901 417.91 417.92 417.929 417.938 417.947 417.956 417.964 417.973 417.981 417.989 417.998 418.006 418.013 418.021 418.029 418.036 418.044 418.051 418.058 418.065 418.072 418.079 418.086 418.093 418.1 418.107 418.113 418.12 418.126 418.133 418.14 418.146 418.152 418.159 418.165 418.172 418.178 418.185 418.191 418.198 418.204 418.211 418.217 418.224 418.231 418.237 418.244 418.251 418.258 418.265 418.272 418.28 418.287 418.294 418.302 418.31 418.318
-9999.0 -9999.0 -9999.0 -9999.0 -9999.0 -9999.0 -9999.0 -9999.0 -9999.0 417.897 417.907 417.916 417.926 417.935 417.944 417.953 417.962 417.97 417.979 417.987 417.995 418.003 418.011 418.019 418.027 418.035 418.042 418.05 418.057 418.064 418.071 418.079 418.086 418.093 418.1 418.106 418.113 418.12 418.127 418.134 418.14 418.147 418.154 418.16 418.167 418.173 418.18 418.187 418.193 418.2 418.207 418.214 418.22 418.227 418.234 418.241 418.248 418.255 418.263 418.27 418.277 418.285 418.292 418.3 418.308 418.316 418.324
-9999.0 -9999.0 -9999.0 -9999.0 -9999.0 -9999.0 -9999.0 -9999.0 -9999.0 417.894 417.903 417.913 417.922 417.932 417.941 417.95 417.959 417.967 417.976 417.985 417.993 418.001 418.009 418.017 418.025 418.033 418.041 418.048 418.056 418.063 418.071 418.078 418.085 418.092 418.099 418.106 418.113 418.12 418.127 418.134 418.141 418.148 418.155 418.161 418.168 418.175 418.182 418.189 418.196 418.203 418.21 418.217 418.224 418.231 418.238 418.245 418.252 418.26 418.267 418.275 418.282 418.29 418.298 418.306 418.314 418.322 418.331
-9999.0 -9999.0 -9999.0 -9999.0 -9999.0 -9999.0 -9999.0 -9999.0 -9999.0 -9999.0 -9999.0 -9999.0 417.919 -9999.0 417.938 417.947 417.956 417.965 417.974 417.982 417.991 417.999 418.007 418.015 418.023 418.031 418.039 418.047 418.055 418.062 418.07 418.077 418.085 418.092 418.099 418.106 418.113 418.121 418.128 418.135 418.142 418.149 418.156 418.163 418.17 418.177 418.184 418.191 418.198 418.205 418.212 418.219 418.227 418.234 418.241 418.249 418.256 418.264 418.272 418.279 418.287 418.295 418.303 418.312 418.32 418.329 418.337
-9999.0 -9999.0 -9999.0 -9999.0 -9999.0 -9999.0 -9999.0 -9999.0 -9999.0 -9999.0 -9999.0 -9999.0 -9999.0 -9999.0 417.935 417.944 417.953 417.962 417.971 417.98 417.989 417.997 418.005 418.014 418.022 418.03 418.038 418.046 418.054 418.061 418.069 418.077 418.084 418.092 418.099 418.106 418.114 418.121 418.128 418.135 418.143 418.15 418.157 418.164 418.171 418.179 418.186 418.193 418.2 418.208 418.215 418.222 418.23 418.237 418.245 418.253 418.26 418.268 418.276 418.284 418.292 418.3 418.309 418.317 418.326 418.335 418.344
-9999.0 -9999.0 -9999.0 -9999.0 -9999.0 -9999.0 -9999.0 -9999.0 -9999.0 -9999.0 -9999.0 -9999.0 -9999.0 -9999.0 -9999.0 -9999.0 417.951 417.96 417.969 417.978 417.987 417.995 418.004 418.012 418.02 418.029 418.037 418.045 418.053 418.06 418.068 418.076 418.084 418.091 418.099 418.106 418.114 418.121 418.129 418.136 418.144 418.151 418.158 418.166 418.173 418.18 418.188 418.195 418.203 418.21 418.218 418.225 418.233 418.241 418.248 418.256 418.264 418.272 418.28 418.289 418.297 418.306 418.314 418.323 418.332 418.341 418.35
-9999.0 -9999.0 -9999.0 -9999.0 -9999.0 -9999.0 -9999.0 -9999.0 -9999.0 -9999.0 -9999.0 -9999.0 -9999.0 -9999.0 -9999.0 -9999.0 -9999.0 417.958 417.967 417.976 417.985 417.993 418.002 418.01 418.019 418.027 418.035 418.044 418.052 418.06 418.068 418.076 418.083 418.091 418.099 418.106 418.114 418.122 418.129 418.137 418.144 418.152 418.16 418.167 418.175 418.182 418.19 418.197 418.205 418.213 418.22 418.228 418.236 418.244 418.252 418.26 418.268 418.276 418.285 418.293 418.302 418.311 418.319 418.328 418.338 418.347 418.356
-9999.0 -9999.0 -9999.0 -9999.0 -9999.0 -9999.0 -9999.0 -9999.0 -9999.0 -9999.0 -9999.0 -9999.0 -9999.0 -9999.0 -9999.0 -9999.0 -9999.0 -9999.0 417.965 417.974 417.983 417.992 418.0 418.009 418.017 418.026 418.034 418.043 418.051 418.059 418.067 418.075 418.083 418.091 418.099 418.107 418.114 418.122 418.13 418.138 418.145 418.153 418.161 418.169 418.176 418.184 418.192 418.2 418.207 418.215 418.223 418.231 418.239 418.247 418.256 418.264 418.272 418.281 418.289 418.298 418.307 418.316 418.325 418.334 418.343 418.353 418.363
-9999.0 -9999.0 -9999.0 -9999.0 -9999.0 -9999.0 -9999.0 -9999.0 -9999.0 -9999.0 -9999.0 -9999.0 -9999.0 -9999.0 -9999.0 -9999.0 -9999.0 -9999.0 -9999.0 417.972 417.981 417.99 417.999 418.007 418.016 418.025 418.033 418.042 418.05 418.058 418.067 418.075 418.083 418.091 418.099 418.107 418.115 418.123 418.131 418.138 418.146 418.154 418.162 418.17 418.178 418.186 418.194 418.202 418.21 418.218 418.226 418.234 418.242 418.251 418.259 418.268 418.276 418.285 418.294 418.302 418.311 418.321 418.33 418.339 418.349 418.359 418.369
-9999.0 -9999.0 -9999.0 -9999.0 -9999.0 -9999.0 -9999.0 -9999.0 -9999.0 -9999.0 -9999.0 -9999.0 -9999.0 -9999.0 -9999.0 -9999.0 -9999.0 -9999.0 -9999.0 -9999.0 -9999.0 -9999.0 -9999.0 418.006 418.015 418.024 418.032 418.041 418.049 418.058 418.066 418.074 418.083 418.091 418.099 418.107 418.115 418.123 418.131 418.139 418.147 418.155 418.163 418.171 418.18 418.188 418.196 418.204 418.212 418.22 418.229 418.237 418.245 418.254 418.263 418.271 418.28 418.289 418.298 418.307 418.316 418.326 418.335 418.345 418.354 418.364 418.375
-9999.0 -9999.0 -9999.0 -9999.0 -9999.0 -9999.0 -9999.0 -9999.0 -9999.0 -9999.0 -9999.0 -9999.0 -9999.0 -9999.0 -9999.0 -9999.0 -9999.0 -9999.0 -9999.0 -9999.0 -9999.0 -9999.0 -9999.0 -9999.0 -9999.0 -9999.0 -9999.0 418.04 418.049 418.057 418.066 418.074 418.082 418.091 418.099 418.107 418.116 418.124 418.132 418.14 418.148 418.157 418.165 418.173 418.181 418.189 418.198 418.206 418.214 418.223 418.231 418.24 418.248 418.257 418.266 418.275 418.284 418.293 418.302 418.311 418.321 418.33 418.34 418.35 418.36 418.37 418.38
