static/jobfarm/user_models/minyf/common/HOME-GBHM/输出文件/Output/Grids/snowDepth20020226.asc
ncols 221
nrows 204
xllcorner -627000.0
yllcorner 3955000.0
cellsize 900.0
NODATA_value -9999.0
[rows 90 to 119 of 204, columns 67 to 133 of 221]
418.941 418.96 418.979 418.997 419.015 419.032 419.049 419.066 419.082 419.098 419.114 419.129 419.144 419.159 419.173 419.188 419.201 419.215 419.228 419.241 419.254 419.266 419.278 419.29 419.3 419.31 419.319 419.328 419.337 419.346 419.355 419.363 419.371 419.379 419.386 419.393 419.401 419.407 419.414 419.421 419.427 419.433 419.439 419.444 419.449 419.454 419.459 419.464 419.468 419.472 419.476 419.478 419.481 419.482 419.484 419.486 419.487 419.488 419.488 419.489 419.489 419.489 419.488 419.488 419.487 419.485 419.484
418.916 418.935 418.954 418.973 418.991 419.008 419.026 419.043 419.059 419.075 419.091 419.107 419.122 419.137 419.152 419.166 419.18 419.194 419.207 419.22 419.233 419.245 419.258 419.27 419.281 419.291 419.301 419.31 419.319 419.328 419.336 419.344 419.352 419.36 419.368 419.375 419.382 419.389 419.396 419.402 419.409 419.415 419.42 419.426 419.431 419.436 419.441 419.445 419.45 419.454 419.458 419.461 419.464 419.466 419.468 419.469 419.47 419.471 419.472 419.472 419.472 419.472 419.472 419.471 419.47 419.468 419.467
418.891 418.911 418.93 418.949 418.967 418.985 419.002 419.02 419.036 419.053 419.069 419.085 419.1 419.115 419.13 419.144 419.158 419.172 419.186 419.199 419.212 419.225 419.237 419.249 419.261 419.272 419.282 419.291 419.3 419.309 419.318 419.326 419.334 419.342 419.35 419.357 419.364 419.371 419.378 419.384 419.391 419.396 419.402 419.408 419.413 419.418 419.423 419.427 419.431 419.435 419.439 419.442 419.446 419.449 419.451 419.453 419.454 419.455 419.456 419.456 419.456 419.456 419.455 419.454 419.453 419.452 419.45
418.865 418.887 418.906 418.925 418.943 418.961 418.979 418.997 419.014 419.03 419.046 419.062 419.078 419.093 419.108 419.123 419.137 419.151 419.165 419.178 419.191 419.204 419.216 419.228 419.24 419.252 419.263 419.273 419.282 419.291 419.3 419.308 419.316 419.324 419.332 419.339 419.346 419.353 419.36 419.366 419.373 419.378 419.384 419.39 419.395 419.4 419.405 419.409 419.413 419.417 419.421 419.424 419.427 419.43 419.433 419.435 419.437 419.438 419.439 419.44 419.44 419.439 419.439 419.438 419.437 419.435 419.434
418.839 418.86 418.881 418.901 418.92 418.938 418.956 418.974 418.991 419.008 419.024 419.04 419.056 419.071 419.086 419.101 419.116 419.13 419.144 419.157 419.17 419.183 419.196 419.208 419.22 419.232 419.243 419.254 419.264 419.273 419.281 419.29 419.298 419.306 419.314 419.321 419.328 419.335 419.342 419.348 419.355 419.361 419.366 419.372 419.377 419.382 419.386 419.391 419.395 419.399 419.403 419.406 419.409 419.412 419.414 419.416 419.418 419.42 419.421 419.422 419.423 419.423 419.423 419.422 419.421 419.419 419.417
418.813 418.834 418.855 418.876 418.896 418.915 418.933 418.951 418.968 418.985 419.002 419.018 419.034 419.05 419.065 419.08 419.094 419.109 419.123 419.136 419.149 419.162 419.175 419.187 419.199 419.211 419.223 419.234 419.245 419.254 419.263 419.272 419.28 419.288 419.296 419.303 419.31 419.317 419.324 419.331 419.337 419.343 419.348 419.354 419.359 419.364 419.369 419.373 419.377 419.381 419.384 419.388 419.391 419.393 419.396 419.398 419.4 419.401 419.403 419.404 419.404 419.404 419.404 419.404 419.403 419.402 419.401
418.786 418.808 418.83 418.851 418.871 418.891 418.91 418.928 418.946 418.963 418.98 418.996 419.012 419.028 419.043 419.058 419.073 419.088 419.102 419.115 419.129 419.142 419.155 419.167 419.179 419.191 419.203 419.214 419.225 419.235 419.245 419.254 419.262 419.27 419.278 419.285 419.293 419.3 419.306 419.313 419.319 419.325 419.331 419.336 419.341 419.346 419.351 419.355 419.359 419.363 419.367 419.37 419.373 419.375 419.378 419.38 419.382 419.383 419.384 419.385 419.386 419.386 419.386 419.386 419.385 419.384 419.382
418.76 418.782 418.804 418.825 418.846 418.866 418.886 418.906 418.923 418.941 418.958 418.974 418.991 419.007 419.022 419.037 419.052 419.067 419.081 419.095 419.108 419.121 419.134 419.147 419.159 419.171 419.183 419.194 419.205 419.216 419.226 419.236 419.244 419.252 419.26 419.268 419.275 419.282 419.289 419.295 419.301 419.307 419.313 419.319 419.324 419.329 419.333 419.338 419.342 419.345 419.349 419.352 419.355 419.358 419.36 419.362 419.364 419.365 419.366 419.367 419.368 419.368 419.368 419.367 419.367 419.365 419.364
418.734 418.757 418.779 418.8 418.821 418.842 418.862 418.881 418.9 418.919 418.936 418.953 418.969 418.985 419.001 419.016 419.031 419.046 419.06 419.074 419.088 419.101 419.114 419.127 419.139 419.151 419.163 419.174 419.185 419.196 419.206 419.216 419.226 419.235 419.242 419.25 419.257 419.264 419.271 419.278 419.284 419.29 419.296 419.301 419.306 419.311 419.316 419.32 419.324 419.328 419.331 419.335 419.337 419.34 419.342 419.344 419.346 419.348 419.349 419.349 419.35 419.35 419.35 419.349 419.349 419.347 419.346
418.709 418.731 418.753 418.775 418.796 418.817 418.837 418.857 418.877 418.895 418.914 418.931 418.947 418.964 418.98 418.995 419.01 419.025 419.039 419.053 419.067 419.081 419.094 419.106 419.119 419.131 419.143 419.154 419.165 419.176 419.187 419.197 419.207 419.216 419.225 419.233 419.24 419.247 419.254 419.26 419.267 419.273 419.278 419.284 419.289 419.294 419.298 419.303 419.307 419.31 419.314 419.317 419.32 419.323 419.325 419.327 419.329 419.33 419.331 419.332 419.332 419.332 419.332 419.332 419.331 419.33 419.328
418.683 418.706 418.728 418.75 418.772 418.793 418.813 418.833 418.853 418.872 418.891 418.909 418.926 418.942 418.958 418.974 418.989 419.004 419.019 419.033 419.047 419.06 419.074 419.086 419.099 419.111 419.123 419.134 419.146 419.156 419.167 419.177 419.187 419.197 419.206 419.215 419.223 419.23 419.237 419.243 419.249 419.255 419.261 419.267 419.272 419.277 419.281 419.285 419.289 419.293 419.297 419.3 419.303 419.305 419.308 419.31 419.311 419.313 419.314 419.314 419.315 419.315 419.315 419.314 419.313 419.312 419.311
418.658 418.681 418.703 418.726 418.747 418.768 418.789 418.809 418.829 418.848 418.867 418.886 418.904 418.921 418.937 418.953 418.969 418.984 418.998 419.013 419.027 419.04 419.054 419.066 419.079 419.091 419.103 419.115 419.126 419.137 419.148 419.158 419.168 419.178 419.187 419.196 419.205 419.212 419.219 419.226 419.232 419.238 419.244 419.249 419.255 419.259 419.264 419.268 419.272 419.276 419.28 419.283 419.286 419.288 419.29 419.292 419.294 419.295 419.297 419.297 419.298 419.298 419.298 419.297 419.296 419.295 419.294
418.632 418.656 418.679 418.701 418.723 418.744 418.765 418.786 418.806 418.825 418.844 418.863 418.881 418.899 418.916 418.933 418.948 418.963 418.978 418.992 419.007 419.02 419.034 419.047 419.059 419.072 419.084 419.095 419.107 419.118 419.128 419.139 419.149 419.158 419.168 419.177 419.186 419.194 419.202 419.209 419.215 419.221 419.227 419.233 419.238 419.243 419.247 419.252 419.256 419.259 419.263 419.266 419.269 419.271 419.274 419.276 419.277 419.279 419.28 419.28 419.281 419.281 419.281 419.28 419.279 419.278 419.277
418.607 418.631 418.654 418.677 418.699 418.72 418.741 418.762 418.782 418.802 418.821 418.84 418.858 418.876 418.894 418.911 418.928 418.943 418.958 418.972 418.987 419.0 419.014 419.027 419.04 419.052 419.064 419.076 419.087 419.098 419.109 419.119 419.13 419.139 419.149 419.158 419.167 419.175 419.183 419.191 419.198 419.204 419.21 419.216 419.221 419.226 419.23 419.235 419.239 419.243 419.246 419.249 419.252 419.255 419.257 419.259 419.26 419.262 419.263 419.264 419.264 419.264 419.264 419.264 419.263 419.262 419.26
418.582 418.606 418.63 418.652 418.675 418.696 418.718 418.739 418.759 418.779 418.798 418.817 418.836 418.854 418.872 418.889 418.906 418.922 418.938 418.952 418.967 418.981 418.994 419.007 419.02 419.033 419.045 419.057 419.068 419.079 419.09 419.1 419.111 419.12 419.13 419.139 419.148 419.156 419.164 419.172 419.18 419.187 419.194 419.199 419.204 419.209 419.214 419.218 419.222 419.226 419.23 419.233 419.236 419.238 419.24 419.242 419.244 419.245 419.246 419.247 419.248 419.248 419.248 419.247 419.246 419.245 419.244
418.558 418.582 418.605 418.628 418.651 418.673 418.694 418.715 418.736 418.756 418.776 418.795 418.814 418.832 418.85 418.867 418.884 418.901 418.917 418.933 418.947 418.961 418.975 418.988 419.001 419.013 419.026 419.037 419.049 419.06 419.071 419.082 419.092 419.101 419.111 419.12 419.129 419.137 419.146 419.153 419.161 419.168 419.175 419.181 419.188 419.193 419.198 419.202 419.206 419.21 419.213 419.216 419.219 419.222 419.224 419.226 419.228 419.229 419.23 419.231 419.231 419.232 419.231 419.231 419.23 419.229 419.228
418.533 418.557 418.581 418.604 418.627 418.649 418.671 418.692 418.713 418.733 418.753 418.772 418.791 418.81 418.828 418.845 418.862 418.879 418.895 418.911 418.927 418.941 418.955 418.969 418.982 418.994 419.007 419.018 419.03 419.041 419.052 419.063 419.073 419.083 419.092 419.102 419.11 419.119 419.127 419.135 419.142 419.15 419.157 419.163 419.169 419.175 419.181 419.186 419.19 419.194 419.197 419.2 419.203 419.206 419.208 419.21 419.212 419.213 419.214 419.215 419.215 419.216 419.215 419.215 419.214 419.213 419.212
418.508 418.533 418.557 418.581 418.604 418.626 418.648 418.669 418.69 418.711 418.731 418.75 418.769 418.788 418.806 418.824 418.841 418.858 418.874 418.89 418.906 418.921 418.936 418.949 418.962 418.975 418.988 419.0 419.011 419.023 419.034 419.044 419.054 419.064 419.074 419.083 419.092 419.101 419.109 419.117 419.124 419.131 419.138 419.145 419.151 419.157 419.162 419.168 419.172 419.177 419.181 419.184 419.187 419.19 419.192 419.194 419.196 419.197 419.198 419.199 419.2 419.2 419.2 419.199 419.199 419.198 419.196
418.482 418.509 418.534 418.557 418.58 418.603 418.625 418.647 418.668 418.688 418.709 418.728 418.747 418.766 418.784 418.802 418.82 418.837 418.853 418.869 418.885 418.9 418.915 418.93 418.943 418.956 418.969 418.981 418.993 419.004 419.015 419.026 419.036 419.046 419.056 419.065 419.074 419.082 419.091 419.098 419.106 419.113 419.12 419.127 419.133 419.139 419.144 419.15 419.154 419.159 419.163 419.167 419.17 419.174 419.176 419.178 419.18 419.182 419.183 419.184 419.184 419.184 419.184 419.184 419.183 419.182 419.181
418.456 418.483 418.51 418.534 418.557 418.58 418.602 418.624 418.645 418.666 418.686 418.706 418.726 418.745 418.763 418.781 418.799 418.816 418.832 418.849 418.864 418.88 418.895 418.909 418.923 418.937 418.95 418.962 418.974 418.986 418.997 419.007 419.018 419.028 419.037 419.047 419.056 419.064 419.073 419.08 419.088 419.095 419.102 419.109 419.115 419.121 419.126 419.132 419.137 419.141 419.145 419.149 419.153 419.156 419.159 419.161 419.163 419.165 419.167 419.168 419.169 419.169 419.169 419.169 419.168 419.167 419.166
418.429 418.458 418.485 418.511 418.534 418.557 418.58 418.602 418.623 418.644 418.665 418.685 418.704 418.723 418.742 418.76 418.778 418.795 418.812 418.828 418.844 418.859 418.875 418.889 418.903 418.917 418.931 418.944 418.956 418.967 418.978 418.989 419.0 419.01 419.019 419.029 419.038 419.046 419.055 419.063 419.07 419.078 419.084 419.091 419.097 419.103 419.109 419.114 419.119 419.123 419.128 419.132 419.135 419.138 419.141 419.144 419.146 419.148 419.149 419.15 419.151 419.152 419.152 419.151 419.151 419.15 419.149
418.403 418.431 418.46 418.486 418.512 418.535 418.557 418.58 418.601 418.622 418.643 418.663 418.683 418.702 418.721 418.739 418.757 418.774 418.791 418.808 418.824 418.839 418.854 418.869 418.884 418.898 418.911 418.924 418.937 418.949 418.96 418.971 418.982 418.992 419.001 419.011 419.02 419.029 419.037 419.045 419.053 419.06 419.067 419.074 419.08 419.086 419.091 419.097 419.101 419.106 419.11 419.114 419.118 419.121 419.124 419.126 419.128 419.13 419.132 419.133 419.134 419.134 419.134 419.134 419.134 419.133 419.132
418.376 418.405 418.433 418.461 418.488 418.513 418.535 418.558 418.579 418.601 418.621 418.642 418.662 418.681 418.7 418.718 418.736 418.754 418.771 418.787 418.804 418.819 418.835 418.849 418.864 418.878 418.892 418.905 418.918 418.93 418.942 418.953 418.964 418.974 418.984 418.993 419.002 419.011 419.019 419.027 419.035 419.043 419.05 419.056 419.062 419.068 419.074 419.079 419.084 419.089 419.093 419.097 419.101 419.104 419.107 419.109 419.111 419.113 419.115 419.116 419.117 419.117 419.118 419.117 419.117 419.116 419.115
418.35 418.379 418.408 418.436 418.463 418.489 418.513 418.536 418.558 418.579 418.6 418.621 418.641 418.66 418.679 418.698 418.716 418.733 418.751 418.767 418.784 418.799 418.815 418.83 418.844 418.858 418.872 418.885 418.898 418.911 418.923 418.935 418.946 418.956 418.966 418.976 418.985 418.994 419.002 419.01 419.018 419.025 419.032 419.039 419.045 419.051 419.057 419.062 419.067 419.072 419.076 419.08 419.084 419.087 419.09 419.092 419.095 419.096 419.098 419.099 419.1 419.101 419.101 419.101 419.1 419.1 419.098
418.324 418.353 418.382 418.41 418.438 418.465 418.491 418.514 418.536 418.558 418.579 418.6 418.62 418.639 418.659 418.677 418.696 418.713 418.731 418.747 418.764 418.78 418.795 418.81 418.825 418.839 418.853 418.866 418.879 418.892 418.904 418.916 418.927 418.938 418.949 418.958 418.968 418.976 418.985 418.993 419.001 419.008 419.015 419.022 419.028 419.034 419.04 419.045 419.05 419.055 419.059 419.063 419.067 419.07 419.073 419.076 419.078 419.08 419.082 419.083 419.084 419.084 419.085 419.084 419.084 419.083 419.082
418.298 418.328 418.357 418.385 418.413 418.44 418.466 418.492 418.515 418.537 418.558 418.579 418.599 418.619 418.638 418.657 418.675 418.693 418.711 418.728 418.744 418.76 418.776 418.791 418.806 418.82 418.834 418.848 418.861 418.873 418.885 418.897 418.909 418.92 418.93 418.941 418.951 418.959 418.968 418.976 418.984 418.991 418.998 419.005 419.012 419.018 419.023 419.029 419.034 419.038 419.043 419.047 419.05 419.054 419.057 419.059 419.062 419.064 419.065 419.067 419.067 419.068 419.068 419.068 419.068 419.067 419.066
418.273 418.303 418.332 418.36 418.388 418.415 418.442 418.468 418.493 418.516 418.538 418.558 418.579 418.599 418.618 418.637 418.656 418.674 418.691 418.708 418.725 418.741 418.757 418.772 418.787 418.801 418.815 418.829 418.842 418.855 418.867 418.879 418.89 418.902 418.912 418.923 418.933 418.942 418.951 418.959 418.967 418.975 418.982 418.989 418.995 419.001 419.007 419.012 419.017 419.022 419.026 419.03 419.034 419.038 419.041 419.043 419.046 419.048 419.049 419.051 419.052 419.052 419.053 419.053 419.052 419.052 419.051
418.248 418.278 418.307 418.336 418.364 418.391 418.418 418.444 418.47 418.495 418.517 418.538 418.559 418.579 418.598 418.617 418.636 418.654 418.672 418.689 418.706 418.722 418.738 418.753 418.768 418.783 418.797 418.81 418.824 418.836 418.849 418.861 418.872 418.884 418.894 418.905 418.915 418.924 418.933 418.942 418.951 418.958 418.965 418.972 418.979 418.985 418.991 418.996 419.001 419.006 419.01 419.014 419.018 419.022 419.025 419.027 419.03 419.032 419.033 419.035 419.036 419.037 419.037 419.037 419.037 419.036 419.035
418.223 418.253 418.282 418.311 418.339 418.367 418.394 418.42 418.446 418.471 418.496 418.518 418.539 418.559 418.579 418.598 418.616 418.635 418.652 418.67 418.687 418.703 418.719 418.734 418.749 418.764 418.778 418.792 418.805 418.818 418.831 418.843 418.854 418.866 418.877 418.887 418.897 418.907 418.916 418.925 418.933 418.941 418.949 418.956 418.963 418.969 418.975 418.98 418.985 418.99 418.994 418.999 419.002 419.006 419.009 419.012 419.014 419.016 419.018 419.019 419.02 419.021 419.022 419.022 419.022 419.021 419.02
418.196 418.229 418.258 418.287 418.315 418.343 418.37 418.397 418.423 418.448 418.473 418.497 418.518 418.539 418.559 418.578 418.597 418.616 418.633 418.651 418.668 418.684 418.7 418.716 418.731 418.746 418.76 418.774 418.787 418.8 418.813 418.825 418.837 418.848 418.859 418.869 418.88 418.889 418.899 418.908 418.916 418.924 418.932 418.94 418.947 418.953 418.959 418.964 418.969 418.974 418.979 418.983 418.987 418.99 418.993 418.996 418.999 419.001 419.003 419.004 419.005 419.006 419.007 419.007 419.007 419.006 419.005
