static/jobfarm/user_models/minyf/common/HOME-GBHM/输出文件/Output/Grids/snowDepth20020226.asc
ncols 221
nrows 204
xllcorner -627000.0
yllcorner 3955000.0
cellsize 900.0
NODATA_value -9999.0
[rows 120 to 149 of 204, columns 67 to 133 of 221]
418.17 418.203 418.234 418.263 418.292 418.32 418.347 418.374 418.4 418.425 418.45 418.474 418.497 418.519 418.54 418.559 418.578 418.597 418.615 418.632 418.649 418.666 418.682 418.698 418.713 418.728 418.742 418.756 418.769 418.782 418.795 418.807 418.819 418.831 418.842 418.852 418.862 418.872 418.882 418.891 418.899 418.907 418.915 418.923 418.93 418.937 418.943 418.949 418.954 418.959 418.963 418.968 418.971 418.975 418.978 418.981 418.983 418.986 418.988 418.989 418.99 418.991 418.992 418.992 418.992 418.992 418.991
418.145 418.177 418.21 418.24 418.268 418.296 418.324 418.351 418.377 418.402 418.427 418.452 418.476 418.498 418.519 418.54 418.559 418.578 418.596 418.614 418.631 418.647 418.664 418.679 418.695 418.71 418.724 418.738 418.752 418.765 418.778 418.79 418.802 418.813 418.824 418.835 418.845 418.855 418.865 418.874 418.882 418.891 418.899 418.906 418.913 418.92 418.927 418.933 418.938 418.943 418.948 418.952 418.956 418.96 418.963 418.966 418.969 418.971 418.973 418.974 418.976 418.977 418.977 418.978 418.978 418.977 418.977
418.119 418.152 418.185 418.216 418.245 418.273 418.301 418.328 418.354 418.38 418.405 418.43 418.454 418.477 418.499 418.52 418.54 418.559 418.577 418.595 418.612 418.629 418.646 418.662 418.677 418.692 418.706 418.721 418.734 418.748 418.76 418.773 418.785 418.796 418.807 418.818 418.829 418.838 418.848 418.857 418.866 418.874 418.882 418.89 418.897 418.904 418.91 418.917 418.922 418.928 418.933 418.937 418.941 418.945 418.948 418.951 418.954 418.956 418.958 418.96 418.961 418.962 418.963 418.963 418.963 418.963 418.963
418.094 418.127 418.16 418.192 418.222 418.251 418.278 418.306 418.332 418.358 418.383 418.408 418.432 418.455 418.478 418.5 418.52 418.54 418.559 418.577 418.594 418.611 418.628 418.644 418.659 418.674 418.689 418.703 418.717 418.73 418.743 418.756 418.768 418.779 418.791 418.801 418.812 418.822 418.832 418.841 418.85 418.858 418.866 418.874 418.881 418.888 418.895 418.901 418.906 418.912 418.917 418.922 418.926 418.93 418.934 418.937 418.939 418.942 418.944 418.946 418.947 418.948 418.949 418.949 418.949 418.949 418.949
418.069 418.103 418.135 418.167 418.198 418.228 418.256 418.283 418.31 418.336 418.361 418.386 418.41 418.434 418.457 418.48 418.501 418.52 418.539 418.558 418.576 418.594 418.61 418.626 418.642 418.657 418.672 418.686 418.7 418.713 418.726 418.739 418.751 418.763 418.774 418.785 418.796 418.806 418.815 418.825 418.834 418.842 418.85 418.858 418.865 418.872 418.879 418.885 418.891 418.896 418.902 418.906 418.911 418.915 418.919 418.922 418.925 418.928 418.93 418.932 418.933 418.934 418.935 418.936 418.936 418.936 418.935
418.045 418.078 418.111 418.143 418.174 418.205 418.234 418.261 418.288 418.314 418.34 418.365 418.389 418.413 418.436 418.459 418.481 418.501 418.521 418.539 418.558 418.575 418.593 418.609 418.625 418.64 418.655 418.669 418.683 418.697 418.71 418.722 418.735 418.746 418.758 418.769 418.779 418.789 418.799 418.809 418.818 418.826 418.834 418.842 418.85 418.857 418.863 418.87 418.876 418.881 418.886 418.891 418.896 418.9 418.904 418.907 418.91 418.913 418.915 418.918 418.919 418.921 418.921 418.922 418.922 418.922 418.922
418.021 418.054 418.087 418.119 418.151 418.182 418.212 418.24 418.267 418.293 418.319 418.344 418.368 418.392 418.415 418.438 418.46 418.482 418.502 418.521 418.539 418.557 418.574 418.591 418.608 418.623 418.638 418.652 418.666 418.68 418.693 418.706 418.718 418.73 418.742 418.753 418.763 418.774 418.783 418.793 418.802 418.811 418.819 418.827 418.834 418.841 418.848 418.855 418.861 418.866 418.872 418.876 418.881 418.885 418.889 418.893 418.896 418.899 418.901 418.903 418.905 418.907 418.908 418.909 418.909 418.909 418.909
417.997 418.03 418.063 418.096 418.127 418.158 418.189 418.218 418.245 418.272 418.298 418.323 418.347 418.371 418.395 418.417 418.44 418.461 418.482 418.502 418.521 418.539 418.556 418.573 418.59 418.606 418.621 418.636 418.65 418.664 418.677 418.69 418.702 418.714 418.726 418.737 418.748 418.758 418.768 418.777 418.786 418.795 418.804 418.812 418.819 418.826 418.833 418.84 418.846 418.851 418.857 418.862 418.867 418.871 418.875 418.878 418.882 418.885 418.887 418.889 418.891 418.893 418.894 418.895 418.896 418.896 418.896
417.973 418.007 418.04 418.073 418.104 418.135 418.166 418.196 418.224 418.251 418.277 418.302 418.327 418.351 418.374 418.397 418.419 418.441 418.462 418.483 418.503 418.521 418.538 418.555 418.572 418.588 418.604 418.619 418.634 418.648 418.661 418.674 418.686 418.698 418.71 418.721 418.732 418.742 418.752 418.762 418.771 418.78 418.788 418.797 418.804 418.811 418.818 418.825 418.831 418.837 418.842 418.847 418.852 418.857 418.861 418.864 418.868 418.871 418.873 418.876 418.878 418.88 418.881 418.882 418.883 418.883 418.883
417.95 417.984 418.017 418.05 418.082 418.113 418.143 418.173 418.202 418.23 418.256 418.282 418.306 418.331 418.354 418.377 418.4 418.421 418.443 418.463 418.484 418.503 418.521 418.538 418.555 418.571 418.586 418.602 418.617 418.631 418.645 418.658 418.671 418.683 418.694 418.706 418.717 418.727 418.737 418.747 418.756 418.765 418.774 418.782 418.789 418.797 418.804 418.81 418.817 418.823 418.828 418.833 418.838 418.843 418.847 418.851 418.854 418.857 418.86 418.862 418.865 418.866 418.868 418.869 418.87 418.871 418.87
-9999.0 417.961 417.995 418.027 418.059 418.091 418.121 418.151 418.18 418.209 418.236 418.262 418.286 418.311 418.334 418.357 418.38 418.402 418.423 418.444 418.464 418.484 418.503 418.52 418.537 418.554 418.569 418.585 418.6 418.614 418.628 418.641 418.655 418.667 418.679 418.69 418.701 418.712 418.722 418.732 418.741 418.75 418.759 418.767 418.775 418.782 418.789 418.796 418.803 418.809 418.814 418.819 418.824 418.829 418.833 418.837 418.841 418.844 418.847 418.849 418.852 418.853 418.855 418.856 418.857 418.857 418.857
-9999.0 -9999.0 417.972 418.005 418.037 418.069 418.099 418.129 418.159 418.187 418.215 418.242 418.267 418.291 418.315 418.338 418.361 418.383 418.404 418.425 418.445 418.465 418.484 418.503 418.52 418.537 418.552 418.568 418.583 418.597 418.611 418.625 418.638 418.651 418.663 418.675 418.686 418.697 418.707 418.717 418.727 418.736 418.744 418.753 418.761 418.768 418.775 418.782 418.789 418.795 418.8 418.806 418.811 418.815 418.82 418.824 418.827 418.831 418.834 418.836 418.838 418.84 418.841 418.842 418.843 418.843 418.843
-9999.0 -9999.0 -9999.0 417.983 418.015 418.047 418.078 418.108 418.137 418.166 418.194 418.222 418.247 418.272 418.295 418.319 418.341 418.364 418.385 418.406 418.427 418.446 418.466 418.485 418.503 418.52 418.536 418.551 418.566 418.581 418.595 418.609 418.622 418.635 418.647 418.659 418.67 418.681 418.692 418.702 418.712 418.721 418.73 418.739 418.747 418.754 418.761 418.768 418.775 418.781 418.787 418.792 418.797 418.802 418.806 418.81 418.814 418.817 418.82 418.822 418.824 418.826 418.828 418.829 418.83 418.83 418.83
-9999.0 -9999.0 -9999.0 -9999.0 -9999.0 418.025 418.056 418.087 418.116 418.145 418.173 418.201 418.228 418.252 418.276 418.3 418.323 418.345 418.366 418.387 418.408 418.428 418.447 418.466 418.485 418.503 418.519 418.535 418.55 418.565 418.579 418.593 418.606 418.619 418.631 418.643 418.655 418.666 418.677 418.687 418.697 418.706 418.715 418.724 418.732 418.739 418.747 418.754 418.76 418.767 418.773 418.778 418.783 418.788 418.792 418.796 418.8 418.803 418.806 418.809 418.811 418.813 418.814 418.816 418.817 418.817 418.817
-9999.0 -9999.0 -9999.0 -9999.0 -9999.0 -9999.0 418.035 418.066 418.095 418.124 418.153 418.18 418.207 418.234 418.258 418.281 418.304 418.326 418.348 418.369 418.39 418.41 418.429 418.448 418.467 418.485 418.502 418.519 418.534 418.549 418.563 418.577 418.59 418.603 418.616 418.628 418.639 418.651 418.661 418.672 418.681 418.691 418.7 418.709 418.717 418.725 418.732 418.739 418.746 418.752 418.758 418.764 418.769 418.774 418.778 418.782 418.786 418.789 418.793 418.795 418.798 418.8 418.801 418.803 418.804 418.804 418.805
-9999.0 -9999.0 -9999.0 -9999.0 -9999.0 -9999.0 418.015 418.045 418.075 418.104 418.132 418.16 418.187 418.214 418.239 418.263 418.286 418.308 418.33 418.351 418.372 418.392 418.411 418.43 418.449 418.467 418.484 418.501 418.518 418.533 418.547 418.561 418.575 418.588 418.6 418.613 418.624 418.635 418.646 418.657 418.667 418.676 418.685 418.694 418.702 418.71 418.718 418.725 418.732 418.738 418.744 418.75 418.755 418.76 418.765 418.769 418.773 418.776 418.779 418.782 418.785 418.787 418.788 418.79 418.791 418.792 418.793
-9999.0 -9999.0 -9999.0 -9999.0 -9999.0 -9999.0 417.994 418.025 418.055 418.084 418.112 418.14 418.167 418.194 418.22 418.244 418.267 418.29 418.312 418.333 418.354 418.374 418.394 418.413 418.432 418.45 418.467 418.484 418.501 418.517 418.532 418.546 418.56 418.573 418.585 418.597 418.609 418.621 418.631 418.642 418.652 418.662 418.671 418.68 418.688 418.696 418.704 418.711 418.718 418.724 418.731 418.736 418.742 418.747 418.751 418.756 418.759 418.763 418.766 418.769 418.772 418.774 418.776 418.778 418.779 418.78 418.78
-9999.0 -9999.0 -9999.0 -9999.0 -9999.0 -9999.0 -9999.0 -9999.0 418.035 418.064 418.092 418.12 418.148 418.174 418.2 418.226 418.25 418.272 418.294 418.315 418.336 418.357 418.376 418.396 418.414 418.432 418.45 418.467 418.484 418.5 418.515 418.53 418.544 418.558 418.57 418.583 418.594 418.606 418.617 418.627 418.638 418.647 418.657 418.666 418.674 418.682 418.69 418.697 418.704 418.711 418.717 418.723 418.728 418.733 418.738 418.742 418.747 418.75 418.754 418.757 418.759 418.762 418.764 418.765 418.767 418.768 418.769
-9999.0 -9999.0 -9999.0 -9999.0 -9999.0 -9999.0 -9999.0 -9999.0 418.015 418.044 418.073 418.101 418.128 418.155 418.181 418.206 418.231 418.255 418.277 418.298 418.319 418.339 418.359 418.378 418.397 418.415 418.433 418.45 418.467 418.483 418.499 418.514 418.529 418.543 418.556 418.568 418.58 418.591 418.603 418.613 418.623 418.633 418.643 418.652 418.66 418.668 418.676 418.684 418.691 418.697 418.704 418.71 418.715 418.72 418.725 418.73 418.734 418.738 418.741 418.744 418.747 418.749 418.752 418.753 418.755 418.756 418.757
-9999.0 -9999.0 -9999.0 -9999.0 -9999.0 -9999.0 -9999.0 -9999.0 -9999.0 418.025 418.054 418.082 418.109 418.136 418.162 418.187 418.212 418.237 418.259 418.281 418.302 418.322 418.342 418.362 418.38 418.399 418.417 418.434 418.45 418.467 418.482 418.498 418.512 418.527 418.54 418.554 418.566 418.577 418.588 418.599 418.609 418.619 418.629 418.638 418.647 418.655 418.663 418.67 418.677 418.684 418.691 418.697 418.702 418.708 418.712 418.717 418.721 418.725 418.729 418.732 418.735 418.737 418.74 418.742 418.743 418.745 418.746
-9999.0 -9999.0 -9999.0 -9999.0 -9999.0 -9999.0 -9999.0 -9999.0 -9999.0 418.006 418.035 418.063 418.09 418.117 418.143 418.169 418.194 418.218 418.242 418.264 418.285 418.306 418.326 418.345 418.364 418.382 418.4 418.417 418.434 418.45 418.466 418.482 418.496 418.511 418.524 418.538 418.551 418.563 418.574 418.585 418.596 418.606 418.615 418.624 418.633 418.642 418.65 418.657 418.664 418.671 418.678 418.684 418.69 418.695 418.7 418.705 418.709 418.713 418.717 418.72 418.723 418.726 418.728 418.73 418.732 418.733 418.734
-9999.0 -9999.0 -9999.0 -9999.0 -9999.0 -9999.0 -9999.0 -9999.0 -9999.0 417.987 418.016 418.044 418.072 418.099 418.125 418.151 418.176 418.2 418.224 418.247 418.269 418.289 418.309 418.329 418.348 418.366 418.384 418.401 418.418 418.435 418.45 418.466 418.481 418.495 418.509 418.522 418.535 418.548 418.56 418.571 418.582 418.592 418.602 418.611 418.62 418.628 418.636 418.644 418.652 418.658 418.665 418.671 418.677 418.683 418.688 418.692 418.697 418.701 418.705 418.708 418.711 418.714 418.717 418.719 418.721 418.722 418.723
-9999.0 -9999.0 -9999.0 -9999.0 -9999.0 -9999.0 -9999.0 -9999.0 -9999.0 -9999.0 -9999.0 -9999.0 418.054 -9999.0 418.107 418.133 418.158 418.182 418.206 418.229 418.252 418.273 418.293 418.313 418.332 418.35 418.368 418.385 418.402 418.419 418.435 418.45 418.465 418.48 418.493 418.507 418.52 418.532 418.545 418.556 418.567 418.578 418.588 418.598 418.607 418.615 418.624 418.631 418.639 418.646 418.653 418.659 418.665 418.67 418.676 418.681 418.685 418.689 418.693 418.697 418.7 418.703 418.705 418.707 418.708 418.71 418.71
-9999.0 -9999.0 -9999.0 -9999.0 -9999.0 -9999.0 -9999.0 -9999.0 -9999.0 -9999.0 -9999.0 -9999.0 -9999.0 -9999.0 418.089 418.115 418.14 418.164 418.188 418.211 418.234 418.256 418.277 418.297 418.316 418.334 418.352 418.37 418.387 418.403 418.419 418.435 418.45 418.464 418.478 418.492 418.505 418.518 418.53 418.541 418.553 418.563 418.574 418.583 418.593 418.602 418.61 418.619 418.626 418.634 418.64 418.647 418.653 418.658 418.664 418.669 418.673 418.677 418.681 418.685 418.688 418.69 418.693 418.694 418.696 418.697 418.698
-9999.0 -9999.0 -9999.0 -9999.0 -9999.0 -9999.0 -9999.0 -9999.0 -9999.0 -9999.0 -9999.0 -9999.0 -9999.0 -9999.0 -9999.0 -9999.0 418.122 418.147 418.171 418.194 418.217 418.239 418.261 418.281 418.3 418.319 418.337 418.354 418.372 418.388 418.404 418.42 418.435 418.449 418.463 418.477 418.49 418.503 418.515 418.527 418.538 418.549 418.559 418.569 418.579 418.588 418.596 418.605 418.612 418.62 418.627 418.633 418.64 418.645 418.651 418.656 418.66 418.664 418.668 418.672 418.675 418.678 418.68 418.682 418.684 418.685 418.686
-9999.0 -9999.0 -9999.0 -9999.0 -9999.0 -9999.0 -9999.0 -9999.0 -9999.0 -9999.0 -9999.0 -9999.0 -9999.0 -9999.0 -9999.0 -9999.0 -9999.0 418.13 418.154 418.177 418.2 418.222 418.244 418.265 418.285 418.303 418.322 418.339 418.356 418.373 418.389 418.405 418.42 418.435 418.449 418.462 418.476 418.488 418.501 418.512 418.524 418.535 418.545 418.555 418.565 418.574 418.583 418.591 418.599 418.606 418.613 418.62 418.626 418.632 418.638 418.643 418.647 418.652 418.656 418.659 418.663 418.665 418.668 418.67 418.672 418.673 418.675
-9999.0 -9999.0 -9999.0 -9999.0 -9999.0 -9999.0 -9999.0 -9999.0 -9999.0 -9999.0 -9999.0 -9999.0 -9999.0 -9999.0 -9999.0 -9999.0 -9999.0 -9999.0 418.137 418.16 418.183 418.205 418.227 418.248 418.269 418.288 418.307 418.324 418.342 418.358 418.374 418.39 418.405 418.42 418.434 418.448 418.461 418.474 418.486 418.498 418.51 418.521 418.531 418.541 418.551 418.56 418.569 418.578 418.586 418.593 418.6 418.607 418.613 418.619 418.625 418.63 418.635 418.639 418.643 418.647 418.65 418.653 418.656 418.658 418.66 418.662 418.663
-9999.0 -9999.0 -9999.0 -9999.0 -9999.0 -9999.0 -9999.0 -9999.0 -9999.0 -9999.0 -9999.0 -9999.0 -9999.0 -9999.0 -9999.0 -9999.0 -9999.0 -9999.0 -9999.0 418.144 418.167 418.189 418.211 418.232 418.252 418.272 418.292 418.31 418.327 418.344 418.36 418.376 418.391 418.406 418.42 418.434 418.447 418.46 418.473 418.484 418.496 418.507 418.518 418.528 418.538 418.547 418.556 418.564 418.572 418.58 418.587 418.594 418.601 418.607 418.612 418.618 418.622 418.627 418.631 418.635 418.638 418.641 418.644 418.647 418.649 418.65 418.652
-9999.0 -9999.0 -9999.0 -9999.0 -9999.0 -9999.0 -9999.0 -9999.0 -9999.0 -9999.0 -9999.0 -9999.0 -9999.0 -9999.0 -9999.0 -9999.0 -9999.0 -9999.0 -9999.0 -9999.0 -9999.0 -9999.0 -9999.0 418.216 418.236 418.256 418.276 418.295 418.312 418.329 418.346 418.361 418.377 418.392 418.406 418.42 418.433 418.446 418.459 418.471 418.482 418.494 418.504 418.515 418.524 418.534 418.543 418.551 418.559 418.567 418.574 418.581 418.588 418.594 418.6 418.605 418.61 418.615 418.619 418.623 418.627 418.63 418.633 418.635 418.637 418.639 418.641
-9999.0 -9999.0 -9999.0 -9999.0 -9999.0 -9999.0 -9999.0 -9999.0 -9999.0 -9999.0 -9999.0 -9999.0 -9999.0 -9999.0 -9999.0 -9999.0 -9999.0 -9999.0 -9999.0 -9999.0 -9999.0 -9999.0 -9999.0 -9999.0 -9999.0 -9999.0 -9999.0 418.279 418.298 418.315 418.332 418.347 418.363 418.378 418.392 418.406 418.42 418.433 418.445 418.457 418.469 418.48 418.491 418.501 418.511 418.521 418.53 418.538 418.547 418.555 418.562 418.569 418.576 418.582 418.588 418.593 418.598 418.603 418.607 418.611 418.615 418.618 418.621 418.624 418.626 418.628 418.63
