static/jobfarm/user_models/minyf/common/HOME-GBHM/输出文件/Output/Grids/snowDepth20020223.asc
ncols 221
nrows 204
xllcorner -627000.0
yllcorner 3955000.0
cellsize 900.0
NODATA_value -9999.0
[rows 90 to 119 of 204, columns 134 to 200 of 221]
418.108 418.102 418.096 418.09 418.084 418.077 418.071 418.064 418.056 418.049 418.041 418.033 418.024 418.016 418.007 417.998 417.988 417.978 417.968 417.957 417.947 417.935 417.924 417.912 417.899 417.887 417.873 417.86 417.846 417.832 417.817 417.799 417.782 417.763 417.745 417.726 417.706 417.686 417.665 417.644 417.622 417.6 417.578 417.554 417.531 417.507 417.482 417.457 417.432 417.406 -9999.0 -9999.0 -9999.0 -9999.0 -9999.0 -9999.0 -9999.0 -9999.0 -9999.0 -9999.0 -9999.0 -9999.0 -9999.0 -9999.0 -9999.0 -9999.0 -9999.0
418.106 418.101 418.095 418.089 418.083 418.076 418.07 418.063 418.056 418.048 418.041 418.033 418.025 418.016 418.008 417.999 417.99 417.98 417.97 417.96 417.949 417.938 417.927 417.916 417.904 417.892 417.879 417.866 417.852 417.839 417.823 417.807 417.79 417.772 417.754 417.736 417.717 417.698 417.678 417.658 417.637 417.616 417.595 417.573 417.55 417.527 417.504 417.48 417.456 -9999.0 -9999.0 -9999.0 -9999.0 -9999.0 -9999.0 -9999.0 -9999.0 -9999.0 -9999.0 -9999.0 -9999.0 -9999.0 -9999.0 -9999.0 -9999.0 -9999.0 -9999.0
418.105 418.1 418.094 418.088 418.082 418.076 418.069 418.063 418.056 418.049 418.041 418.034 418.026 418.018 418.009 418.001 417.992 417.982 417.973 417.963 417.953 417.942 417.932 417.92 417.909 417.897 417.885 417.873 417.86 417.846 417.831 417.815 417.799 417.782 417.765 417.747 417.729 417.711 417.692 417.673 417.653 417.633 417.613 417.592 417.57 417.549 417.527 417.504 417.481 417.458 -9999.0 -9999.0 -9999.0 -9999.0 -9999.0 -9999.0 -9999.0 -9999.0 -9999.0 -9999.0 -9999.0 -9999.0 -9999.0 -9999.0 -9999.0 -9999.0 -9999.0
418.104 418.099 418.093 418.088 418.082 418.076 418.07 418.063 418.056 418.05 418.042 418.035 418.027 418.02 418.011 418.003 417.994 417.985 417.976 417.967 417.957 417.947 417.937 417.926 417.915 417.904 417.892 417.88 417.868 417.854 417.839 417.824 417.809 417.793 417.776 417.76 417.743 417.725 417.707 417.689 417.67 417.651 417.632 417.612 417.592 417.571 417.55 417.529 417.507 417.485 417.463 417.44 -9999.0 -9999.0 -9999.0 -9999.0 -9999.0 -9999.0 -9999.0 -9999.0 -9999.0 -9999.0 -9999.0 -9999.0 -9999.0 -9999.0 -9999.0
418.104 418.099 418.093 418.088 418.082 418.076 418.07 418.064 418.057 418.051 418.044 418.037 418.029 418.022 418.014 418.006 417.998 417.989 417.98 417.971 417.962 417.952 417.942 417.932 417.922 417.911 417.9 417.888 417.876 417.863 417.849 417.834 417.819 417.804 417.789 417.773 417.757 417.74 417.723 417.706 417.688 417.67 417.652 417.633 417.614 417.594 417.574 417.554 417.534 417.513 417.492 417.471 -9999.0 -9999.0 -9999.0 -9999.0 -9999.0 -9999.0 -9999.0 -9999.0 -9999.0 -9999.0 -9999.0 -9999.0 -9999.0 -9999.0 -9999.0
418.104 418.099 418.093 418.088 418.083 418.077 418.071 418.065 418.059 418.052 418.046 418.039 418.032 418.025 418.017 418.009 418.001 417.993 417.985 417.976 417.967 417.958 417.949 417.939 417.929 417.919 417.908 417.897 417.885 417.872 417.859 417.845 417.831 417.817 417.802 417.787 417.771 417.756 417.74 417.723 417.707 417.69 417.672 417.655 417.637 417.618 417.6 417.581 417.562 417.542 417.523 417.502 -9999.0 -9999.0 -9999.0 -9999.0 -9999.0 -9999.0 -9999.0 -9999.0 -9999.0 -9999.0 -9999.0 -9999.0 -9999.0 -9999.0 -9999.0
418.104 418.099 418.094 418.089 418.084 418.078 418.073 418.067 418.061 418.055 418.048 418.042 418.035 418.028 418.021 418.014 418.006 417.998 417.99 417.982 417.973 417.964 417.955 417.946 417.937 417.927 417.917 417.907 417.895 417.882 417.87 417.857 417.843 417.83 417.816 417.802 417.787 417.772 417.757 417.742 417.726 417.71 417.694 417.677 417.661 417.643 417.626 417.608 417.59 417.572 417.554 417.535 -9999.0 -9999.0 -9999.0 -9999.0 -9999.0 -9999.0 -9999.0 -9999.0 -9999.0 -9999.0 -9999.0 -9999.0 -9999.0 -9999.0 -9999.0
418.104 418.1 418.095 418.09 418.085 418.08 418.074 418.069 418.063 418.057 418.051 418.045 418.039 418.032 418.025 418.018 418.011 418.003 417.996 417.988 417.98 417.972 417.963 417.954 417.945 417.936 417.927 417.916 417.905 417.893 417.881 417.869 417.857 417.844 417.831 417.817 417.804 417.79 417.776 417.761 417.747 417.732 417.716 417.701 417.685 417.669 417.653 417.637 417.62 417.603 417.586 417.568 -9999.0 -9999.0 -9999.0 -9999.0 -9999.0 -9999.0 -9999.0 -9999.0 -9999.0 -9999.0 -9999.0 -9999.0 -9999.0 -9999.0 -9999.0
418.105 418.101 418.096 418.092 418.087 418.082 418.077 418.071 418.066 418.06 418.055 418.049 418.043 418.036 418.03 418.023 418.016 418.009 418.002 417.995 417.987 417.979 417.971 417.963 417.954 417.946 417.937 417.927 417.916 417.905 417.894 417.882 417.87 417.858 417.846 417.834 417.821 417.808 417.795 417.781 417.768 417.754 417.74 417.725 417.711 417.696 417.681 417.666 417.65 417.634 417.618 417.602 -9999.0 -9999.0 -9999.0 -9999.0 -9999.0 -9999.0 -9999.0 -9999.0 -9999.0 -9999.0 -9999.0 -9999.0 -9999.0 -9999.0 -9999.0
418.106 418.102 418.098 418.093 418.089 418.084 418.079 418.074 418.069 418.064 418.058 418.053 418.047 418.041 418.035 418.029 418.022 418.016 418.009 418.002 417.995 417.987 417.98 417.972 417.964 417.956 417.947 417.938 417.928 417.917 417.907 417.896 417.885 417.874 417.863 417.851 417.839 417.827 417.815 417.802 417.79 417.777 417.764 417.75 417.737 417.723 417.709 417.695 417.681 417.666 417.652 417.637 -9999.0 -9999.0 -9999.0 -9999.0 -9999.0 -9999.0 -9999.0 -9999.0 -9999.0 -9999.0 -9999.0 -9999.0 -9999.0 -9999.0 -9999.0
418.108 418.104 418.1 418.096 418.091 418.087 418.082 418.078 418.073 418.068 418.063 418.057 418.052 418.046 418.041 418.035 418.029 418.023 418.016 418.01 418.003 417.996 417.989 417.982 417.975 417.967 417.958 417.949 417.94 417.93 417.921 417.911 417.9 417.89 417.88 417.869 417.858 417.847 417.836 417.824 417.812 417.8 417.788 417.776 417.764 417.751 417.739 417.726 417.713 417.699 417.686 417.672 417.659 417.645 -9999.0 -9999.0 -9999.0 -9999.0 -9999.0 -9999.0 -9999.0 -9999.0 -9999.0 -9999.0 -9999.0 -9999.0 -9999.0
418.11 418.106 418.102 418.098 418.094 418.09 418.086 418.081 418.077 418.072 418.067 418.063 418.057 418.052 418.047 418.041 418.036 418.03 418.024 418.018 418.012 418.005 417.999 417.992 417.986 417.978 417.97 417.962 417.953 417.944 417.935 417.926 417.917 417.907 417.897 417.887 417.877 417.867 417.857 417.846 417.836 417.825 417.814 417.803 417.791 417.78 417.768 417.757 417.745 417.733 417.721 417.708 417.696 417.684 -9999.0 -9999.0 -9999.0 -9999.0 -9999.0 -9999.0 -9999.0 -9999.0 -9999.0 -9999.0 -9999.0 -9999.0 -9999.0
418.112 418.108 418.105 418.101 418.098 418.094 418.09 418.086 418.081 418.077 418.073 418.068 418.063 418.058 418.053 418.048 418.043 418.038 418.032 418.027 418.021 418.015 418.009 418.003 417.997 417.99 417.982 417.974 417.966 417.958 417.95 417.942 417.933 417.924 417.916 417.907 417.898 417.888 417.879 417.869 417.86 417.85 417.84 417.83 417.82 417.809 417.799 417.788 417.778 417.767 417.756 417.745 417.734 417.723 -9999.0 -9999.0 -9999.0 -9999.0 -9999.0 -9999.0 -9999.0 -9999.0 -9999.0 -9999.0 -9999.0 -9999.0 -9999.0
418.114 418.111 418.108 418.105 418.101 418.098 418.094 418.09 418.086 418.082 418.078 418.074 418.069 418.065 418.061 418.056 418.051 418.046 418.041 418.036 418.031 418.026 418.02 418.015 418.009 418.002 417.995 417.988 417.981 417.973 417.966 417.958 417.95 417.943 417.935 417.926 417.918 417.91 417.901 417.893 417.884 417.876 417.867 417.858 417.849 417.839 417.83 417.821 417.811 417.802 417.792 417.782 417.773 417.763 -9999.0 -9999.0 -9999.0 -9999.0 -9999.0 -9999.0 -9999.0 -9999.0 -9999.0 -9999.0 -9999.0 -9999.0 -9999.0
418.117 418.114 418.111 418.108 418.105 418.102 418.098 418.095 418.091 418.088 418.084 418.08 418.076 418.072 418.068 418.064 418.059 418.055 418.05 418.046 418.041 418.036 418.031 418.026 418.021 418.015 418.008 418.002 417.995 417.989 417.982 417.975 417.968 417.961 417.954 417.947 417.94 417.932 417.925 417.917 417.909 417.902 417.894 417.886 417.878 417.87 417.862 417.854 417.845 417.837 417.829 417.82 417.812 417.803 417.794 -9999.0 -9999.0 -9999.0 -9999.0 -9999.0 -9999.0 -9999.0 -9999.0 -9999.0 -9999.0 -9999.0 -9999.0
418.12 418.118 418.115 418.112 418.109 418.106 418.103 418.1 418.097 418.094 418.09 418.087 418.083 418.079 418.076 418.072 418.068 418.064 418.06 418.056 418.052 418.047 418.043 418.039 418.033 418.028 418.022 418.017 418.011 418.005 417.999 417.993 417.987 417.98 417.974 417.968 417.961 417.955 417.948 417.942 417.935 417.928 417.922 417.915 417.908 417.901 417.894 417.887 417.88 417.873 417.866 417.858 417.851 417.844 417.836 -9999.0 -9999.0 -9999.0 -9999.0 -9999.0 -9999.0 -9999.0 -9999.0 -9999.0 -9999.0 -9999.0 -9999.0
418.124 418.121 418.119 418.116 418.114 418.111 418.108 418.106 418.103 418.1 418.097 418.094 418.091 418.087 418.084 418.081 418.077 418.074 418.07 418.067 418.063 418.059 418.055 418.051 418.047 418.042 418.037 418.032 418.027 418.021 418.016 418.011 418.006 418.0 417.995 417.989 417.984 417.978 417.973 417.967 417.961 417.956 417.95 417.944 417.938 417.933 417.927 417.921 417.915 417.909 417.903 417.897 417.891 417.885 417.879 -9999.0 -9999.0 -9999.0 -9999.0 -9999.0 -9999.0 -9999.0 -9999.0 -9999.0 -9999.0 -9999.0 -9999.0
418.127 418.125 418.123 418.121 418.119 418.116 418.114 418.111 418.109 418.106 418.104 418.101 418.098 418.095 418.093 418.09 418.087 418.084 418.081 418.077 418.074 418.071 418.068 418.064 418.06 418.056 418.052 418.047 418.043 418.038 418.034 418.03 418.025 418.02 418.016 418.011 418.007 418.002 417.997 417.993 417.988 417.983 417.979 417.974 417.969 417.965 417.96 417.955 417.95 417.946 417.941 417.936 417.931 417.926 -9999.0 -9999.0 -9999.0 -9999.0 -9999.0 -9999.0 -9999.0 -9999.0 -9999.0 -9999.0 -9999.0 -9999.0 -9999.0
418.131 418.129 418.128 418.126 418.124 418.122 418.12 418.118 418.115 418.113 418.111 418.109 418.106 418.104 418.101 418.099 418.097 418.094 418.091 418.089 418.086 418.084 418.081 418.078 418.074 418.07 418.067 418.063 418.06 418.056 418.052 418.049 418.045 418.041 418.037 418.034 418.03 418.026 418.023 418.019 418.015 418.012 418.008 418.004 418.001 417.997 417.993 417.99 417.986 417.983 417.979 417.975 417.972 417.968 417.965 -9999.0 -9999.0 -9999.0 -9999.0 -9999.0 -9999.0 -9999.0 -9999.0 -9999.0 -9999.0 -9999.0 -9999.0
418.135 418.134 418.132 418.131 418.129 418.127 418.126 418.124 418.122 418.12 418.119 418.117 418.115 418.113 418.111 418.109 418.107 418.105 418.103 418.1 418.098 418.096 418.094 418.091 418.088 418.085 418.083 418.08 418.077 418.074 418.071 418.068 418.065 418.062 418.059 418.057 418.054 418.051 418.048 418.045 418.043 418.04 418.037 418.035 418.032 418.03 418.027 418.025 418.022 418.02 418.017 418.015 418.013 418.01 418.008 -9999.0 -9999.0 -9999.0 -9999.0 -9999.0 -9999.0 -9999.0 -9999.0 -9999.0 -9999.0 -9999.0 -9999.0
418.14 418.139 418.137 418.136 418.135 418.134 418.132 418.131 418.129 418.128 418.126 418.125 418.123 418.122 418.12 418.119 418.117 418.116 418.114 418.113 418.111 418.109 418.108 418.105 418.103 418.101 418.099 418.096 418.094 418.092 418.09 418.088 418.086 418.084 418.082 418.08 418.078 418.076 418.074 418.072 418.071 418.069 418.067 418.066 418.064 418.063 418.061 418.06 418.059 418.057 418.056 418.055 418.054 418.053 418.051 -9999.0 -9999.0 -9999.0 -9999.0 -9999.0 -9999.0 -9999.0 -9999.0 -9999.0 -9999.0 -9999.0 -9999.0
418.144 418.144 418.143 418.142 418.141 418.14 418.139 418.138 418.137 418.136 418.135 418.133 418.132 418.131 418.13 418.129 418.128 418.127 418.126 418.125 418.124 418.123 418.121 418.12 418.118 418.117 418.115 418.114 418.112 418.111 418.109 418.108 418.107 418.106 418.104 418.103 418.102 418.101 418.1 418.1 418.099 418.098 418.098 418.097 418.097 418.096 418.096 418.096 418.095 418.095 418.095 418.095 418.095 -9999.0 -9999.0 -9999.0 -9999.0 -9999.0 -9999.0 -9999.0 -9999.0 -9999.0 -9999.0 -9999.0 -9999.0 -9999.0 -9999.0
418.149 418.149 418.148 418.148 418.147 418.146 418.146 418.145 418.144 418.144 418.143 418.142 418.142 418.141 418.14 418.14 418.139 418.139 418.138 418.137 418.137 418.137 418.136 418.135 418.134 418.133 418.132 418.131 418.13 418.13 418.129 418.129 418.128 418.128 418.127 418.127 418.127 418.127 418.127 418.127 418.127 418.128 418.128 418.129 418.129 418.13 418.131 418.131 418.132 418.133 418.134 418.135 418.136 -9999.0 -9999.0 -9999.0 -9999.0 -9999.0 -9999.0 -9999.0 -9999.0 -9999.0 -9999.0 -9999.0 -9999.0 -9999.0 -9999.0
418.154 418.154 418.154 418.154 418.153 418.153 418.153 418.152 418.152 418.152 418.152 418.151 418.151 418.151 418.151 418.151 418.15 418.15 418.15 418.15 418.15 418.15 418.15 418.15 418.149 418.149 418.149 418.149 418.149 418.149 418.149 418.149 418.15 418.15 418.151 418.151 418.152 418.153 418.154 418.155 418.156 418.157 418.159 418.16 418.162 418.164 418.165 418.167 418.169 418.171 418.173 418.176 418.178 -9999.0 -9999.0 -9999.0 -9999.0 -9999.0 -9999.0 -9999.0 -9999.0 -9999.0 -9999.0 -9999.0 -9999.0 -9999.0 -9999.0
418.16 418.16 418.16 418.16 418.16 418.16 418.16 418.16 418.16 418.16 418.161 418.161 418.161 418.161 418.161 418.162 418.162 418.162 418.163 418.163 418.164 418.165 418.165 418.165 418.165 418.166 418.166 418.167 418.168 418.169 418.169 418.17 418.172 418.173 418.174 418.176 418.177 418.179 418.181 418.183 418.185 418.187 418.19 418.192 418.195 418.197 418.2 418.203 418.206 418.209 418.213 418.216 418.219 -9999.0 -9999.0 -9999.0 -9999.0 -9999.0 -9999.0 -9999.0 -9999.0 -9999.0 -9999.0 -9999.0 -9999.0 -9999.0 -9999.0
418.165 418.166 418.166 418.166 418.167 418.167 418.168 418.168 418.169 418.169 418.17 418.17 418.171 418.172 418.172 418.173 418.174 418.175 418.176 418.177 418.178 418.179 418.18 418.181 418.182 418.183 418.184 418.185 418.187 418.188 418.19 418.192 418.194 418.196 418.198 418.2 418.203 418.205 418.208 418.211 418.214 418.217 418.221 418.224 418.228 418.231 418.235 418.239 418.243 418.248 418.252 418.256 418.261 418.265 -9999.0 -9999.0 -9999.0 -9999.0 -9999.0 -9999.0 -9999.0 -9999.0 -9999.0 -9999.0 -9999.0 -9999.0 -9999.0
418.171 418.172 418.172 418.173 418.174 418.175 418.175 418.176 418.177 418.178 418.179 418.18 418.181 418.182 418.183 418.185 418.186 418.187 418.189 418.19 418.192 418.194 418.195 418.197 418.198 418.2 418.202 418.204 418.206 418.208 418.211 418.213 418.216 418.219 418.222 418.225 418.228 418.232 418.235 418.239 418.243 418.247 418.252 418.256 418.261 418.265 418.27 418.275 418.28 418.286 418.291 418.297 418.302 418.308 -9999.0 -9999.0 -9999.0 -9999.0 -9999.0 -9999.0 -9999.0 -9999.0 -9999.0 -9999.0 -9999.0 -9999.0 -9999.0
418.177 418.178 418.179 418.18 418.181 418.182 418.183 418.185 418.186 418.187 418.189 418.19 418.191 418.193 418.195 418.196 418.198 418.2 418.202 418.204 418.206 418.208 418.211 418.213 418.215 418.217 418.22 418.223 418.226 418.229 418.232 418.235 418.238 418.242 418.246 418.25 418.254 418.258 418.263 418.268 418.272 418.277 418.283 418.288 418.294 418.299 418.305 418.311 418.318 418.324 418.33 418.337 418.343 418.35 -9999.0 -9999.0 -9999.0 -9999.0 -9999.0 -9999.0 -9999.0 -9999.0 -9999.0 -9999.0 -9999.0 -9999.0 -9999.0
418.183 418.184 418.186 418.187 418.188 418.19 418.191 418.193 418.195 418.196 418.198 418.2 418.202 418.204 418.206 418.208 418.211 418.213 418.215 418.218 418.221 418.224 418.226 418.229 418.232 418.235 418.238 418.242 418.245 418.249 418.253 418.257 418.261 418.265 418.27 418.275 418.28 418.285 418.29 418.296 418.302 418.308 418.314 418.32 418.327 418.333 418.34 418.347 418.354 418.362 418.369 418.377 418.385 418.392 -9999.0 -9999.0 -9999.0 -9999.0 -9999.0 -9999.0 -9999.0 -9999.0 -9999.0 -9999.0 -9999.0 -9999.0 -9999.0
418.189 418.191 418.192 418.194 418.196 418.198 418.2 418.202 418.204 418.206 418.208 418.21 418.213 418.215 418.218 418.22 418.223 418.226 418.229 418.232 418.235 418.239 418.242 418.245 418.249 418.253 418.257 418.261 418.265 418.269 418.274 418.279 418.284 418.289 418.294 418.3 418.306 418.312 418.318 418.324 418.331 418.338 418.345 418.352 418.36 418.367 418.375 418.383 418.391 418.4 418.408 418.417 418.425 -9999.0 -9999.0 -9999.0 -9999.0 -9999.0 -9999.0 -9999.0 -9999.0 -9999.0 -9999.0 -9999.0 -9999.0 -9999.0 -9999.0
