static/jobfarm/user_models/minyf/common/HOME-GBHM/输出文件/Output/Grids/snowDepth20020224.asc
ncols 221
nrows 204
xllcorner -627000.0
yllcorner 3955000.0
cellsize 900.0
NODATA_value -9999.0
[rows 90 to 119 of 204, columns 134 to 200 of 221]
433.218 433.215 433.211 433.208 433.204 433.2 433.195 433.191 433.186 433.18 433.175 433.169 433.163 433.157 433.15 433.143 433.136 433.129 433.121 433.112 433.104 433.095 433.086 433.077 433.067 433.057 433.046 433.035 433.024 433.013 433.0 432.986 432.972 432.957 432.941 432.926 432.91 432.893 432.876 432.859 432.842 432.824 432.806 432.787 432.768 432.749 432.73 432.71 432.691 432.67 -9999.0 -9999.0 -9999.0 -9999.0 -9999.0 -9999.0 -9999.0 -9999.0 -9999.0 -9999.0 -9999.0 -9999.0 -9999.0 -9999.0 -9999.0 -9999.0 -9999.0
433.207 433.204 433.2 433.197 433.193 433.189 433.184 433.18 433.175 433.17 433.164 433.159 433.153 433.147 433.14 433.133 433.126 433.119 433.111 433.103 433.095 433.086 433.077 433.068 433.058 433.048 433.038 433.027 433.017 433.005 432.993 432.979 432.965 432.95 432.935 432.92 432.904 432.888 432.872 432.856 432.839 432.822 432.804 432.786 432.768 432.75 432.731 432.712 432.693 -9999.0 -9999.0 -9999.0 -9999.0 -9999.0 -9999.0 -9999.0 -9999.0 -9999.0 -9999.0 -9999.0 -9999.0 -9999.0 -9999.0 -9999.0 -9999.0 -9999.0 -9999.0
433.196 433.193 433.19 433.186 433.182 433.178 433.174 433.169 433.164 433.159 433.154 433.148 433.143 433.136 433.13 433.123 433.116 433.109 433.102 433.094 433.085 433.077 433.068 433.059 433.05 433.04 433.03 433.02 433.009 432.998 432.985 432.972 432.958 432.944 432.93 432.915 432.9 432.884 432.869 432.853 432.836 432.82 432.803 432.786 432.769 432.751 432.733 432.715 432.697 432.678 -9999.0 -9999.0 -9999.0 -9999.0 -9999.0 -9999.0 -9999.0 -9999.0 -9999.0 -9999.0 -9999.0 -9999.0 -9999.0 -9999.0 -9999.0 -9999.0 -9999.0
433.185 433.182 433.179 433.175 433.172 433.168 433.163 433.159 433.154 433.149 433.144 433.139 433.133 433.127 433.12 433.114 433.107 433.1 433.092 433.085 433.077 433.069 433.06 433.051 433.042 433.033 433.023 433.013 433.003 432.991 432.978 432.965 432.952 432.938 432.925 432.91 432.896 432.881 432.866 432.85 432.835 432.819 432.802 432.786 432.769 432.752 432.735 432.718 432.7 432.683 432.665 432.647 -9999.0 -9999.0 -9999.0 -9999.0 -9999.0 -9999.0 -9999.0 -9999.0 -9999.0 -9999.0 -9999.0 -9999.0 -9999.0 -9999.0 -9999.0
433.175 433.172 433.169 433.165 433.162 433.158 433.153 433.149 433.144 433.139 433.134 433.129 433.123 433.117 433.111 433.105 433.098 433.091 433.084 433.076 433.068 433.06 433.052 433.043 433.035 433.025 433.016 433.006 432.996 432.984 432.972 432.959 432.947 432.933 432.92 432.906 432.892 432.878 432.863 432.848 432.833 432.818 432.802 432.787 432.771 432.754 432.738 432.721 432.705 432.688 432.671 432.653 -9999.0 -9999.0 -9999.0 -9999.0 -9999.0 -9999.0 -9999.0 -9999.0 -9999.0 -9999.0 -9999.0 -9999.0 -9999.0 -9999.0 -9999.0
433.165 433.162 433.159 433.155 433.152 433.148 433.144 433.139 433.135 433.13 433.125 433.12 433.114 433.108 433.102 433.096 433.089 433.082 433.075 433.068 433.061 433.053 433.045 433.036 433.028 433.019 433.009 433.0 432.989 432.978 432.966 432.954 432.941 432.929 432.916 432.903 432.889 432.875 432.861 432.847 432.832 432.818 432.803 432.788 432.772 432.757 432.741 432.725 432.709 432.693 432.677 432.66 -9999.0 -9999.0 -9999.0 -9999.0 -9999.0 -9999.0 -9999.0 -9999.0 -9999.0 -9999.0 -9999.0 -9999.0 -9999.0 -9999.0 -9999.0
433.155 433.152 433.149 433.145 433.142 433.138 433.134 433.13 433.125 433.121 433.116 433.11 433.105 433.099 433.093 433.087 433.081 433.074 433.067 433.06 433.053 433.045 433.037 433.029 433.021 433.012 433.003 432.994 432.983 432.972 432.961 432.949 432.937 432.925 432.912 432.899 432.886 432.873 432.86 432.846 432.832 432.818 432.804 432.789 432.774 432.759 432.744 432.729 432.714 432.699 432.683 432.667 -9999.0 -9999.0 -9999.0 -9999.0 -9999.0 -9999.0 -9999.0 -9999.0 -9999.0 -9999.0 -9999.0 -9999.0 -9999.0 -9999.0 -9999.0
433.145 433.142 433.139 433.136 433.132 433.129 433.125 433.121 433.116 433.112 433.107 433.102 433.096 433.091 433.085 433.079 433.073 433.066 433.06 433.053 433.046 433.038 433.031 433.023 433.015 433.006 432.998 432.988 432.977 432.967 432.956 432.944 432.933 432.921 432.909 432.897 432.884 432.871 432.858 432.845 432.832 432.818 432.805 432.791 432.777 432.763 432.748 432.734 432.719 432.705 432.69 432.675 -9999.0 -9999.0 -9999.0 -9999.0 -9999.0 -9999.0 -9999.0 -9999.0 -9999.0 -9999.0 -9999.0 -9999.0 -9999.0 -9999.0 -9999.0
433.135 433.133 433.13 433.127 433.123 433.12 433.116 433.112 433.107 433.103 433.098 433.093 433.088 433.083 433.077 433.071 433.065 433.059 433.052 433.046 433.039 433.031 433.024 433.016 433.009 433.0 432.992 432.982 432.972 432.962 432.951 432.94 432.929 432.918 432.906 432.894 432.882 432.87 432.858 432.845 432.832 432.819 432.806 432.793 432.78 432.766 432.753 432.739 432.725 432.711 432.697 432.683 -9999.0 -9999.0 -9999.0 -9999.0 -9999.0 -9999.0 -9999.0 -9999.0 -9999.0 -9999.0 -9999.0 -9999.0 -9999.0 -9999.0 -9999.0
433.126 433.123 433.121 433.117 433.114 433.111 433.107 433.103 433.099 433.094 433.09 433.085 433.08 433.075 433.069 433.064 433.058 433.052 433.045 433.039 433.032 433.025 433.018 433.011 433.003 432.995 432.987 432.977 432.967 432.957 432.947 432.936 432.926 432.915 432.904 432.892 432.881 432.869 432.857 432.845 432.833 432.821 432.808 432.796 432.783 432.77 432.757 432.744 432.731 432.718 432.704 432.691 -9999.0 -9999.0 -9999.0 -9999.0 -9999.0 -9999.0 -9999.0 -9999.0 -9999.0 -9999.0 -9999.0 -9999.0 -9999.0 -9999.0 -9999.0
433.117 433.114 433.112 433.109 433.105 433.102 433.098 433.095 433.09 433.086 433.082 433.077 433.072 433.067 433.062 433.056 433.051 433.045 433.039 433.032 433.026 433.019 433.012 433.005 432.998 432.99 432.981 432.972 432.963 432.953 432.943 432.933 432.923 432.912 432.902 432.891 432.88 432.869 432.857 432.846 432.834 432.823 432.811 432.799 432.787 432.774 432.762 432.75 432.737 432.725 432.712 432.699 432.686 432.674 -9999.0 -9999.0 -9999.0 -9999.0 -9999.0 -9999.0 -9999.0 -9999.0 -9999.0 -9999.0 -9999.0 -9999.0 -9999.0
433.108 433.106 433.103 433.1 433.097 433.094 433.09 433.086 433.082 433.078 433.074 433.069 433.065 433.06 433.055 433.049 433.044 433.038 433.032 433.026 433.02 433.013 433.007 433.0 432.993 432.985 432.976 432.968 432.959 432.949 432.94 432.93 432.92 432.91 432.9 432.89 432.879 432.869 432.858 432.847 432.836 432.825 432.813 432.802 432.79 432.779 432.767 432.755 432.744 432.732 432.72 432.708 432.696 432.684 -9999.0 -9999.0 -9999.0 -9999.0 -9999.0 -9999.0 -9999.0 -9999.0 -9999.0 -9999.0 -9999.0 -9999.0 -9999.0
433.099 433.097 433.094 433.092 433.089 433.085 433.082 433.078 433.075 433.071 433.066 433.062 433.058 433.053 433.048 433.043 433.037 433.032 433.026 433.02 433.014 433.008 433.001 432.995 432.988 432.98 432.972 432.963 432.955 432.946 432.937 432.928 432.918 432.909 432.899 432.889 432.879 432.869 432.859 432.848 432.838 432.827 432.816 432.806 432.795 432.784 432.773 432.762 432.75 432.739 432.728 432.717 432.706 432.694 -9999.0 -9999.0 -9999.0 -9999.0 -9999.0 -9999.0 -9999.0 -9999.0 -9999.0 -9999.0 -9999.0 -9999.0 -9999.0
433.091 433.089 433.086 433.083 433.08 433.077 433.074 433.071 433.067 433.063 433.059 433.055 433.051 433.046 433.041 433.036 433.031 433.026 433.02 433.015 433.009 433.003 432.997 432.99 432.984 432.976 432.968 432.96 432.951 432.943 432.934 432.925 432.916 432.907 432.898 432.889 432.879 432.869 432.86 432.85 432.84 432.83 432.82 432.81 432.799 432.789 432.778 432.768 432.758 432.747 432.736 432.726 432.715 432.705 -9999.0 -9999.0 -9999.0 -9999.0 -9999.0 -9999.0 -9999.0 -9999.0 -9999.0 -9999.0 -9999.0 -9999.0 -9999.0
433.083 433.08 433.078 433.075 433.073 433.07 433.067 433.063 433.06 433.056 433.052 433.048 433.044 433.039 433.035 433.03 433.025 433.02 433.015 433.009 433.004 432.998 432.992 432.986 432.979 432.972 432.964 432.956 432.948 432.94 432.932 432.924 432.915 432.906 432.898 432.889 432.88 432.87 432.861 432.852 432.842 432.833 432.823 432.814 432.804 432.794 432.785 432.775 432.765 432.755 432.745 432.735 432.725 432.716 432.706 -9999.0 -9999.0 -9999.0 -9999.0 -9999.0 -9999.0 -9999.0 -9999.0 -9999.0 -9999.0 -9999.0 -9999.0
433.075 433.072 433.07 433.068 433.065 433.062 433.059 433.056 433.053 433.049 433.045 433.042 433.037 433.033 433.029 433.024 433.019 433.015 433.009 433.004 432.999 432.993 432.988 432.982 432.975 432.968 432.961 432.953 432.946 432.938 432.93 432.922 432.914 432.906 432.897 432.889 432.88 432.872 432.863 432.854 432.845 432.836 432.827 432.818 432.809 432.8 432.791 432.782 432.772 432.763 432.754 432.745 432.736 432.726 432.717 -9999.0 -9999.0 -9999.0 -9999.0 -9999.0 -9999.0 -9999.0 -9999.0 -9999.0 -9999.0 -9999.0 -9999.0
433.067 433.065 433.062 433.06 433.058 433.055 433.052 433.049 433.046 433.042 433.039 433.035 433.031 433.027 433.023 433.019 433.014 433.009 433.005 432.999 432.994 432.989 432.984 432.978 432.971 432.964 432.958 432.95 432.943 432.936 432.928 432.921 432.913 432.905 432.897 432.889 432.881 432.873 432.865 432.857 432.848 432.84 432.832 432.823 432.815 432.806 432.797 432.789 432.78 432.772 432.763 432.755 432.746 432.738 432.729 -9999.0 -9999.0 -9999.0 -9999.0 -9999.0 -9999.0 -9999.0 -9999.0 -9999.0 -9999.0 -9999.0 -9999.0
433.059 433.057 433.055 433.053 433.05 433.048 433.045 433.042 433.039 433.036 433.033 433.029 433.025 433.021 433.017 433.013 433.009 433.004 433.0 432.995 432.99 432.985 432.98 432.974 432.968 432.961 432.955 432.948 432.941 432.934 432.927 432.92 432.913 432.905 432.898 432.89 432.883 432.875 432.867 432.86 432.852 432.844 432.836 432.828 432.82 432.812 432.804 432.796 432.788 432.78 432.772 432.765 432.756 432.748 -9999.0 -9999.0 -9999.0 -9999.0 -9999.0 -9999.0 -9999.0 -9999.0 -9999.0 -9999.0 -9999.0 -9999.0 -9999.0
433.051 433.05 433.048 433.046 433.043 433.041 433.038 433.036 433.033 433.03 433.027 433.023 433.02 433.016 433.012 433.008 433.004 433.0 432.995 432.991 432.986 432.981 432.976 432.971 432.965 432.959 432.952 432.946 432.939 432.933 432.926 432.919 432.913 432.906 432.899 432.892 432.884 432.877 432.87 432.863 432.855 432.848 432.841 432.833 432.826 432.819 432.811 432.804 432.797 432.789 432.781 432.773 432.765 432.757 432.749 -9999.0 -9999.0 -9999.0 -9999.0 -9999.0 -9999.0 -9999.0 -9999.0 -9999.0 -9999.0 -9999.0 -9999.0
433.044 433.043 433.041 433.039 433.037 433.034 433.032 433.029 433.027 433.024 433.021 433.018 433.014 433.011 433.007 433.003 432.999 432.995 432.991 432.987 432.982 432.978 432.973 432.967 432.962 432.956 432.95 432.944 432.938 432.932 432.926 432.919 432.913 432.906 432.9 432.893 432.886 432.88 432.873 432.866 432.859 432.853 432.846 432.839 432.832 432.825 432.818 432.81 432.803 432.795 432.788 432.78 432.773 432.766 432.758 -9999.0 -9999.0 -9999.0 -9999.0 -9999.0 -9999.0 -9999.0 -9999.0 -9999.0 -9999.0 -9999.0 -9999.0
433.037 433.036 433.034 433.032 433.03 433.028 433.026 433.023 433.021 433.018 433.015 433.012 433.009 433.006 433.002 432.999 432.995 432.991 432.987 432.983 432.979 432.975 432.97 432.965 432.959 432.954 432.948 432.943 432.937 432.931 432.925 432.919 432.913 432.907 432.901 432.895 432.889 432.882 432.876 432.87 432.863 432.857 432.851 432.844 432.837 432.83 432.823 432.816 432.809 432.802 432.795 432.788 432.781 432.775 432.768 -9999.0 -9999.0 -9999.0 -9999.0 -9999.0 -9999.0 -9999.0 -9999.0 -9999.0 -9999.0 -9999.0 -9999.0
433.03 433.029 433.027 433.026 433.024 433.022 433.02 433.017 433.015 433.012 433.01 433.007 433.004 433.001 432.998 432.994 432.991 432.987 432.983 432.979 432.976 432.971 432.967 432.962 432.957 432.952 432.947 432.941 432.936 432.931 432.925 432.919 432.914 432.908 432.903 432.897 432.891 432.885 432.879 432.874 432.868 432.861 432.854 432.848 432.841 432.835 432.828 432.822 432.815 432.809 432.802 432.796 432.79 -9999.0 -9999.0 -9999.0 -9999.0 -9999.0 -9999.0 -9999.0 -9999.0 -9999.0 -9999.0 -9999.0 -9999.0 -9999.0 -9999.0
433.023 433.022 433.021 433.019 433.018 433.016 433.014 433.012 433.009 433.007 433.005 433.002 432.999 432.996 432.993 432.99 432.987 432.983 432.98 432.976 432.972 432.969 432.964 432.96 432.955 432.95 432.945 432.94 432.935 432.93 432.925 432.92 432.915 432.91 432.904 432.899 432.894 432.888 432.882 432.876 432.87 432.864 432.858 432.852 432.846 432.839 432.833 432.827 432.822 432.816 432.81 432.804 432.798 -9999.0 -9999.0 -9999.0 -9999.0 -9999.0 -9999.0 -9999.0 -9999.0 -9999.0 -9999.0 -9999.0 -9999.0 -9999.0 -9999.0
433.017 433.016 433.015 433.013 433.012 433.01 433.008 433.006 433.004 433.002 433.0 432.997 432.995 432.992 432.989 432.986 432.983 432.98 432.976 432.973 432.97 432.966 432.962 432.958 432.953 432.949 432.944 432.94 432.935 432.93 432.926 432.921 432.916 432.911 432.906 432.901 432.896 432.89 432.884 432.878 432.873 432.867 432.861 432.856 432.85 432.844 432.839 432.833 432.828 432.823 432.817 432.812 432.807 -9999.0 -9999.0 -9999.0 -9999.0 -9999.0 -9999.0 -9999.0 -9999.0 -9999.0 -9999.0 -9999.0 -9999.0 -9999.0 -9999.0
433.011 433.01 433.009 433.007 433.006 433.004 433.003 433.001 432.999 432.997 432.995 432.993 432.99 432.988 432.985 432.982 432.979 432.976 432.973 432.97 432.967 432.964 432.96 432.956 432.952 432.948 432.943 432.939 432.935 432.931 432.926 432.922 432.917 432.912 432.907 432.902 432.897 432.891 432.886 432.881 432.875 432.87 432.865 432.86 432.855 432.849 432.844 432.84 432.835 432.83 432.825 432.82 432.816 -9999.0 -9999.0 -9999.0 -9999.0 -9999.0 -9999.0 -9999.0 -9999.0 -9999.0 -9999.0 -9999.0 -9999.0 -9999.0 -9999.0
433.004 433.004 433.003 433.002 433.0 432.999 432.997 432.996 432.994 432.992 432.99 432.988 432.986 432.984 432.981 432.979 432.976 432.973 432.971 432.968 432.965 432.961 432.958 432.954 432.95 432.947 432.943 432.939 432.935 432.931 432.927 432.922 432.917 432.912 432.908 432.903 432.898 432.893 432.888 432.883 432.878 432.873 432.869 432.864 432.859 432.855 432.85 432.846 432.841 432.837 432.833 432.829 432.825 432.821 -9999.0 -9999.0 -9999.0 -9999.0 -9999.0 -9999.0 -9999.0 -9999.0 -9999.0 -9999.0 -9999.0 -9999.0 -9999.0
432.998 432.998 432.997 432.996 432.995 432.994 432.992 432.991 432.989 432.988 432.986 432.984 432.982 432.98 432.978 432.975 432.973 432.97 432.968 432.965 432.962 432.959 432.956 432.953 432.949 432.946 432.942 432.939 432.935 432.931 432.926 432.922 432.917 432.913 432.908 432.904 432.899 432.895 432.89 432.886 432.881 432.877 432.873 432.868 432.864 432.86 432.856 432.852 432.848 432.844 432.84 432.837 432.833 432.83 -9999.0 -9999.0 -9999.0 -9999.0 -9999.0 -9999.0 -9999.0 -9999.0 -9999.0 -9999.0 -9999.0 -9999.0 -9999.0
432.993 432.992 432.991 432.991 432.99 432.989 432.988 432.986 432.985 432.983 432.982 432.98 432.978 432.976 432.974 432.972 432.97 432.968 432.965 432.963 432.96 432.958 432.955 432.952 432.948 432.945 432.942 432.938 432.934 432.93 432.926 432.921 432.917 432.913 432.909 432.905 432.901 432.897 432.892 432.888 432.884 432.881 432.877 432.873 432.869 432.865 432.862 432.858 432.855 432.852 432.848 432.845 432.842 432.839 -9999.0 -9999.0 -9999.0 -9999.0 -9999.0 -9999.0 -9999.0 -9999.0 -9999.0 -9999.0 -9999.0 -9999.0 -9999.0
432.987 432.986 432.986 432.985 432.985 432.984 432.983 432.982 432.98 432.979 432.978 432.976 432.975 432.973 432.971 432.969 432.967 432.965 432.963 432.961 432.959 432.956 432.953 432.951 432.947 432.944 432.94 432.936 432.933 432.929 432.925 432.921 432.917 432.914 432.91 432.906 432.902 432.899 432.895 432.891 432.888 432.884 432.881 432.877 432.874 432.871 432.868 432.865 432.862 432.859 432.856 432.853 432.851 432.848 -9999.0 -9999.0 -9999.0 -9999.0 -9999.0 -9999.0 -9999.0 -9999.0 -9999.0 -9999.0 -9999.0 -9999.0 -9999.0
432.981 432.981 432.981 432.98 432.98 432.979 432.978 432.977 432.976 432.975 432.974 432.973 432.971 432.97 432.968 432.966 432.965 432.963 432.961 432.959 432.957 432.955 432.952 432.949 432.945 432.942 432.939 432.935 432.932 432.928 432.925 432.921 432.918 432.914 432.911 432.908 432.904 432.901 432.898 432.894 432.891 432.888 432.885 432.882 432.879 432.876 432.874 432.871 432.869 432.866 432.864 432.862 432.859 -9999.0 -9999.0 -9999.0 -9999.0 -9999.0 -9999.0 -9999.0 -9999.0 -9999.0 -9999.0 -9999.0 -9999.0 -9999.0 -9999.0
