static/jobfarm/user_models/minyf/common/HOME-GBHM/输出文件/Output/Grids/snowDepth20020224.asc
ncols 221
nrows 204
xllcorner -627000.0
yllcorner 3955000.0
cellsize 900.0
NODATA_value -9999.0
[rows 90 to 119 of 204, columns 67 to 133 of 221]
433.011 433.021 433.032 433.042 433.051 433.06 433.069 433.078 433.086 433.095 433.102 433.11 433.117 433.124 433.131 433.137 433.144 433.149 433.155 433.161 433.166 433.171 433.176 433.181 433.185 433.189 433.194 433.197 433.201 433.205 433.208 433.211 433.214 433.217 433.22 433.222 433.225 433.227 433.229 433.231 433.232 433.234 433.235 433.237 433.238 433.239 433.24 433.24 433.241 433.241 433.241 433.241 433.241 433.241 433.241 433.24 433.239 433.238 433.237 433.236 433.234 433.232 433.231 433.228 433.226 433.224 433.221
432.992 433.003 433.013 433.023 433.033 433.043 433.052 433.061 433.069 433.078 433.086 433.094 433.101 433.108 433.115 433.122 433.128 433.134 433.14 433.146 433.152 433.157 433.162 433.167 433.171 433.176 433.18 433.184 433.188 433.191 433.195 433.198 433.201 433.204 433.207 433.21 433.212 433.215 433.217 433.219 433.22 433.222 433.224 433.225 433.226 433.227 433.228 433.229 433.229 433.23 433.23 433.23 433.23 433.23 433.229 433.229 433.228 433.227 433.226 433.224 433.223 433.221 433.219 433.217 433.215 433.213 433.21
432.973 432.984 432.995 433.006 433.016 433.025 433.035 433.044 433.053 433.061 433.069 433.077 433.085 433.092 433.1 433.106 433.113 433.119 433.125 433.131 433.137 433.142 433.148 433.153 433.157 433.162 433.166 433.171 433.175 433.178 433.182 433.185 433.189 433.192 433.195 433.197 433.2 433.202 433.205 433.207 433.208 433.21 433.212 433.213 433.214 433.216 433.216 433.217 433.218 433.218 433.219 433.219 433.219 433.218 433.218 433.217 433.217 433.216 433.215 433.213 433.212 433.21 433.208 433.206 433.204 433.202 433.199
432.953 432.966 432.977 432.988 432.998 433.008 433.018 433.027 433.036 433.045 433.053 433.061 433.069 433.077 433.084 433.091 433.098 433.104 433.111 433.117 433.123 433.128 433.134 433.139 433.144 433.148 433.153 433.157 433.161 433.165 433.169 433.173 433.176 433.179 433.182 433.185 433.188 433.19 433.192 433.195 433.197 433.198 433.2 433.202 433.203 433.204 433.205 433.206 433.207 433.207 433.207 433.208 433.208 433.207 433.207 433.206 433.206 433.205 433.204 433.203 433.201 433.199 433.198 433.196 433.193 433.191 433.188
432.933 432.946 432.959 432.97 432.981 432.991 433.001 433.01 433.019 433.028 433.037 433.045 433.053 433.061 433.069 433.076 433.083 433.09 433.096 433.102 433.108 433.114 433.12 433.125 433.13 433.135 433.14 433.144 433.148 433.152 433.156 433.16 433.163 433.167 433.17 433.173 433.176 433.178 433.181 433.183 433.185 433.187 433.188 433.19 433.191 433.193 433.194 433.195 433.195 433.196 433.196 433.196 433.196 433.196 433.196 433.196 433.195 433.194 433.193 433.192 433.19 433.189 433.187 433.185 433.183 433.18 433.178
432.913 432.926 432.939 432.951 432.963 432.974 432.984 432.993 433.003 433.012 433.021 433.029 433.038 433.046 433.053 433.061 433.068 433.075 433.082 433.088 433.094 433.1 433.106 433.111 433.116 433.121 433.126 433.131 433.135 433.139 433.143 433.147 433.151 433.154 433.158 433.161 433.163 433.166 433.169 433.171 433.173 433.175 433.177 433.179 433.18 433.181 433.182 433.183 433.184 433.185 433.185 433.186 433.186 433.186 433.185 433.185 433.184 433.183 433.182 433.181 433.18 433.178 433.177 433.175 433.172 433.17 433.168
432.893 432.906 432.919 432.932 432.944 432.956 432.967 432.977 432.987 432.996 433.005 433.014 433.022 433.03 433.038 433.046 433.053 433.06 433.067 433.074 433.08 433.086 433.092 433.098 433.103 433.108 433.113 433.118 433.122 433.127 433.131 433.135 433.138 433.142 433.145 433.149 433.151 433.154 433.157 433.159 433.162 433.164 433.165 433.167 433.169 433.17 433.171 433.172 433.173 433.174 433.174 433.175 433.175 433.175 433.175 433.174 433.174 433.173 433.172 433.171 433.17 433.168 433.166 433.164 433.162 433.16 433.158
432.873 432.887 432.9 432.913 432.925 432.937 432.949 432.961 432.97 432.98 432.989 432.998 433.007 433.015 433.023 433.031 433.038 433.046 433.053 433.06 433.066 433.072 433.078 433.084 433.09 433.095 433.1 433.105 433.11 433.114 433.118 433.122 433.126 433.13 433.133 433.137 433.14 433.142 433.145 433.148 433.15 433.152 433.154 433.156 433.158 433.159 433.16 433.161 433.162 433.163 433.164 433.164 433.164 433.164 433.164 433.164 433.163 433.163 433.162 433.161 433.159 433.158 433.156 433.154 433.152 433.15 433.148
432.853 432.867 432.881 432.894 432.907 432.919 432.931 432.943 432.954 432.964 432.973 432.983 432.991 433.0 433.008 433.016 433.024 433.031 433.039 433.045 433.052 433.059 433.065 433.071 433.076 433.082 433.087 433.092 433.097 433.101 433.106 433.11 433.114 433.118 433.121 433.125 433.128 433.131 433.134 433.136 433.139 433.141 433.143 433.145 433.147 433.148 433.149 433.151 433.152 433.152 433.153 433.153 433.154 433.154 433.154 433.153 433.153 433.152 433.152 433.151 433.149 433.148 433.146 433.145 433.143 433.14 433.138
432.834 432.848 432.862 432.875 432.888 432.901 432.913 432.925 432.936 432.947 432.958 432.967 432.976 432.985 432.993 433.002 433.009 433.017 433.024 433.031 433.038 433.045 433.051 433.057 433.063 433.069 433.074 433.079 433.084 433.089 433.093 433.098 433.102 433.106 433.109 433.113 433.116 433.119 433.122 433.125 433.127 433.13 433.132 433.134 433.136 433.137 433.139 433.14 433.141 433.142 433.142 433.143 433.143 433.144 433.143 433.143 433.143 433.142 433.142 433.141 433.139 433.138 433.137 433.135 433.133 433.131 433.129
432.815 432.829 432.843 432.856 432.87 432.882 432.895 432.907 432.919 432.93 432.941 432.952 432.961 432.97 432.979 432.987 432.995 433.003 433.01 433.018 433.025 433.031 433.038 433.044 433.05 433.056 433.061 433.067 433.072 433.076 433.081 433.086 433.09 433.094 433.098 433.101 433.105 433.108 433.111 433.114 433.116 433.119 433.121 433.123 433.125 433.126 433.128 433.129 433.13 433.131 433.132 433.133 433.133 433.133 433.133 433.133 433.133 433.132 433.132 433.131 433.13 433.129 433.127 433.125 433.124 433.122 433.119
432.795 432.81 432.824 432.838 432.851 432.864 432.877 432.889 432.901 432.913 432.924 432.935 432.945 432.955 432.964 432.973 432.981 432.989 432.996 433.004 433.011 433.018 433.025 433.031 433.037 433.043 433.049 433.054 433.059 433.064 433.069 433.073 433.078 433.082 433.086 433.09 433.093 433.096 433.099 433.102 433.105 433.108 433.11 433.112 433.114 433.116 433.117 433.119 433.12 433.121 433.122 433.123 433.123 433.123 433.123 433.123 433.123 433.123 433.122 433.121 433.12 433.119 433.118 433.116 433.114 433.113 433.11
432.776 432.791 432.806 432.82 432.833 432.847 432.859 432.872 432.884 432.896 432.907 432.918 432.929 432.939 432.949 432.958 432.967 432.975 432.983 432.99 432.998 433.005 433.011 433.018 433.024 433.03 433.036 433.042 433.047 433.052 433.057 433.062 433.066 433.07 433.074 433.078 433.082 433.085 433.088 433.091 433.094 433.097 433.099 433.101 433.103 433.105 433.107 433.108 433.11 433.111 433.112 433.113 433.113 433.114 433.114 433.114 433.114 433.113 433.113 433.112 433.111 433.11 433.109 433.107 433.106 433.104 433.102
432.758 432.773 432.787 432.802 432.815 432.829 432.842 432.855 432.867 432.879 432.89 432.902 432.913 432.923 432.933 432.943 432.953 432.961 432.969 432.977 432.984 432.991 432.998 433.005 433.011 433.018 433.024 433.029 433.035 433.04 433.045 433.05 433.054 433.059 433.063 433.067 433.07 433.074 433.077 433.08 433.083 433.086 433.089 433.091 433.093 433.095 433.097 433.098 433.1 433.101 433.102 433.103 433.103 433.104 433.104 433.104 433.104 433.104 433.103 433.103 433.102 433.101 433.1 433.098 433.097 433.095 433.093
432.739 432.754 432.769 432.784 432.798 432.811 432.825 432.837 432.85 432.862 432.874 432.885 432.896 432.907 432.918 432.928 432.937 432.947 432.955 432.963 432.971 432.978 432.985 432.992 432.999 433.005 433.011 433.017 433.023 433.028 433.033 433.038 433.043 433.047 433.051 433.055 433.059 433.063 433.066 433.07 433.073 433.075 433.078 433.08 433.083 433.085 433.087 433.088 433.09 433.091 433.092 433.093 433.094 433.094 433.095 433.095 433.095 433.095 433.094 433.094 433.093 433.092 433.091 433.09 433.088 433.086 433.085
432.721 432.736 432.751 432.766 432.78 432.794 432.807 432.82 432.833 432.845 432.857 432.869 432.88 432.891 432.902 432.912 432.922 432.932 432.941 432.95 432.958 432.965 432.973 432.979 432.986 432.993 432.999 433.005 433.011 433.016 433.021 433.026 433.031 433.036 433.04 433.044 433.048 433.052 433.055 433.059 433.062 433.065 433.068 433.07 433.072 433.075 433.076 433.078 433.08 433.081 433.082 433.083 433.084 433.085 433.085 433.086 433.086 433.086 433.085 433.085 433.084 433.083 433.082 433.081 433.08 433.078 433.076
432.702 432.718 432.733 432.748 432.763 432.777 432.79 432.804 432.817 432.829 432.841 432.853 432.865 432.876 432.886 432.897 432.907 432.917 432.926 432.935 432.944 432.952 432.96 432.967 432.974 432.98 432.987 432.993 432.999 433.004 433.01 433.015 433.02 433.024 433.029 433.033 433.037 433.041 433.045 433.048 433.051 433.054 433.057 433.06 433.062 433.065 433.067 433.068 433.07 433.072 433.073 433.074 433.075 433.076 433.076 433.076 433.077 433.077 433.076 433.076 433.076 433.075 433.074 433.073 433.071 433.07 433.068
432.684 432.7 432.716 432.731 432.745 432.76 432.774 432.787 432.8 432.813 432.825 432.837 432.849 432.86 432.871 432.882 432.892 432.902 432.912 432.921 432.93 432.939 432.947 432.954 432.961 432.968 432.975 432.981 432.987 432.993 432.998 433.003 433.008 433.013 433.018 433.022 433.026 433.03 433.034 433.038 433.041 433.044 433.047 433.05 433.052 433.055 433.057 433.059 433.06 433.062 433.063 433.065 433.066 433.066 433.067 433.068 433.068 433.068 433.068 433.068 433.067 433.066 433.066 433.065 433.063 433.062 433.061
432.667 432.683 432.698 432.714 432.728 432.743 432.757 432.771 432.784 432.797 432.809 432.821 432.833 432.845 432.856 432.867 432.877 432.887 432.897 432.907 432.916 432.925 432.933 432.942 432.949 432.956 432.963 432.969 432.975 432.981 432.987 432.992 432.997 433.002 433.007 433.012 433.016 433.02 433.024 433.027 433.031 433.034 433.037 433.04 433.042 433.045 433.047 433.049 433.051 433.053 433.054 433.055 433.057 433.057 433.058 433.059 433.059 433.059 433.059 433.059 433.059 433.058 433.058 433.057 433.056 433.054 433.053
432.649 432.665 432.681 432.696 432.711 432.726 432.74 432.754 432.768 432.781 432.794 432.806 432.818 432.83 432.841 432.852 432.862 432.873 432.883 432.892 432.902 432.911 432.92 432.928 432.936 432.944 432.951 432.957 432.964 432.97 432.975 432.981 432.986 432.991 432.996 433.001 433.005 433.009 433.013 433.017 433.021 433.024 433.027 433.03 433.033 433.035 433.038 433.04 433.042 433.043 433.045 433.046 433.048 433.049 433.049 433.05 433.051 433.051 433.051 433.051 433.051 433.05 433.05 433.049 433.048 433.047 433.046
432.63 432.648 432.664 432.68 432.695 432.71 432.724 432.738 432.752 432.765 432.778 432.791 432.803 432.815 432.826 432.837 432.848 432.858 432.869 432.878 432.888 432.897 432.906 432.914 432.923 432.931 432.938 432.946 432.952 432.958 432.964 432.97 432.975 432.981 432.986 432.99 432.995 432.999 433.003 433.007 433.011 433.014 433.017 433.02 433.023 433.026 433.028 433.031 433.033 433.034 433.036 433.038 433.039 433.04 433.041 433.042 433.042 433.043 433.043 433.043 433.043 433.042 433.042 433.041 433.041 433.04 433.038
432.611 432.629 432.647 432.663 432.678 432.693 432.708 432.722 432.736 432.749 432.763 432.775 432.788 432.8 432.811 432.823 432.834 432.844 432.854 432.864 432.874 432.883 432.892 432.901 432.91 432.918 432.926 432.933 432.94 432.947 432.953 432.959 432.965 432.97 432.975 432.98 432.984 432.989 432.993 432.997 433.001 433.004 433.008 433.011 433.014 433.016 433.019 433.021 433.024 433.025 433.027 433.029 433.03 433.031 433.033 433.033 433.034 433.035 433.035 433.035 433.035 433.035 433.034 433.034 433.033 433.032 433.031
432.593 432.611 432.629 432.646 432.662 432.677 432.692 432.706 432.72 432.734 432.747 432.76 432.773 432.785 432.797 432.808 432.819 432.83 432.841 432.851 432.86 432.87 432.879 432.888 432.897 432.905 432.913 432.921 432.928 432.935 432.942 432.948 432.954 432.959 432.965 432.97 432.974 432.979 432.983 432.987 432.991 432.995 432.998 433.001 433.004 433.007 433.01 433.012 433.015 433.017 433.019 433.02 433.022 433.023 433.024 433.025 433.026 433.027 433.027 433.027 433.027 433.027 433.027 433.027 433.026 433.025 433.024
432.575 432.593 432.611 432.628 432.645 432.661 432.676 432.691 432.705 432.719 432.732 432.745 432.758 432.77 432.782 432.794 432.805 432.816 432.827 432.837 432.847 432.857 432.866 432.875 432.884 432.892 432.9 432.908 432.916 432.923 432.93 432.937 432.943 432.949 432.954 432.959 432.964 432.969 432.973 432.977 432.981 432.985 432.989 432.992 432.995 432.998 433.001 433.004 433.006 433.008 433.01 433.012 433.013 433.015 433.016 433.017 433.018 433.019 433.019 433.02 433.02 433.02 433.02 433.02 433.019 433.019 433.018
432.557 432.575 432.593 432.611 432.628 432.644 432.661 432.675 432.69 432.704 432.717 432.731 432.743 432.756 432.768 432.78 432.791 432.802 432.813 432.824 432.834 432.844 432.853 432.862 432.871 432.88 432.888 432.896 432.904 432.911 432.918 432.925 432.932 432.938 432.944 432.949 432.954 432.959 432.963 432.968 432.972 432.976 432.979 432.983 432.986 432.989 432.992 432.995 432.997 433.0 433.002 433.004 433.005 433.007 433.008 433.009 433.01 433.011 433.012 433.012 433.013 433.013 433.013 433.013 433.012 433.012 433.011
432.539 432.557 432.576 432.593 432.611 432.627 432.644 432.66 432.675 432.689 432.703 432.716 432.729 432.742 432.754 432.766 432.778 432.789 432.8 432.81 432.821 432.831 432.84 432.849 432.858 432.867 432.876 432.884 432.892 432.899 432.906 432.913 432.92 432.927 432.933 432.939 432.944 432.949 432.954 432.958 432.963 432.967 432.97 432.974 432.977 432.98 432.983 432.986 432.989 432.991 432.993 432.995 432.997 432.999 433.0 433.002 433.003 433.004 433.005 433.005 433.006 433.006 433.006 433.006 433.006 433.005 433.005
432.521 432.54 432.558 432.576 432.594 432.611 432.627 432.643 432.659 432.674 432.688 432.702 432.715 432.728 432.74 432.752 432.764 432.775 432.786 432.797 432.808 432.818 432.827 432.837 432.846 432.855 432.863 432.872 432.88 432.887 432.895 432.902 432.909 432.915 432.922 432.928 432.934 432.939 432.944 432.949 432.953 432.957 432.961 432.965 432.968 432.972 432.975 432.978 432.98 432.983 432.985 432.987 432.989 432.991 432.993 432.994 432.995 432.996 432.997 432.998 432.999 432.999 432.999 432.999 432.999 432.999 432.999
432.504 432.523 432.541 432.559 432.577 432.594 432.611 432.627 432.643 432.659 432.674 432.687 432.701 432.714 432.726 432.739 432.75 432.762 432.773 432.784 432.795 432.805 432.815 432.824 432.834 432.843 432.851 432.86 432.868 432.876 432.883 432.891 432.898 432.904 432.911 432.917 432.923 432.929 432.934 432.939 432.944 432.948 432.952 432.956 432.96 432.963 432.966 432.969 432.972 432.975 432.977 432.98 432.982 432.983 432.985 432.987 432.988 432.989 432.99 432.991 432.992 432.992 432.993 432.993 432.993 432.993 432.993
432.487 432.506 432.525 432.543 432.561 432.578 432.595 432.611 432.627 432.643 432.658 432.673 432.687 432.7 432.713 432.725 432.737 432.749 432.76 432.771 432.782 432.792 432.802 432.812 432.822 432.831 432.84 432.848 432.856 432.864 432.872 432.879 432.887 432.893 432.9 432.906 432.912 432.918 432.924 432.929 432.934 432.939 432.944 432.948 432.951 432.955 432.958 432.961 432.964 432.967 432.969 432.972 432.974 432.976 432.978 432.979 432.981 432.982 432.983 432.984 432.985 432.986 432.986 432.987 432.987 432.987 432.987
432.47 432.489 432.508 432.526 432.544 432.562 432.579 432.596 432.612 432.628 432.643 432.658 432.672 432.686 432.699 432.712 432.724 432.736 432.747 432.759 432.769 432.78 432.79 432.8 432.81 432.819 432.828 432.837 432.845 432.853 432.861 432.868 432.876 432.883 432.889 432.896 432.902 432.908 432.914 432.919 432.924 432.929 432.934 432.939 432.943 432.947 432.95 432.953 432.956 432.959 432.962 432.964 432.967 432.969 432.971 432.972 432.974 432.975 432.977 432.978 432.979 432.98 432.98 432.981 432.981 432.981 432.981
