static/jobfarm/user_models/minyf/common/HOME-GBHM/输出文件/Output/Grids/snowDepth20020225.asc
ncols 221
nrows 204
xllcorner -627000.0
yllcorner 3955000.0
cellsize 900.0
NODATA_value -9999.0
[rows 60 to 89 of 204, columns 0 to 66 of 221]
-9999.0 -9999.0 -9999.0 -9999.0 -9999.0 -9999.0 -9999.0 -9999.0 431.96 432.006 432.052 432.097 432.142 432.187 432.231 432.274 432.317 432.358 432.397 432.435 432.47 432.505 432.539 432.572 432.605 432.637 432.669 432.698 432.726 432.754 432.78 432.807 432.833 432.858 432.883 432.907 432.93 432.953 432.975 432.997 433.018 433.039 433.059 433.078 433.097 433.116 433.134 433.151 433.168 433.185 433.201 433.216 433.231 433.246 433.26 433.274 433.287 433.3 433.313 433.325 433.337 433.349 433.36 433.371 433.381 433.392 433.402
-9999.0 -9999.0 -9999.0 -9999.0 -9999.0 -9999.0 -9999.0 -9999.0 -9999.0 431.949 431.996 432.041 432.087 432.132 432.176 432.22 432.263 432.305 432.347 432.385 432.423 432.46 432.494 432.528 432.561 432.594 432.626 432.657 432.686 432.714 432.741 432.768 432.794 432.82 432.845 432.869 432.893 432.916 432.939 432.961 432.983 433.004 433.024 433.044 433.063 433.082 433.101 433.118 433.136 433.153 433.169 433.185 433.2 433.215 433.23 433.244 433.258 433.271 433.284 433.297 433.309 433.321 433.333 433.344 433.355 433.366 433.376
-9999.0 -9999.0 -9999.0 -9999.0 -9999.0 -9999.0 -9999.0 -9999.0 -9999.0 -9999.0 431.939 431.985 432.031 432.076 432.121 432.165 432.209 432.252 432.294 432.335 432.374 432.412 432.449 432.483 432.517 432.55 432.582 432.614 432.645 432.674 432.701 432.729 432.755 432.781 432.806 432.831 432.856 432.879 432.902 432.925 432.947 432.968 432.989 433.009 433.029 433.048 433.067 433.085 433.103 433.12 433.137 433.153 433.169 433.185 433.2 433.214 433.228 433.242 433.255 433.268 433.281 433.293 433.305 433.317 433.328 433.339 433.35
-9999.0 -9999.0 -9999.0 -9999.0 -9999.0 -9999.0 -9999.0 -9999.0 -9999.0 -9999.0 -9999.0 431.928 431.975 432.02 432.065 432.11 432.154 432.198 432.241 432.283 432.324 432.363 432.4 432.437 432.472 432.506 432.538 432.571 432.602 432.633 432.662 432.689 432.716 432.743 432.768 432.794 432.818 432.842 432.866 432.889 432.911 432.933 432.954 432.975 432.995 433.014 433.034 433.052 433.07 433.088 433.105 433.122 433.138 433.154 433.169 433.184 433.199 433.213 433.227 433.24 433.253 433.266 433.278 433.29 433.302 433.313 433.324
-9999.0 -9999.0 -9999.0 -9999.0 -9999.0 -9999.0 -9999.0 -9999.0 -9999.0 -9999.0 -9999.0 431.872 431.918 431.964 432.01 432.055 432.1 432.143 432.187 432.23 432.272 432.313 432.351 432.389 432.426 432.461 432.495 432.527 432.559 432.591 432.622 432.65 432.677 432.704 432.73 432.756 432.781 432.805 432.829 432.852 432.875 432.897 432.919 432.94 432.961 432.981 433.0 433.019 433.038 433.056 433.073 433.09 433.107 433.123 433.139 433.154 433.169 433.184 433.198 433.212 433.225 433.238 433.251 433.263 433.275 433.287 433.299
-9999.0 -9999.0 -9999.0 -9999.0 -9999.0 -9999.0 -9999.0 -9999.0 -9999.0 -9999.0 -9999.0 -9999.0 431.862 431.908 431.954 432.0 432.045 432.089 432.133 432.176 432.219 432.261 432.302 432.34 432.377 432.414 432.45 432.484 432.516 432.548 432.579 432.61 432.638 432.665 432.692 432.718 432.743 432.768 432.792 432.816 432.839 432.862 432.884 432.905 432.926 432.947 432.967 432.986 433.005 433.023 433.041 433.059 433.076 433.092 433.108 433.124 433.139 433.154 433.169 433.183 433.197 433.21 433.223 433.236 433.249 433.261 433.273
-9999.0 -9999.0 -9999.0 -9999.0 -9999.0 -9999.0 -9999.0 -9999.0 -9999.0 -9999.0 -9999.0 -9999.0 431.802 431.851 431.898 431.944 431.99 432.035 432.079 432.123 432.166 432.208 432.25 432.291 432.329 432.366 432.403 432.439 432.473 432.505 432.537 432.568 432.599 432.627 432.654 432.68 432.706 432.731 432.756 432.78 432.803 432.826 432.849 432.871 432.892 432.913 432.933 432.953 432.972 432.991 433.009 433.027 433.045 433.062 433.078 433.094 433.11 433.125 433.14 433.155 433.169 433.183 433.196 433.209 433.222 433.235 433.247
-9999.0 -9999.0 -9999.0 -9999.0 -9999.0 -9999.0 -9999.0 -9999.0 -9999.0 -9999.0 -9999.0 -9999.0 431.742 431.792 431.841 431.889 431.935 431.98 432.025 432.069 432.112 432.155 432.198 432.239 432.28 432.318 432.355 432.391 432.427 432.462 432.495 432.526 432.557 432.587 432.615 432.642 432.668 432.694 432.719 432.743 432.767 432.791 432.813 432.836 432.858 432.879 432.899 432.92 432.939 432.959 432.977 432.996 433.013 433.031 433.048 433.064 433.08 433.096 433.111 433.126 433.141 433.155 433.169 433.182 433.195 433.208 433.221
-9999.0 -9999.0 -9999.0 -9999.0 -9999.0 -9999.0 -9999.0 -9999.0 -9999.0 -9999.0 -9999.0 -9999.0 431.682 431.732 431.782 431.831 431.879 431.925 431.97 432.015 432.059 432.102 432.145 432.187 432.229 432.27 432.307 432.344 432.38 432.416 432.451 432.484 432.515 432.546 432.576 432.604 432.631 432.657 432.682 432.707 432.731 432.755 432.778 432.801 432.823 432.845 432.866 432.887 432.907 432.926 432.945 432.964 432.982 433.0 433.017 433.034 433.051 433.067 433.082 433.098 433.113 433.127 433.141 433.155 433.169 433.182 433.195
-9999.0 -9999.0 -9999.0 -9999.0 -9999.0 -9999.0 -9999.0 -9999.0 -9999.0 -9999.0 -9999.0 -9999.0 431.621 431.672 431.723 431.772 431.821 431.87 431.916 431.961 432.006 432.049 432.093 432.135 432.177 432.219 432.259 432.297 432.334 432.37 432.405 432.44 432.474 432.505 432.536 432.566 432.593 432.619 432.645 432.671 432.695 432.72 432.743 432.766 432.789 432.811 432.832 432.853 432.874 432.894 432.913 432.933 432.951 432.969 432.987 433.004 433.021 433.037 433.054 433.069 433.084 433.099 433.114 433.128 433.142 433.156 433.169
-9999.0 -9999.0 -9999.0 -9999.0 -9999.0 -9999.0 -9999.0 -9999.0 -9999.0 -9999.0 -9999.0 -9999.0 -9999.0 431.612 431.663 431.713 431.763 431.812 431.861 431.907 431.952 431.996 432.04 432.083 432.126 432.168 432.209 432.249 432.287 432.323 432.359 432.394 432.429 432.463 432.495 432.525 432.555 432.582 432.609 432.634 432.659 432.684 432.708 432.732 432.755 432.777 432.799 432.82 432.841 432.862 432.882 432.901 432.92 432.938 432.957 432.974 432.991 433.008 433.025 433.041 433.056 433.072 433.087 433.101 433.115 433.129 433.143
-9999.0 -9999.0 -9999.0 -9999.0 -9999.0 -9999.0 -9999.0 -9999.0 -9999.0 -9999.0 -9999.0 -9999.0 -9999.0 -9999.0 -9999.0 431.654 431.705 431.754 431.803 431.851 431.898 431.943 431.988 432.031 432.074 432.117 432.158 432.199 432.24 432.277 432.313 432.349 432.384 432.418 432.452 432.485 432.515 432.545 432.572 432.598 432.623 432.648 432.673 432.697 432.72 432.743 432.765 432.787 432.809 432.829 432.85 432.869 432.889 432.908 432.926 432.944 432.962 432.979 432.996 433.012 433.028 433.044 433.059 433.074 433.089 433.103 433.117
-9999.0 -9999.0 -9999.0 -9999.0 -9999.0 -9999.0 -9999.0 -9999.0 -9999.0 -9999.0 -9999.0 -9999.0 -9999.0 -9999.0 -9999.0 431.595 431.646 431.696 431.746 431.794 431.843 431.89 431.935 431.979 432.023 432.066 432.108 432.149 432.19 432.23 432.267 432.303 432.339 432.374 432.408 432.441 432.474 432.505 432.535 432.562 432.588 432.613 432.638 432.662 432.686 432.709 432.732 432.754 432.776 432.797 432.818 432.838 432.858 432.877 432.896 432.914 432.932 432.95 432.967 432.984 433.0 433.016 433.032 433.047 433.062 433.077 433.091
-9999.0 -9999.0 -9999.0 -9999.0 -9999.0 -9999.0 -9999.0 -9999.0 -9999.0 -9999.0 -9999.0 -9999.0 -9999.0 -9999.0 -9999.0 -9999.0 431.587 431.638 431.688 431.737 431.786 431.834 431.882 431.927 431.971 432.014 432.057 432.099 432.141 432.181 432.221 432.258 432.294 432.329 432.364 432.398 432.431 432.464 432.496 432.525 432.552 432.578 432.603 432.628 432.652 432.675 432.699 432.721 432.743 432.765 432.786 432.807 432.827 432.846 432.866 432.884 432.903 432.921 432.938 432.955 432.972 432.989 433.005 433.02 433.036 433.051 433.065
-9999.0 -9999.0 -9999.0 -9999.0 -9999.0 -9999.0 -9999.0 -9999.0 -9999.0 -9999.0 -9999.0 -9999.0 -9999.0 -9999.0 -9999.0 431.477 431.529 431.58 -9999.0 431.68 431.73 431.778 431.826 431.874 431.919 431.963 432.007 432.049 432.091 432.132 432.173 432.212 432.249 432.285 432.32 432.354 432.388 432.421 432.454 432.486 432.516 432.542 432.568 432.593 432.618 432.642 432.665 432.688 432.711 432.733 432.754 432.775 432.796 432.816 432.835 432.855 432.873 432.892 432.91 432.927 432.944 432.961 432.977 432.993 433.009 433.024 433.039
-9999.0 -9999.0 -9999.0 -9999.0 -9999.0 -9999.0 -9999.0 -9999.0 -9999.0 -9999.0 -9999.0 -9999.0 -9999.0 -9999.0 -9999.0 -9999.0 -9999.0 -9999.0 -9999.0 431.623 431.673 431.722 431.771 431.819 431.866 431.912 431.956 431.999 432.041 432.083 432.124 432.165 432.204 432.241 432.276 432.311 432.345 432.379 432.412 432.444 432.476 432.507 432.533 432.558 432.583 432.608 432.632 432.655 432.678 432.701 432.722 432.744 432.765 432.785 432.805 432.825 432.844 432.863 432.881 432.899 432.916 432.933 432.95 432.966 432.982 432.998 433.013
-9999.0 -9999.0 -9999.0 -9999.0 -9999.0 -9999.0 -9999.0 -9999.0 -9999.0 -9999.0 -9999.0 -9999.0 -9999.0 -9999.0 -9999.0 -9999.0 -9999.0 -9999.0 431.516 431.567 431.617 431.667 431.716 431.764 431.812 431.859 431.905 431.949 431.992 432.034 432.076 432.117 432.157 432.196 432.232 432.268 432.303 432.337 432.37 432.403 432.435 432.467 432.497 432.524 432.549 432.574 432.599 432.622 432.646 432.668 432.691 432.713 432.734 432.755 432.775 432.795 432.814 432.834 432.852 432.87 432.888 432.906 432.923 432.939 432.956 432.972 432.987
-9999.0 -9999.0 -9999.0 -9999.0 -9999.0 -9999.0 -9999.0 -9999.0 -9999.0 -9999.0 -9999.0 -9999.0 -9999.0 -9999.0 -9999.0 -9999.0 -9999.0 -9999.0 -9999.0 431.51 431.561 431.611 431.66 431.709 431.758 431.805 431.852 431.898 431.943 431.985 432.027 432.069 432.109 432.149 432.189 432.225 432.26 432.294 432.328 432.362 432.394 432.426 432.458 432.488 432.515 432.541 432.565 432.59 432.613 432.636 432.659 432.681 432.703 432.724 432.745 432.765 432.785 432.805 432.824 432.842 432.86 432.878 432.895 432.912 432.929 432.945 432.961
-9999.0 -9999.0 -9999.0 -9999.0 -9999.0 -9999.0 -9999.0 -9999.0 -9999.0 -9999.0 -9999.0 -9999.0 -9999.0 -9999.0 -9999.0 -9999.0 -9999.0 -9999.0 431.401 431.453 431.504 431.555 431.605 431.655 431.703 431.752 431.799 431.846 431.892 431.937 431.979 432.021 432.062 432.103 432.143 432.181 432.217 432.252 432.287 432.32 432.353 432.386 432.418 432.449 432.478 432.506 432.532 432.557 432.581 432.605 432.628 432.65 432.672 432.694 432.715 432.736 432.756 432.776 432.795 432.814 432.832 432.85 432.868 432.886 432.903 432.919 432.935
-9999.0 -9999.0 -9999.0 -9999.0 -9999.0 -9999.0 -9999.0 -9999.0 -9999.0 -9999.0 -9999.0 -9999.0 -9999.0 -9999.0 -9999.0 -9999.0 -9999.0 -9999.0 431.344 431.396 431.448 431.5 431.55 431.6 431.649 431.698 431.746 431.793 431.84 431.886 431.931 431.973 432.015 432.056 432.096 432.136 432.175 432.21 432.245 432.279 432.313 432.346 432.378 432.41 432.441 432.47 432.497 432.524 432.549 432.573 432.596 432.619 432.641 432.663 432.685 432.706 432.727 432.747 432.766 432.786 432.805 432.823 432.841 432.859 432.876 432.893 432.91
-9999.0 -9999.0 -9999.0 -9999.0 -9999.0 -9999.0 -9999.0 -9999.0 -9999.0 -9999.0 -9999.0 -9999.0 -9999.0 -9999.0 -9999.0 -9999.0 -9999.0 431.233 431.287 431.34 431.392 431.444 431.495 431.546 431.596 431.645 431.693 431.741 431.788 431.834 431.88 431.925 431.968 432.01 432.05 432.091 432.13 432.168 432.203 432.238 432.272 432.306 432.338 432.37 432.402 432.433 432.462 432.489 432.515 432.541 432.565 432.588 432.611 432.633 432.655 432.676 432.697 432.718 432.738 432.758 432.777 432.796 432.814 432.832 432.85 432.867 432.884
-9999.0 -9999.0 -9999.0 -9999.0 -9999.0 -9999.0 -9999.0 -9999.0 -9999.0 -9999.0 -9999.0 -9999.0 -9999.0 -9999.0 -9999.0 -9999.0 -9999.0 -9999.0 431.23 -9999.0 431.336 431.389 431.441 431.492 431.542 431.592 431.641 431.689 431.737 431.783 431.83 431.875 431.92 431.963 432.004 432.045 432.085 432.124 432.162 432.197 432.232 432.266 432.299 432.331 432.363 432.395 432.425 432.454 432.481 432.507 432.533 432.557 432.58 432.603 432.625 432.647 432.668 432.689 432.71 432.73 432.749 432.768 432.787 432.805 432.823 432.841 432.858
-9999.0 -9999.0 -9999.0 -9999.0 -9999.0 -9999.0 -9999.0 -9999.0 -9999.0 -9999.0 -9999.0 -9999.0 -9999.0 -9999.0 -9999.0 -9999.0 -9999.0 -9999.0 -9999.0 -9999.0 -9999.0 431.334 431.386 431.438 431.488 431.539 431.588 431.637 431.685 431.733 431.779 431.825 431.871 431.915 431.959 432.0 432.04 432.08 432.119 432.156 432.191 432.226 432.259 432.292 432.325 432.357 432.388 432.418 432.446 432.473 432.499 432.525 432.55 432.573 432.596 432.618 432.639 432.66 432.681 432.702 432.721 432.741 432.76 432.779 432.797 432.815 432.832
-9999.0 -9999.0 -9999.0 -9999.0 -9999.0 -9999.0 -9999.0 -9999.0 -9999.0 -9999.0 -9999.0 -9999.0 -9999.0 -9999.0 -9999.0 -9999.0 -9999.0 -9999.0 -9999.0 -9999.0 -9999.0 -9999.0 -9999.0 431.384 431.435 431.486 431.536 431.585 431.634 431.682 431.729 431.776 431.821 431.866 431.911 431.954 431.996 432.036 432.076 432.115 432.151 432.186 432.22 432.254 432.287 432.319 432.35 432.381 432.412 432.439 432.466 432.492 432.518 432.543 432.566 432.588 432.61 432.632 432.653 432.674 432.694 432.714 432.733 432.752 432.771 432.789 432.807
-9999.0 -9999.0 -9999.0 -9999.0 -9999.0 -9999.0 -9999.0 -9999.0 -9999.0 -9999.0 -9999.0 -9999.0 -9999.0 -9999.0 -9999.0 -9999.0 -9999.0 -9999.0 -9999.0 -9999.0 -9999.0 -9999.0 -9999.0 -9999.0 431.382 431.433 431.484 431.534 431.583 431.631 431.679 431.726 431.773 431.818 431.863 431.907 431.95 431.992 432.032 432.072 432.11 432.146 432.181 432.215 432.248 432.281 432.313 432.344 432.375 432.405 432.432 432.459 432.485 432.51 432.535 432.559 432.582 432.603 432.625 432.646 432.666 432.686 432.706 432.725 432.744 432.763 432.781
-9999.0 -9999.0 -9999.0 -9999.0 -9999.0 -9999.0 -9999.0 -9999.0 -9999.0 -9999.0 -9999.0 -9999.0 -9999.0 -9999.0 -9999.0 -9999.0 -9999.0 -9999.0 -9999.0 -9999.0 -9999.0 -9999.0 -9999.0 -9999.0 431.329 431.381 431.432 431.482 431.532 431.581 431.629 431.677 431.724 431.77 431.815 431.86 431.904 431.947 431.989 432.029 432.068 432.106 432.142 432.176 432.21 432.243 432.276 432.308 432.339 432.37 432.399 432.426 432.452 432.478 432.503 432.528 432.553 432.575 432.597 432.618 432.639 432.659 432.679 432.699 432.718 432.737 432.755
-9999.0 -9999.0 -9999.0 -9999.0 -9999.0 -9999.0 -9999.0 -9999.0 -9999.0 -9999.0 -9999.0 -9999.0 -9999.0 -9999.0 -9999.0 -9999.0 -9999.0 -9999.0 -9999.0 -9999.0 -9999.0 -9999.0 -9999.0 -9999.0 -9999.0 431.329 431.38 431.431 431.482 431.531 431.58 431.628 431.675 431.722 431.768 431.813 431.857 431.901 431.944 431.986 432.026 432.065 432.103 432.138 432.172 432.206 432.239 432.271 432.303 432.334 432.364 432.393 432.42 432.446 432.472 432.497 432.522 432.546 432.569 432.59 432.612 432.632 432.653 432.673 432.692 432.711 432.73
-9999.0 -9999.0 -9999.0 -9999.0 -9999.0 -9999.0 -9999.0 -9999.0 -9999.0 -9999.0 -9999.0 -9999.0 -9999.0 -9999.0 -9999.0 -9999.0 -9999.0 -9999.0 -9999.0 -9999.0 -9999.0 -9999.0 -9999.0 -9999.0 -9999.0 431.277 431.329 431.381 431.431 431.481 431.531 431.579 431.627 431.674 431.721 431.766 431.811 431.855 431.899 431.941 431.983 432.023 432.062 432.1 432.135 432.168 432.202 432.235 432.267 432.298 432.329 432.359 432.387 432.414 432.44 432.466 432.491 432.515 432.539 432.563 432.584 432.605 432.626 432.646 432.666 432.685 432.704
-9999.0 -9999.0 -9999.0 -9999.0 -9999.0 -9999.0 -9999.0 -9999.0 -9999.0 -9999.0 -9999.0 -9999.0 -9999.0 -9999.0 -9999.0 -9999.0 -9999.0 -9999.0 -9999.0 -9999.0 -9999.0 -9999.0 -9999.0 -9999.0 -9999.0 -9999.0 431.278 431.33 -9999.0 -9999.0 431.482 431.531 431.579 431.627 431.674 431.72 431.765 431.81 431.854 431.897 431.939 431.981 432.021 432.06 432.097 432.131 432.165 432.198 432.231 432.263 432.294 432.325 432.355 432.382 432.409 432.435 432.46 432.485 432.509 432.533 432.556 432.579 432.6 432.62 432.64 432.66 432.679
-9999.0 -9999.0 -9999.0 -9999.0 -9999.0 -9999.0 -9999.0 -9999.0 -9999.0 -9999.0 -9999.0 -9999.0 -9999.0 -9999.0 -9999.0 -9999.0 -9999.0 -9999.0 -9999.0 -9999.0 -9999.0 -9999.0 -9999.0 -9999.0 -9999.0 -9999.0 -9999.0 -9999.0 -9999.0 -9999.0 431.433 431.482 431.531 431.58 431.627 431.674 431.719 431.765 431.809 431.853 431.896 431.938 431.979 432.02 432.058 432.094 432.129 432.162 432.195 432.227 432.259 432.29 432.321 432.35 432.377 432.404 432.429 432.455 432.479 432.503 432.527 432.55 432.573 432.594 432.614 432.634 432.654
