static/jobfarm/user_models/minyf/common/HOME-GBHM/输出文件/Output/Grids/snowDepth20020225.asc
ncols 221
nrows 204
xllcorner -627000.0
yllcorner 3955000.0
cellsize 900.0
NODATA_value -9999.0
[rows 90 to 119 of 204, columns 67 to 133 of 221]
432.648 432.667 432.685 432.704 432.721 432.739 432.756 432.773 432.789 432.805 432.821 432.836 432.851 432.866 432.88 432.895 432.908 432.922 432.935 432.948 432.961 432.973 432.985 432.997 433.007 433.017 433.026 433.035 433.044 433.053 433.061 433.07 433.078 433.086 433.093 433.1 433.108 433.114 433.121 433.128 433.134 433.14 433.146 433.151 433.156 433.161 433.166 433.171 433.175 433.179 433.183 433.185 433.187 433.189 433.191 433.193 433.194 433.195 433.195 433.196 433.196 433.196 433.195 433.195 433.194 433.192 433.191
432.623 432.642 432.661 432.68 432.698 432.715 432.733 432.75 432.766 432.782 432.798 432.814 432.829 432.844 432.859 432.873 432.887 432.901 432.914 432.927 432.94 432.952 432.965 432.977 432.988 432.998 433.008 433.017 433.026 433.035 433.043 433.051 433.059 433.067 433.075 433.082 433.089 433.096 433.103 433.109 433.116 433.122 433.127 433.133 433.138 433.143 433.148 433.152 433.157 433.161 433.164 433.168 433.171 433.173 433.175 433.176 433.177 433.178 433.179 433.179 433.179 433.179 433.179 433.178 433.177 433.175 433.174
432.598 432.618 432.637 432.656 432.674 432.692 432.709 432.726 432.743 432.76 432.776 432.792 432.807 432.822 432.837 432.851 432.865 432.879 432.893 432.906 432.919 432.932 432.944 432.956 432.968 432.979 432.989 432.998 433.007 433.016 433.025 433.033 433.041 433.049 433.057 433.064 433.071 433.078 433.085 433.091 433.097 433.103 433.109 433.115 433.12 433.125 433.13 433.134 433.138 433.142 433.146 433.149 433.153 433.155 433.158 433.16 433.161 433.162 433.162 433.163 433.163 433.163 433.162 433.161 433.16 433.159 433.157
432.572 432.593 432.613 432.632 432.65 432.668 432.686 432.704 432.72 432.737 432.753 432.769 432.785 432.8 432.815 432.83 432.844 432.858 432.872 432.885 432.898 432.911 432.923 432.935 432.947 432.959 432.97 432.98 432.989 432.998 433.006 433.015 433.023 433.031 433.039 433.046 433.053 433.06 433.067 433.073 433.079 433.085 433.091 433.097 433.102 433.107 433.111 433.116 433.12 433.124 433.128 433.131 433.134 433.137 433.14 433.142 433.144 433.145 433.146 433.147 433.147 433.146 433.146 433.145 433.144 433.142 433.141
432.546 432.567 432.588 432.608 432.627 432.645 432.663 432.681 432.698 432.715 432.731 432.747 432.763 432.778 432.793 432.808 432.823 432.837 432.85 432.864 432.877 432.89 432.903 432.915 432.927 432.939 432.95 432.961 432.971 432.98 432.988 432.997 433.005 433.013 433.021 433.028 433.035 433.042 433.049 433.055 433.062 433.068 433.073 433.079 433.084 433.089 433.093 433.098 433.102 433.106 433.109 433.113 433.116 433.119 433.121 433.123 433.125 433.127 433.128 433.129 433.13 433.13 433.13 433.129 433.128 433.126 433.124
432.52 432.541 432.562 432.583 432.603 432.622 432.64 432.658 432.675 432.692 432.709 432.725 432.741 432.757 432.772 432.787 432.801 432.816 432.829 432.843 432.856 432.869 432.882 432.894 432.906 432.918 432.93 432.941 432.952 432.961 432.97 432.979 432.987 432.995 433.003 433.01 433.017 433.024 433.031 433.038 433.044 433.05 433.055 433.061 433.066 433.071 433.076 433.08 433.084 433.088 433.091 433.095 433.098 433.1 433.103 433.105 433.107 433.108 433.11 433.111 433.111 433.111 433.111 433.111 433.11 433.109 433.108
432.493 432.515 432.537 432.558 432.578 432.598 432.617 432.635 432.653 432.67 432.687 432.703 432.719 432.735 432.75 432.765 432.78 432.795 432.809 432.822 432.836 432.849 432.862 432.874 432.886 432.898 432.91 432.921 432.932 432.942 432.952 432.961 432.969 432.977 432.985 432.992 433.0 433.007 433.013 433.02 433.026 433.032 433.038 433.043 433.048 433.053 433.058 433.062 433.066 433.07 433.074 433.077 433.08 433.082 433.085 433.087 433.089 433.09 433.091 433.092 433.093 433.093 433.093 433.093 433.092 433.091 433.089
432.467 432.489 432.511 432.532 432.553 432.573 432.593 432.612 432.63 432.648 432.665 432.681 432.698 432.713 432.729 432.744 432.759 432.774 432.788 432.802 432.815 432.828 432.841 432.854 432.866 432.878 432.889 432.901 432.912 432.923 432.933 432.943 432.951 432.959 432.967 432.975 432.982 432.989 432.996 433.002 433.008 433.014 433.02 433.025 433.031 433.036 433.04 433.044 433.049 433.052 433.056 433.059 433.062 433.065 433.067 433.069 433.071 433.072 433.073 433.074 433.075 433.075 433.075 433.074 433.074 433.072 433.071
432.441 432.464 432.486 432.507 432.528 432.549 432.569 432.588 432.607 432.626 432.643 432.66 432.676 432.692 432.708 432.723 432.738 432.753 432.767 432.781 432.795 432.808 432.821 432.833 432.846 432.858 432.869 432.881 432.892 432.903 432.913 432.923 432.933 432.942 432.949 432.957 432.964 432.971 432.978 432.985 432.991 432.997 433.003 433.008 433.013 433.018 433.023 433.027 433.031 433.035 433.038 433.041 433.044 433.047 433.049 433.051 433.053 433.054 433.056 433.056 433.057 433.057 433.057 433.056 433.056 433.054 433.053
432.416 432.438 432.46 432.482 432.503 432.524 432.544 432.564 432.583 432.602 432.621 432.638 432.654 432.671 432.687 432.702 432.717 432.732 432.746 432.76 432.774 432.788 432.801 432.813 432.826 432.838 432.85 432.861 432.872 432.883 432.894 432.904 432.914 432.923 432.932 432.94 432.947 432.954 432.961 432.967 432.974 432.98 432.985 432.991 432.996 433.001 433.005 433.01 433.014 433.017 433.021 433.024 433.027 433.03 433.032 433.034 433.036 433.037 433.038 433.039 433.039 433.039 433.039 433.039 433.038 433.037 433.035
432.39 432.413 432.435 432.457 432.479 432.5 432.52 432.54 432.56 432.579 432.598 432.616 432.633 432.649 432.665 432.681 432.696 432.711 432.726 432.74 432.754 432.767 432.78 432.793 432.806 432.818 432.83 432.841 432.853 432.863 432.874 432.884 432.894 432.904 432.913 432.922 432.93 432.937 432.943 432.95 432.956 432.962 432.968 432.973 432.979 432.984 432.988 432.992 432.996 433.0 433.004 433.007 433.01 433.012 433.015 433.017 433.018 433.02 433.021 433.021 433.022 433.022 433.022 433.021 433.02 433.019 433.018
432.365 432.388 432.41 432.432 432.454 432.475 432.496 432.516 432.536 432.555 432.574 432.593 432.611 432.628 432.644 432.66 432.676 432.691 432.705 432.72 432.734 432.747 432.76 432.773 432.786 432.798 432.81 432.822 432.833 432.844 432.855 432.865 432.875 432.884 432.894 432.903 432.912 432.919 432.926 432.933 432.939 432.945 432.951 432.956 432.962 432.966 432.971 432.975 432.979 432.983 432.987 432.99 432.993 432.995 432.997 432.999 433.001 433.002 433.003 433.004 433.005 433.005 433.005 433.004 433.003 433.002 433.001
432.339 432.363 432.386 432.408 432.43 432.451 432.472 432.493 432.512 432.532 432.551 432.57 432.588 432.606 432.623 432.64 432.655 432.67 432.685 432.699 432.713 432.727 432.741 432.754 432.766 432.779 432.791 432.802 432.814 432.825 432.835 432.846 432.856 432.865 432.875 432.884 432.892 432.901 432.909 432.916 432.922 432.928 432.934 432.939 432.945 432.95 432.954 432.958 432.963 432.966 432.97 432.973 432.976 432.978 432.981 432.982 432.984 432.986 432.987 432.987 432.988 432.988 432.988 432.987 432.986 432.985 432.984
432.314 432.338 432.361 432.384 432.406 432.427 432.448 432.469 432.489 432.509 432.528 432.547 432.565 432.583 432.601 432.618 432.635 432.65 432.665 432.679 432.693 432.707 432.721 432.734 432.747 432.759 432.771 432.783 432.794 432.805 432.816 432.826 432.836 432.846 432.856 432.865 432.873 432.882 432.89 432.898 432.905 432.911 432.917 432.923 432.928 432.933 432.937 432.942 432.946 432.95 432.953 432.956 432.959 432.962 432.964 432.966 432.967 432.969 432.97 432.971 432.971 432.971 432.971 432.97 432.97 432.968 432.967
432.289 432.313 432.336 432.359 432.382 432.403 432.425 432.446 432.466 432.486 432.505 432.524 432.543 432.561 432.579 432.596 432.613 432.629 432.645 432.659 432.674 432.688 432.701 432.714 432.727 432.74 432.752 432.764 432.775 432.786 432.797 432.807 432.817 432.827 432.837 432.846 432.855 432.863 432.871 432.879 432.887 432.894 432.901 432.906 432.911 432.916 432.921 432.925 432.929 432.933 432.936 432.94 432.943 432.945 432.947 432.949 432.951 432.952 432.953 432.954 432.955 432.955 432.955 432.954 432.953 432.952 432.951
432.265 432.289 432.312 432.335 432.358 432.38 432.401 432.422 432.443 432.463 432.483 432.502 432.52 432.539 432.557 432.574 432.591 432.608 432.624 432.639 432.654 432.668 432.682 432.695 432.708 432.72 432.733 432.744 432.756 432.767 432.778 432.788 432.799 432.808 432.818 432.827 432.836 432.844 432.853 432.86 432.868 432.875 432.882 432.888 432.895 432.9 432.904 432.909 432.913 432.917 432.92 432.923 432.926 432.929 432.931 432.933 432.935 432.936 432.937 432.938 432.938 432.939 432.938 432.938 432.937 432.936 432.935
432.24 432.264 432.288 432.311 432.334 432.356 432.378 432.399 432.42 432.44 432.46 432.479 432.498 432.517 432.535 432.552 432.569 432.586 432.602 432.618 432.634 432.648 432.662 432.675 432.689 432.701 432.713 432.725 432.737 432.748 432.759 432.77 432.78 432.79 432.799 432.808 432.817 432.826 432.834 432.842 432.849 432.857 432.863 432.87 432.876 432.882 432.888 432.893 432.897 432.901 432.904 432.907 432.91 432.913 432.915 432.917 432.919 432.92 432.921 432.922 432.922 432.923 432.922 432.922 432.921 432.92 432.919
432.215 432.24 432.264 432.288 432.311 432.333 432.355 432.376 432.397 432.418 432.438 432.457 432.476 432.495 432.513 432.531 432.548 432.565 432.581 432.597 432.613 432.628 432.643 432.656 432.669 432.682 432.695 432.707 432.718 432.73 432.74 432.751 432.761 432.771 432.781 432.79 432.799 432.807 432.816 432.824 432.831 432.838 432.845 432.852 432.858 432.864 432.869 432.875 432.879 432.884 432.888 432.891 432.894 432.897 432.899 432.901 432.903 432.904 432.905 432.906 432.907 432.907 432.907 432.906 432.906 432.905 432.903
432.189 432.216 432.241 432.264 432.287 432.31 432.332 432.354 432.375 432.395 432.415 432.435 432.454 432.473 432.491 432.509 432.527 432.544 432.56 432.576 432.592 432.607 432.622 432.637 432.65 432.663 432.676 432.688 432.7 432.711 432.722 432.733 432.743 432.753 432.762 432.772 432.781 432.789 432.798 432.805 432.813 432.82 432.827 432.834 432.84 432.846 432.851 432.856 432.861 432.866 432.87 432.874 432.877 432.881 432.883 432.885 432.887 432.889 432.89 432.891 432.891 432.891 432.891 432.891 432.89 432.889 432.888
432.163 432.19 432.217 432.241 432.264 432.287 432.309 432.331 432.352 432.373 432.393 432.413 432.433 432.452 432.47 432.488 432.506 432.523 432.539 432.556 432.571 432.587 432.602 432.616 432.63 432.644 432.657 432.669 432.681 432.692 432.704 432.714 432.725 432.735 432.744 432.754 432.763 432.771 432.779 432.787 432.795 432.802 432.809 432.816 432.822 432.828 432.833 432.839 432.844 432.848 432.852 432.856 432.86 432.863 432.866 432.868 432.87 432.872 432.874 432.875 432.876 432.876 432.876 432.876 432.875 432.874 432.873
432.136 432.165 432.192 432.218 432.241 432.264 432.287 432.309 432.33 432.351 432.372 432.392 432.411 432.43 432.449 432.467 432.485 432.502 432.519 432.535 432.551 432.566 432.581 432.596 432.61 432.624 432.638 432.651 432.663 432.674 432.685 432.696 432.706 432.717 432.726 432.736 432.745 432.753 432.762 432.77 432.777 432.784 432.791 432.798 432.804 432.81 432.816 432.821 432.826 432.83 432.835 432.838 432.842 432.845 432.848 432.851 432.853 432.855 432.856 432.857 432.858 432.858 432.859 432.858 432.858 432.857 432.856
432.11 432.138 432.166 432.193 432.219 432.242 432.264 432.287 432.308 432.329 432.35 432.37 432.39 432.409 432.428 432.446 432.464 432.481 432.498 432.515 432.531 432.546 432.561 432.576 432.591 432.604 432.618 432.631 432.644 432.656 432.667 432.678 432.689 432.699 432.708 432.718 432.727 432.736 432.744 432.752 432.76 432.767 432.774 432.78 432.787 432.793 432.798 432.804 432.808 432.813 432.817 432.821 432.825 432.828 432.831 432.833 432.835 432.837 432.839 432.84 432.841 432.841 432.841 432.841 432.841 432.84 432.839
432.083 432.112 432.14 432.168 432.195 432.22 432.242 432.265 432.286 432.308 432.328 432.349 432.369 432.388 432.407 432.425 432.443 432.461 432.478 432.494 432.51 432.526 432.541 432.556 432.571 432.585 432.598 432.612 432.625 432.637 432.649 432.66 432.671 432.681 432.691 432.7 432.709 432.718 432.726 432.734 432.742 432.749 432.756 432.763 432.769 432.775 432.781 432.786 432.791 432.796 432.8 432.804 432.808 432.811 432.814 432.816 432.818 432.82 432.822 432.823 432.824 432.824 432.825 432.824 432.824 432.823 432.822
432.057 432.086 432.115 432.143 432.17 432.196 432.22 432.243 432.265 432.286 432.307 432.328 432.348 432.367 432.386 432.405 432.423 432.44 432.458 432.474 432.491 432.506 432.522 432.537 432.551 432.565 432.579 432.592 432.605 432.618 432.63 432.642 432.653 432.663 432.673 432.683 432.692 432.701 432.709 432.717 432.725 432.732 432.739 432.746 432.752 432.758 432.764 432.769 432.774 432.779 432.783 432.787 432.791 432.794 432.797 432.799 432.802 432.803 432.805 432.806 432.807 432.808 432.808 432.808 432.807 432.807 432.805
432.031 432.06 432.089 432.117 432.145 432.172 432.198 432.221 432.243 432.265 432.286 432.307 432.327 432.346 432.366 432.384 432.402 432.42 432.438 432.454 432.471 432.487 432.502 432.517 432.532 432.546 432.56 432.573 432.586 432.599 432.611 432.623 432.634 432.645 432.656 432.665 432.675 432.683 432.692 432.7 432.708 432.715 432.722 432.729 432.735 432.741 432.747 432.752 432.757 432.762 432.766 432.77 432.774 432.777 432.78 432.783 432.785 432.787 432.788 432.79 432.791 432.791 432.791 432.791 432.791 432.79 432.789
432.005 432.035 432.064 432.092 432.12 432.147 432.173 432.199 432.222 432.244 432.265 432.286 432.306 432.326 432.345 432.364 432.382 432.4 432.418 432.435 432.451 432.467 432.483 432.498 432.513 432.527 432.541 432.554 432.568 432.58 432.592 432.604 432.616 432.627 432.637 432.648 432.657 432.666 432.675 432.683 432.691 432.698 432.705 432.712 432.719 432.725 432.73 432.736 432.741 432.745 432.75 432.754 432.757 432.761 432.764 432.766 432.769 432.771 432.772 432.773 432.774 432.775 432.775 432.775 432.775 432.774 432.773
431.98 432.01 432.039 432.067 432.095 432.122 432.149 432.175 432.2 432.223 432.245 432.265 432.286 432.306 432.325 432.344 432.363 432.381 432.398 432.415 432.432 432.448 432.464 432.479 432.494 432.508 432.522 432.536 432.549 432.562 432.574 432.586 432.597 432.609 432.619 432.63 432.639 432.649 432.658 432.666 432.674 432.682 432.689 432.696 432.702 432.708 432.714 432.719 432.724 432.729 432.733 432.737 432.741 432.744 432.747 432.75 432.752 432.754 432.756 432.757 432.758 432.759 432.76 432.76 432.759 432.759 432.758
431.955 431.985 432.014 432.043 432.071 432.098 432.125 432.151 432.177 432.202 432.224 432.245 432.266 432.286 432.305 432.324 432.343 432.361 432.379 432.396 432.413 432.429 432.445 432.46 432.475 432.49 432.504 432.517 432.53 432.543 432.556 432.568 432.579 432.59 432.601 432.612 432.622 432.631 432.64 432.649 432.658 432.665 432.672 432.679 432.686 432.692 432.698 432.703 432.708 432.713 432.717 432.721 432.725 432.728 432.732 432.734 432.737 432.739 432.74 432.742 432.743 432.744 432.744 432.744 432.744 432.743 432.742
431.93 431.96 431.989 432.018 432.046 432.074 432.101 432.127 432.153 432.178 432.203 432.225 432.246 432.266 432.285 432.305 432.323 432.342 432.359 432.377 432.394 432.41 432.426 432.441 432.456 432.471 432.485 432.499 432.512 432.525 432.538 432.55 432.561 432.573 432.583 432.594 432.604 432.614 432.623 432.632 432.64 432.648 432.656 432.663 432.67 432.676 432.682 432.687 432.692 432.697 432.701 432.706 432.709 432.713 432.716 432.719 432.721 432.723 432.725 432.726 432.727 432.728 432.729 432.729 432.729 432.728 432.727
431.903 431.935 431.965 431.994 432.022 432.05 432.077 432.104 432.13 432.155 432.18 432.203 432.225 432.246 432.266 432.285 432.304 432.322 432.34 432.358 432.375 432.391 432.407 432.423 432.438 432.453 432.467 432.481 432.494 432.507 432.52 432.532 432.544 432.555 432.566 432.576 432.587 432.596 432.606 432.615 432.623 432.631 432.639 432.646 432.654 432.66 432.666 432.671 432.676 432.681 432.686 432.69 432.694 432.697 432.7 432.703 432.706 432.708 432.71 432.711 432.712 432.713 432.714 432.714 432.714 432.713 432.712
