static/jobfarm/user_models/minyf/common/HOME-GBHM/输出文件/Output/Grids/snowmelt20020225.asc
ncols 221
nrows 204
xllcorner -627000.0
yllcorner 3955000.0
cellsize 900.0
NODATA_value -9999.0
[rows 66 to 98 of 204, columns 74 to 147 of 221]
0.985 0.978 0.972 0.966 0.96 0.953 0.947 0.94 0.933 0.927 0.92 0.913 0.907 0.9 0.893 0.886 0.879 0.872 0.865 0.86 0.855 0.85 0.845 0.84 0.836 0.831 0.826 0.821 0.818 0.816 0.813 0.811 0.808 0.806 0.803 0.801 0.801 0.801 0.801 0.801 0.801 0.801 0.801 0.801 0.801 0.801 0.801 0.801 0.801 0.801 0.801 0.801 0.801 0.801 0.801 0.801 0.801 0.801 0.801 0.801 0.801 0.801 0.801 0.801 0.801 0.801 0.801 0.801 0.801 0.801 0.801 0.801 0.801 0.801
0.987 0.98 0.974 0.968 0.961 0.955 0.949 0.942 0.936 0.929 0.922 0.916 0.909 0.902 0.895 0.888 0.881 0.874 0.867 0.86 0.856 0.851 0.846 0.841 0.836 0.831 0.827 0.822 0.819 0.817 0.814 0.812 0.81 0.807 0.805 0.802 0.8 0.8 0.8 0.8 0.8 0.8 0.8 0.8 0.8 0.8 0.8 0.8 0.8 0.8 0.8 0.8 0.8 0.8 0.8 0.8 0.8 0.8 0.8 0.8 0.8 0.8 0.8 0.8 0.8 0.8 0.8 0.8 0.8 0.8 0.8 0.8 0.8 0.8
0.991 0.984 0.978 0.972 0.966 0.959 0.953 0.946 0.94 0.933 0.927 0.92 0.913 0.906 0.9 0.893 0.886 0.879 0.872 0.865 0.861 0.856 0.851 0.846 0.842 0.837 0.832 0.827 0.822 0.82 0.818 0.815 0.813 0.81 0.808 0.806 0.803 0.801 0.801 0.801 0.801 0.801 0.801 0.801 0.801 0.801 0.801 0.801 0.801 0.801 0.801 0.801 0.801 0.801 0.801 0.801 0.801 0.801 0.801 0.801 0.801 0.801 0.801 0.801 0.801 0.801 0.801 0.801 0.801 0.801 0.801 0.801 0.801 0.801
0.993 0.986 0.98 0.974 0.968 0.961 0.955 0.948 0.942 0.935 0.929 0.922 0.916 0.909 0.902 0.896 0.889 0.882 0.875 0.868 0.861 0.857 0.852 0.847 0.843 0.838 0.833 0.829 0.824 0.819 0.817 0.814 0.812 0.81 0.807 0.805 0.803 0.8 0.798 0.798 0.798 0.798 0.798 0.798 0.798 0.798 0.798 0.798 0.798 0.798 0.798 0.798 0.798 0.798 0.798 0.798 0.798 0.798 0.798 0.798 0.798 0.798 0.798 0.798 0.798 0.798 0.798 0.798 0.798 0.798 0.798 0.798 0.798 0.798
0.997 0.991 0.984 0.978 0.972 0.966 0.959 0.953 0.946 0.94 0.933 0.927 0.92 0.914 0.907 0.9 0.894 0.887 0.88 0.873 0.866 0.862 0.857 0.853 0.848 0.843 0.839 0.834 0.83 0.825 0.823 0.82 0.818 0.816 0.813 0.811 0.809 0.807 0.804 0.802 0.802 0.802 0.802 0.802 0.802 0.802 0.802 0.802 0.802 0.802 0.802 0.802 0.802 0.802 0.802 0.802 0.802 0.802 0.802 0.802 0.802 0.802 0.802 0.802 0.802 0.802 0.802 0.802 0.802 0.802 0.802 0.802 0.802 0.802
1.001 0.993 0.987 0.98 0.974 0.968 0.961 0.955 0.949 0.942 0.936 0.929 0.923 0.916 0.91 0.903 0.896 0.89 0.883 0.876 0.87 0.863 0.858 0.854 0.849 0.845 0.84 0.836 0.831 0.827 0.822 0.82 0.818 0.815 0.813 0.811 0.809 0.806 0.804 0.802 0.8 0.8 0.8 0.8 0.8 0.8 0.8 0.8 0.8 0.8 0.8 0.8 0.8 0.8 0.8 0.8 0.8 0.8 0.8 0.8 0.8 0.8 0.8 0.8 0.8 0.8 0.8 0.8 0.8 0.8 0.8 0.8 0.8 0.8
1.005 0.997 0.989 0.983 0.976 0.97 0.964 0.958 0.951 0.945 0.938 0.932 0.925 0.919 0.912 0.906 0.899 0.893 0.886 0.88 0.873 0.866 0.86 0.855 0.851 0.846 0.842 0.837 0.833 0.828 0.824 0.82 0.817 0.815 0.813 0.811 0.809 0.806 0.804 0.802 0.8 0.798 0.798 0.798 0.798 0.798 0.798 0.798 0.798 0.798 0.798 0.798 0.798 0.798 0.798 0.798 0.798 0.798 0.798 0.798 0.798 0.798 0.798 0.798 0.798 0.798 0.798 0.798 0.798 0.798 0.798 0.798 0.798 0.798
1.012 1.004 0.996 0.99 0.983 0.977 0.971 0.964 0.958 0.952 0.945 0.939 0.933 0.926 0.92 0.913 0.907 0.9 0.894 0.887 0.881 0.874 0.868 0.863 0.859 0.854 0.85 0.846 0.841 0.837 0.833 0.828 0.824 0.822 0.82 0.817 0.815 0.813 0.811 0.809 0.807 0.805 0.803 0.803 0.803 0.803 0.803 0.803 0.803 0.803 0.803 0.803 0.803 0.803 0.803 0.803 0.803 0.803 0.803 0.803 0.803 0.803 0.803 0.803 0.803 0.803 0.803 0.803 0.803 0.803 0.803 0.803 0.803 0.803
1.017 1.008 1.0 0.992 0.986 0.98 0.973 0.967 0.961 0.954 0.948 0.942 0.935 0.929 0.923 0.916 0.91 0.903 0.897 0.891 0.884 0.878 0.871 0.865 0.86 0.856 0.852 0.847 0.843 0.839 0.835 0.83 0.826 0.822 0.82 0.818 0.816 0.814 0.812 0.81 0.808 0.806 0.804 0.802 0.802 0.802 0.802 0.802 0.802 0.802 0.802 0.802 0.802 0.802 0.802 0.802 0.802 0.802 0.802 0.802 0.802 0.802 0.802 0.802 0.802 0.802 0.802 0.802 0.802 0.802 0.802 0.802 0.802 0.802
1.021 1.013 1.005 0.997 0.99 0.984 0.978 0.972 0.965 0.959 0.953 0.947 0.94 0.934 0.928 0.921 0.915 0.909 0.902 0.896 0.889 0.883 0.877 0.87 0.864 0.86 0.856 0.851 0.847 0.843 0.839 0.835 0.83 0.826 0.822 0.82 0.818 0.816 0.814 0.812 0.81 0.808 0.806 0.805 0.803 0.803 0.803 0.803 0.803 0.803 0.803 0.803 0.803 0.803 0.803 0.803 0.803 0.803 0.803 0.803 0.803 0.803 0.803 0.803 0.803 0.803 0.803 0.803 0.803 0.803 0.803 0.803 0.803 0.803
1.026 1.017 1.009 1.001 0.993 0.987 0.981 0.974 0.968 0.962 0.956 0.949 0.943 0.937 0.931 0.924 0.918 0.912 0.906 0.899 0.893 0.887 0.88 0.874 0.868 0.862 0.857 0.853 0.849 0.845 0.841 0.837 0.833 0.829 0.825 0.821 0.819 0.817 0.815 0.813 0.811 0.809 0.807 0.806 0.804 0.802 0.8 0.8 0.8 0.8 0.8 0.8 0.8 0.8 0.8 0.8 0.8 0.8 0.8 0.8 0.8 0.8 0.8 0.8 0.8 0.8 0.8 0.8 0.8 0.8 0.8 0.8 0.8 0.8
1.033 1.025 1.017 1.009 1.0 0.992 0.986 0.98 0.974 0.968 0.961 0.955 0.949 0.943 0.937 0.93 0.924 0.918 0.912 0.905 0.899 0.893 0.887 0.881 0.875 0.868 0.862 0.858 0.854 0.85 0.846 0.842 0.838 0.834 0.83 0.826 0.822 0.821 0.819 0.817 0.815 0.813 0.811 0.81 0.808 0.806 0.804 0.803 0.803 0.803 0.803 0.803 0.803 0.803 0.803 0.803 0.803 0.803 0.803 0.803 0.803 0.803 0.803 0.803 0.803 0.803 0.803 0.803 0.803 0.803 0.803 0.803 0.803 0.803
1.038 1.03 1.021 1.013 1.005 0.997 0.989 0.983 0.977 0.97 0.964 0.958 0.952 0.946 0.94 0.934 0.927 0.921 0.915 0.909 0.903 0.897 0.891 0.885 0.878 0.872 0.866 0.86 0.856 0.852 0.848 0.845 0.841 0.837 0.833 0.829 0.825 0.822 0.82 0.818 0.816 0.814 0.813 0.811 0.809 0.808 0.806 0.804 0.803 0.801 0.801 0.801 0.801 0.801 0.801 0.801 0.801 0.801 0.801 0.801 0.801 0.801 0.801 0.801 0.801 0.801 0.801 0.801 0.801 0.801 0.801 0.801 0.801 0.801
1.042 1.034 1.026 1.018 1.01 1.002 0.994 0.988 0.981 0.975 0.969 0.963 0.957 0.951 0.945 0.939 0.933 0.927 0.921 0.915 0.908 0.902 0.896 0.89 0.884 0.878 0.873 0.867 0.863 0.859 0.855 0.851 0.847 0.844 0.84 0.836 0.832 0.829 0.825 0.823 0.822 0.82 0.818 0.817 0.815 0.813 0.812 0.81 0.809 0.807 0.806 0.804 0.804 0.804 0.804 0.804 0.804 0.804 0.804 0.804 0.804 0.804 0.804 0.804 0.804 0.804 0.804 0.804 0.804 0.804 0.804 0.804 0.804 0.804
1.047 1.039 1.031 1.023 1.015 1.007 0.999 0.99 0.984 0.978 0.972 0.966 0.96 0.954 0.948 0.942 0.936 0.93 0.924 0.918 0.912 0.906 0.9 0.894 0.888 0.883 0.877 0.871 0.865 0.861 0.858 0.854 0.85 0.846 0.843 0.839 0.835 0.832 0.828 0.825 0.823 0.822 0.82 0.818 0.817 0.815 0.814 0.812 0.811 0.809 0.808 0.807 0.805 0.804 0.803 0.803 0.803 0.803 0.803 0.803 0.803 0.803 0.803 0.803 0.803 0.803 0.803 0.803 0.803 0.803 0.803 0.803 0.803 0.803
1.052 1.044 1.036 1.028 1.02 1.012 1.003 0.995 0.987 0.981 0.975 0.969 0.963 0.957 0.951 0.945 0.939 0.934 0.928 0.922 0.916 0.91 0.904 0.898 0.892 0.887 0.881 0.875 0.87 0.864 0.86 0.857 0.853 0.849 0.846 0.842 0.839 0.835 0.832 0.828 0.825 0.822 0.82 0.819 0.817 0.816 0.814 0.813 0.811 0.81 0.809 0.807 0.806 0.805 0.804 0.803 0.802 0.802 0.802 0.802 0.802 0.802 0.802 0.802 0.802 0.802 0.802 0.802 0.802 0.802 0.802 0.802 0.802 0.802
1.057 1.049 1.041 1.032 1.024 1.016 1.008 1.0 0.992 0.985 0.979 0.973 0.967 0.961 0.955 0.949 0.943 0.937 0.931 0.925 0.92 0.914 0.908 0.902 0.897 0.891 0.885 0.88 0.874 0.869 0.863 0.858 0.854 0.851 0.847 0.844 0.84 0.837 0.833 0.83 0.827 0.824 0.821 0.819 0.818 0.816 0.815 0.813 0.812 0.811 0.809 0.808 0.807 0.806 0.805 0.804 0.803 0.802 0.801 0.8 0.799 0.799 0.799 0.799 0.799 0.799 0.799 0.799 0.799 0.799 0.799 0.799 0.799 0.799
1.064 1.056 1.048 1.04 1.032 1.024 1.016 1.008 1.0 0.992 0.986 0.98 0.974 0.968 0.963 0.957 0.951 0.945 0.939 0.934 0.928 0.922 0.916 0.911 0.905 0.9 0.894 0.889 0.883 0.878 0.872 0.867 0.862 0.858 0.855 0.851 0.848 0.845 0.841 0.838 0.835 0.832 0.829 0.826 0.823 0.822 0.82 0.819 0.818 0.816 0.815 0.814 0.813 0.812 0.811 0.81 0.809 0.808 0.807 0.806 0.805 0.804 0.804 0.803 0.803 0.802 0.802 0.802 0.802 0.802 0.802 0.802 0.802 0.802
1.069 1.061 1.053 1.045 1.037 1.029 1.021 1.013 1.005 0.997 0.989 0.984 0.978 0.972 0.966 0.96 0.954 0.949 0.943 0.937 0.932 0.926 0.92 0.915 0.909 0.904 0.898 0.893 0.888 0.882 0.877 0.872 0.867 0.862 0.858 0.855 0.852 0.848 0.845 0.842 0.839 0.836 0.833 0.83 0.827 0.825 0.822 0.821 0.819 0.818 0.817 0.816 0.815 0.813 0.812 0.811 0.811 0.81 0.809 0.808 0.807 0.807 0.806 0.805 0.805 0.805 0.804 0.804 0.804 0.803 0.803 0.803 0.803 0.803
1.074 1.066 1.058 1.05 1.042 1.034 1.026 1.018 1.01 1.002 0.995 0.987 0.981 0.975 0.97 0.964 0.958 0.952 0.947 0.941 0.935 0.93 0.924 0.919 0.913 0.908 0.903 0.897 0.892 0.887 0.882 0.877 0.872 0.867 0.862 0.858 0.855 0.852 0.849 0.846 0.843 0.84 0.837 0.834 0.832 0.829 0.826 0.824 0.821 0.82 0.819 0.818 0.817 0.816 0.815 0.814 0.813 0.812 0.811 0.811 0.81 0.809 0.809 0.808 0.808 0.807 0.807 0.807 0.806 0.806 0.806 0.806 0.806 0.806
1.079 1.071 1.063 1.055 1.047 1.039 1.031 1.023 1.015 1.008 1.0 0.992 0.985 0.979 0.973 0.967 0.962 0.956 0.95 0.945 0.939 0.934 0.928 0.923 0.918 0.912 0.907 0.902 0.897 0.892 0.886 0.881 0.877 0.872 0.867 0.862 0.857 0.854 0.851 0.848 0.845 0.843 0.84 0.837 0.834 0.832 0.829 0.827 0.824 0.822 0.82 0.819 0.818 0.817 0.816 0.815 0.814 0.813 0.813 0.812 0.811 0.811 0.81 0.81 0.809 0.809 0.808 0.808 0.808 0.808 0.808 0.808 0.808 0.808
1.087 1.079 1.071 1.063 1.055 1.047 1.039 1.031 1.023 1.016 1.008 1.0 0.993 0.985 0.979 0.974 0.968 0.963 0.957 0.952 0.946 0.941 0.935 0.93 0.925 0.92 0.914 0.909 0.904 0.899 0.894 0.889 0.884 0.88 0.875 0.87 0.866 0.861 0.858 0.855 0.852 0.85 0.847 0.844 0.842 0.839 0.837 0.834 0.832 0.83 0.828 0.826 0.824 0.822 0.821 0.82 0.819 0.818 0.818 0.817 0.816 0.816 0.815 0.815 0.815 0.814 0.814 0.814 0.814 0.813 0.813 0.813 0.813 0.814
1.092 1.084 1.076 1.068 1.06 1.052 1.044 1.036 1.029 1.021 1.013 1.006 0.998 0.991 0.983 0.978 0.972 0.966 0.961 0.956 0.95 0.945 0.94 0.934 0.929 0.924 0.919 0.914 0.909 0.904 0.899 0.894 0.889 0.885 0.88 0.876 0.871 0.867 0.862 0.858 0.855 0.853 0.85 0.847 0.845 0.842 0.84 0.838 0.836 0.833 0.831 0.829 0.828 0.826 0.824 0.822 0.821 0.819 0.819 0.818 0.818 0.817 0.817 0.816 0.816 0.815 0.815 0.815 0.815 0.815 0.815 0.815 0.815 0.815
1.099 1.091 1.083 1.075 1.067 1.059 1.052 1.044 1.036 1.029 1.021 1.013 1.006 0.999 0.991 0.984 0.978 0.973 0.967 0.962 0.957 0.951 0.946 0.941 0.936 0.931 0.926 0.921 0.916 0.911 0.906 0.902 0.897 0.892 0.888 0.883 0.879 0.875 0.871 0.866 0.862 0.86 0.857 0.855 0.852 0.85 0.848 0.845 0.843 0.841 0.839 0.837 0.835 0.834 0.832 0.83 0.829 0.828 0.826 0.825 0.824 0.823 0.822 0.822 0.821 0.821 0.82 0.82 0.82 0.82 0.82 0.82 0.82 0.82
1.104 1.096 1.088 1.08 1.072 1.065 1.057 1.049 1.041 1.034 1.026 1.019 1.011 1.004 0.997 0.989 0.982 0.977 0.971 0.966 0.961 0.956 0.95 0.945 0.94 0.935 0.93 0.925 0.921 0.916 0.911 0.907 0.902 0.897 0.893 0.889 0.884 0.88 0.876 0.872 0.868 0.864 0.861 0.858 0.856 0.854 0.851 0.849 0.847 0.845 0.843 0.841 0.84 0.838 0.836 0.835 0.834 0.832 0.831 0.83 0.829 0.828 0.827 0.827 0.826 0.825 0.825 0.825 0.825 0.825 0.825 0.825 0.825 0.826
1.109 1.101 1.093 1.085 1.077 1.07 1.062 1.054 1.047 1.039 1.032 1.024 1.017 1.009 1.002 0.995 0.988 0.981 0.975 0.97 0.965 0.96 0.955 0.95 0.945 0.94 0.935 0.93 0.925 0.921 0.916 0.912 0.907 0.903 0.898 0.894 0.89 0.886 0.882 0.878 0.874 0.87 0.867 0.863 0.86 0.857 0.854 0.852 0.85 0.848 0.847 0.845 0.843 0.842 0.84 0.839 0.837 0.836 0.835 0.834 0.833 0.832 0.831 0.831 0.83 0.83 0.829 0.829 0.829 0.829 0.829 0.83 0.83 0.83
1.114 1.106 1.098 1.09 1.083 1.075 1.067 1.06 1.052 1.044 1.037 1.03 1.022 1.015 1.008 1.001 0.994 0.986 0.98 0.974 0.969 0.964 0.959 0.954 0.949 0.944 0.94 0.935 0.93 0.926 0.921 0.917 0.912 0.908 0.904 0.9 0.895 0.891 0.888 0.884 0.88 0.876 0.873 0.869 0.866 0.863 0.86 0.857 0.855 0.853 0.851 0.85 0.848 0.846 0.845 0.844 0.842 0.841 0.84 0.839 0.838 0.838 0.837 0.836 0.836 0.836 0.835 0.835 0.835 0.835 0.835 0.836 0.836 0.836
1.122 1.114 1.106 1.098 1.091 1.083 1.075 1.068 1.06 1.053 1.045 1.038 1.03 1.023 1.016 1.009 1.002 0.995 0.988 0.981 0.976 0.971 0.966 0.961 0.957 0.952 0.947 0.942 0.938 0.933 0.929 0.924 0.92 0.916 0.912 0.908 0.904 0.9 0.896 0.892 0.889 0.885 0.882 0.878 0.875 0.872 0.869 0.866 0.863 0.861 0.858 0.857 0.855 0.854 0.852 0.851 0.85 0.849 0.848 0.847 0.846 0.845 0.845 0.844 0.844 0.843 0.843 0.843 0.843 0.843 0.843 0.844 0.844 0.845
1.127 1.119 1.111 1.103 1.096 1.088 1.08 1.073 1.065 1.058 1.05 1.043 1.036 1.029 1.022 1.015 1.008 1.001 0.994 0.987 0.981 0.976 0.971 0.966 0.961 0.956 0.952 0.947 0.943 0.938 0.934 0.93 0.925 0.921 0.917 0.913 0.909 0.906 0.902 0.898 0.895 0.891 0.888 0.885 0.882 0.879 0.876 0.873 0.87 0.868 0.865 0.863 0.861 0.859 0.857 0.856 0.854 0.853 0.852 0.852 0.851 0.85 0.85 0.849 0.849 0.849 0.848 0.848 0.848 0.849 0.849 0.849 0.85 0.85
1.135 1.127 1.119 1.111 1.103 1.096 1.088 1.081 1.073 1.066 1.058 1.051 1.044 1.037 1.03 1.023 1.016 1.009 1.002 0.996 0.989 0.983 0.978 0.973 0.968 0.964 0.959 0.954 0.95 0.946 0.941 0.937 0.933 0.929 0.925 0.921 0.917 0.914 0.91 0.907 0.903 0.9 0.897 0.893 0.89 0.887 0.885 0.882 0.879 0.877 0.875 0.872 0.87 0.868 0.867 0.865 0.863 0.862 0.861 0.859 0.858 0.857 0.857 0.857 0.856 0.856 0.856 0.856 0.856 0.856 0.857 0.857 0.858 0.859
1.14 1.132 1.124 1.116 1.108 1.101 1.093 1.086 1.078 1.071 1.064 1.056 1.049 1.042 1.035 1.028 1.022 1.015 1.008 1.001 0.995 0.989 0.982 0.978 0.973 0.968 0.964 0.959 0.955 0.951 0.947 0.942 0.938 0.934 0.93 0.927 0.923 0.919 0.916 0.912 0.909 0.906 0.903 0.9 0.897 0.894 0.891 0.889 0.886 0.884 0.882 0.879 0.877 0.876 0.874 0.872 0.871 0.869 0.868 0.867 0.866 0.865 0.865 0.864 0.864 0.864 0.864 0.864 0.864 0.864 0.865 0.866 0.867 0.868
1.145 1.137 1.129 1.121 1.114 1.106 1.099 1.091 1.084 1.076 1.069 1.062 1.055 1.048 1.041 1.034 1.027 1.021 1.014 1.007 1.001 0.995 0.988 0.982 0.978 0.973 0.969 0.964 0.96 0.956 0.952 0.948 0.944 0.94 0.936 0.932 0.929 0.925 0.922 0.918 0.915 0.912 0.909 0.906 0.903 0.9 0.898 0.895 0.893 0.891 0.888 0.886 0.885 0.883 0.881 0.88 0.878 0.877 0.876 0.875 0.874 0.873 0.873 0.872 0.872 0.872 0.872 0.872 0.873 0.873 0.874 0.874 0.875 0.876
1.153 1.145 1.137 1.129 1.122 1.114 1.107 1.099 1.092 1.084 1.077 1.07 1.063 1.056 1.049 1.042 1.036 1.029 1.022 1.016 1.01 1.003 0.997 0.991 0.985 0.979 0.975 0.971 0.966 0.962 0.958 0.954 0.95 0.946 0.943 0.939 0.936 0.932 0.929 0.926 0.922 0.919 0.916 0.913 0.911 0.908 0.906 0.903 0.901 0.899 0.897 0.895 0.893 0.891 0.89 0.888 0.887 0.886 0.885 0.884 0.883 0.882 0.882 0.882 0.882 0.881 0.882 0.882 0.882 0.883 0.883 0.884 0.885 0.886
