static/jobfarm/user_models/minyf/common/HOME-GBHM/输出文件/Output/Grids/snowmelt20020222.asc
ncols 221
nrows 204
xllcorner -627000.0
yllcorner 3955000.0
cellsize 900.0
NODATA_value -9999.0
[rows 33 to 65 of 204, columns 0 to 73 of 221]
-9999.0 -9999.0 -9999.0 -9999.0 -9999.0 -9999.0 -9999.0 -9999.0 -9999.0 -9999.0 -9999.0 -9999.0 -9999.0 -9999.0 -9999.0 -9999.0 -9999.0 -9999.0 -9999.0 -9999.0 -9999.0 -9999.0 -9999.0 -9999.0 -9999.0 -9999.0 -9999.0 -9999.0 -9999.0 -9999.0 -9999.0 -9999.0 -9999.0 -9999.0 0.164 0.163 0.162 0.161 0.16 0.159 0.159 0.158 0.157 0.156 0.156 0.155 0.155 0.151 0.165 0.164 0.098 0.098 0.097 0.097 0.096 0.096 0.096 0.096 0.095 0.095 0.095 0.095 0.095 0.094 0.094 0.094 0.094 0.155 0.094 0.155 0.155 0.104 0.104 0.104
-9999.0 -9999.0 -9999.0 -9999.0 -9999.0 -9999.0 -9999.0 -9999.0 -9999.0 -9999.0 -9999.0 -9999.0 -9999.0 -9999.0 -9999.0 -9999.0 -9999.0 -9999.0 -9999.0 -9999.0 -9999.0 -9999.0 -9999.0 -9999.0 -9999.0 -9999.0 -9999.0 -9999.0 -9999.0 -9999.0 -9999.0 -9999.0 -9999.0 0.156 0.155 0.154 0.153 0.152 0.151 0.151 0.15 0.149 0.148 0.148 0.147 0.146 0.146 0.145 0.145 0.144 0.144 0.143 0.143 0.142 0.142 0.142 0.141 0.141 0.141 0.141 0.14 0.159 0.159 0.159 0.159 0.159 0.158 0.157 0.085 0.085 0.085 0.085 0.085 0.085
-9999.0 -9999.0 -9999.0 -9999.0 -9999.0 -9999.0 -9999.0 -9999.0 -9999.0 -9999.0 -9999.0 -9999.0 -9999.0 -9999.0 -9999.0 -9999.0 -9999.0 -9999.0 -9999.0 -9999.0 -9999.0 -9999.0 -9999.0 -9999.0 -9999.0 -9999.0 -9999.0 -9999.0 -9999.0 -9999.0 -9999.0 -9999.0 -9999.0 0.124 0.123 0.122 0.121 0.121 0.12 0.119 0.118 0.117 0.116 0.116 0.115 0.114 0.114 0.113 0.113 0.112 0.156 0.156 0.155 0.167 0.149 0.148 0.148 0.148 0.147 0.147 0.147 0.147 0.146 0.161 0.09 0.09 0.089 0.089 0.089 0.089 0.089 0.089 0.089 0.089
-9999.0 -9999.0 -9999.0 -9999.0 -9999.0 -9999.0 -9999.0 -9999.0 -9999.0 -9999.0 -9999.0 -9999.0 -9999.0 -9999.0 -9999.0 -9999.0 -9999.0 -9999.0 -9999.0 -9999.0 -9999.0 -9999.0 -9999.0 -9999.0 -9999.0 -9999.0 -9999.0 -9999.0 -9999.0 -9999.0 -9999.0 -9999.0 -9999.0 -9999.0 0.196 0.194 0.185 0.184 0.184 0.183 0.182 0.181 0.18 0.18 0.179 0.178 0.178 0.177 0.176 0.176 0.175 0.175 0.174 0.174 0.174 0.173 0.173 0.173 0.172 0.172 0.172 0.171 0.164 0.089 0.089 0.089 0.088 0.088 0.088 0.088 0.088 0.088 0.087 0.087
-9999.0 -9999.0 -9999.0 -9999.0 -9999.0 -9999.0 -9999.0 -9999.0 -9999.0 -9999.0 -9999.0 -9999.0 -9999.0 -9999.0 -9999.0 -9999.0 -9999.0 -9999.0 -9999.0 -9999.0 -9999.0 -9999.0 -9999.0 -9999.0 -9999.0 -9999.0 -9999.0 -9999.0 -9999.0 -9999.0 -9999.0 -9999.0 -9999.0 -9999.0 -9999.0 0.146 0.145 0.144 0.143 0.143 0.142 0.141 0.14 0.139 0.139 0.138 0.137 0.137 0.136 0.161 0.16 0.159 0.159 0.159 0.158 0.158 0.157 0.157 0.157 0.156 0.156 0.156 0.156 0.155 0.155 0.155 0.155 0.155 0.154 0.154 0.154 0.154 0.154 0.154
-9999.0 -9999.0 -9999.0 -9999.0 -9999.0 -9999.0 -9999.0 -9999.0 -9999.0 -9999.0 -9999.0 -9999.0 -9999.0 -9999.0 -9999.0 -9999.0 -9999.0 -9999.0 -9999.0 -9999.0 -9999.0 -9999.0 -9999.0 -9999.0 -9999.0 -9999.0 -9999.0 -9999.0 -9999.0 -9999.0 -9999.0 -9999.0 -9999.0 -9999.0 -9999.0 0.108 0.107 0.106 0.105 0.104 0.103 0.102 0.101 0.101 0.1 0.099 0.098 0.098 0.097 0.179 0.103 0.102 0.102 0.101 0.101 0.1 0.1 0.1 0.099 0.099 0.099 0.098 0.098 0.098 0.098 0.097 0.097 0.097 0.097 0.166 0.165 0.165 0.137 0.137
-9999.0 -9999.0 -9999.0 -9999.0 -9999.0 -9999.0 -9999.0 -9999.0 -9999.0 -9999.0 -9999.0 -9999.0 -9999.0 -9999.0 -9999.0 -9999.0 -9999.0 -9999.0 -9999.0 -9999.0 -9999.0 -9999.0 -9999.0 -9999.0 -9999.0 -9999.0 -9999.0 -9999.0 -9999.0 -9999.0 -9999.0 -9999.0 -9999.0 -9999.0 -9999.0 0.169 0.168 0.167 0.166 0.165 0.164 0.163 0.162 0.162 0.161 0.16 0.16 0.159 0.158 0.158 0.165 0.164 0.164 0.163 0.163 0.163 0.162 0.168 0.168 0.167 0.167 0.167 0.166 0.166 0.166 0.17 0.096 0.095 0.095 0.095 0.095 0.095 0.094 0.094
-9999.0 -9999.0 -9999.0 -9999.0 -9999.0 -9999.0 -9999.0 -9999.0 -9999.0 -9999.0 -9999.0 -9999.0 -9999.0 -9999.0 -9999.0 -9999.0 -9999.0 -9999.0 -9999.0 -9999.0 -9999.0 -9999.0 -9999.0 -9999.0 -9999.0 -9999.0 -9999.0 -9999.0 -9999.0 -9999.0 -9999.0 -9999.0 -9999.0 -9999.0 0.119 0.118 0.117 0.116 0.115 0.114 0.113 0.112 0.111 0.11 0.11 0.109 0.108 0.108 0.107 0.106 0.106 0.105 0.105 0.104 0.104 0.103 0.103 0.102 0.102 0.102 0.101 0.101 0.101 0.1 0.1 0.1 0.1 0.099 0.099 0.099 0.099 0.098 0.098 0.098
-9999.0 -9999.0 -9999.0 -9999.0 -9999.0 -9999.0 -9999.0 -9999.0 -9999.0 -9999.0 -9999.0 -9999.0 -9999.0 -9999.0 -9999.0 -9999.0 -9999.0 -9999.0 -9999.0 -9999.0 -9999.0 -9999.0 -9999.0 -9999.0 -9999.0 -9999.0 -9999.0 -9999.0 -9999.0 -9999.0 -9999.0 -9999.0 -9999.0 -9999.0 -9999.0 0.211 0.209 0.143 0.142 0.141 0.14 0.139 0.139 0.138 0.137 0.136 0.135 0.135 0.134 0.134 0.133 0.132 0.132 0.131 0.131 0.13 0.181 0.111 0.11 0.11 0.109 0.109 0.176 0.122 0.121 0.121 0.121 0.12 0.12 0.12 0.12 0.119 0.119 0.17
-9999.0 -9999.0 -9999.0 -9999.0 -9999.0 -9999.0 -9999.0 -9999.0 -9999.0 -9999.0 -9999.0 -9999.0 -9999.0 -9999.0 -9999.0 -9999.0 -9999.0 -9999.0 -9999.0 -9999.0 -9999.0 -9999.0 -9999.0 -9999.0 -9999.0 -9999.0 -9999.0 -9999.0 -9999.0 -9999.0 -9999.0 -9999.0 -9999.0 -9999.0 -9999.0 0.215 0.121 0.12 0.119 0.118 0.117 0.116 0.115 0.114 0.113 0.113 0.112 0.111 0.11 0.11 0.109 0.109 0.108 0.108 0.107 0.107 0.106 0.106 0.105 0.105 0.104 0.104 0.177 0.177 0.178 0.174 0.174 0.173 0.173 0.173 0.173 0.172 0.172 0.172
-9999.0 -9999.0 -9999.0 -9999.0 -9999.0 -9999.0 -9999.0 -9999.0 -9999.0 -9999.0 -9999.0 -9999.0 -9999.0 -9999.0 -9999.0 -9999.0 -9999.0 -9999.0 -9999.0 -9999.0 -9999.0 0.159 -9999.0 -9999.0 -9999.0 -9999.0 -9999.0 -9999.0 -9999.0 -9999.0 -9999.0 -9999.0 -9999.0 -9999.0 0.141 0.14 0.139 0.138 0.137 0.136 0.135 0.134 0.133 0.133 0.132 0.131 0.13 0.129 0.129 0.128 0.127 0.127 0.126 0.126 0.125 0.125 0.124 0.124 0.123 0.123 0.122 0.122 0.122 0.121 0.121 0.121 0.12 0.12 0.12 0.119 0.119 0.119 0.118 0.118
-9999.0 -9999.0 -9999.0 -9999.0 -9999.0 -9999.0 -9999.0 -9999.0 -9999.0 -9999.0 -9999.0 -9999.0 -9999.0 -9999.0 -9999.0 -9999.0 0.179 0.177 0.176 0.174 0.172 0.171 0.169 0.167 0.166 0.164 0.163 -9999.0 -9999.0 -9999.0 -9999.0 -9999.0 -9999.0 -9999.0 0.153 0.152 0.15 0.149 0.148 0.147 0.146 0.145 0.145 0.144 0.143 0.142 0.141 0.141 0.14 0.139 0.138 0.138 0.137 0.137 0.136 0.136 0.135 0.135 0.134 0.134 0.133 0.133 0.132 0.132 0.132 0.131 0.131 0.131 0.13 0.13 0.13 0.129 0.129 0.129
-9999.0 -9999.0 -9999.0 -9999.0 -9999.0 -9999.0 -9999.0 -9999.0 -9999.0 -9999.0 -9999.0 -9999.0 -9999.0 -9999.0 0.234 0.232 0.23 0.229 0.227 0.225 0.223 0.222 0.22 0.219 0.217 0.216 0.214 0.213 -9999.0 -9999.0 -9999.0 -9999.0 0.206 0.205 0.204 0.203 0.201 0.2 0.199 0.198 0.197 0.196 0.195 0.195 0.194 0.193 0.192 0.191 0.191 0.19 0.189 0.189 0.188 0.187 0.187 0.186 0.186 0.185 0.185 0.184 0.184 0.183 0.183 0.182 0.182 0.182 0.181 0.181 0.181 0.18 0.18 0.179 0.179 0.179
-9999.0 -9999.0 -9999.0 -9999.0 -9999.0 -9999.0 -9999.0 -9999.0 -9999.0 -9999.0 -9999.0 -9999.0 -9999.0 -9999.0 0.18 0.179 0.177 0.175 0.173 0.171 0.17 0.168 0.167 0.165 0.163 0.162 0.16 0.159 0.158 0.156 0.155 0.154 0.152 0.151 0.15 0.149 0.147 0.146 0.145 0.144 0.143 0.142 0.141 0.14 0.14 0.139 0.138 0.137 0.136 0.136 0.135 0.134 0.134 0.133 0.132 0.132 0.131 0.131 0.13 0.13 0.129 0.129 0.128 0.128 0.127 0.127 0.127 0.126 0.126 0.126 0.125 0.125 0.124 0.124
-9999.0 -9999.0 -9999.0 -9999.0 -9999.0 -9999.0 -9999.0 -9999.0 -9999.0 -9999.0 -9999.0 -9999.0 0.178 0.176 0.174 0.172 0.171 0.169 0.167 0.165 0.164 0.162 0.16 0.159 0.157 0.156 0.154 0.153 0.151 0.15 0.148 0.147 0.146 0.145 0.143 0.142 0.141 0.14 0.139 0.138 0.137 0.136 0.135 0.134 0.133 0.132 0.131 0.13 0.13 0.129 0.128 0.127 0.127 0.126 0.126 0.125 0.124 0.124 0.123 0.123 0.122 0.122 0.121 0.121 0.12 0.12 0.12 0.119 0.119 0.118 0.118 0.118 0.117 0.117
-9999.0 -9999.0 -9999.0 -9999.0 -9999.0 -9999.0 -9999.0 -9999.0 -9999.0 -9999.0 -9999.0 -9999.0 -9999.0 0.224 0.222 0.22 0.218 0.216 0.214 0.213 0.211 0.209 0.208 0.206 0.204 0.203 0.201 0.2 0.198 0.197 0.196 0.194 0.193 0.192 0.19 0.189 0.188 0.187 0.186 0.185 0.184 0.183 0.182 0.181 0.18 0.179 0.178 0.177 0.176 0.176 0.175 0.174 0.173 0.173 0.172 0.172 0.171 0.17 0.17 0.169 0.169 0.168 0.168 0.167 0.167 0.166 0.166 0.165 0.165 0.165 0.164 0.164 0.163 0.163
-9999.0 -9999.0 -9999.0 -9999.0 -9999.0 -9999.0 -9999.0 -9999.0 -9999.0 -9999.0 -9999.0 -9999.0 -9999.0 0.214 0.212 0.21 0.208 0.206 0.205 0.203 0.201 0.199 0.198 0.196 0.194 0.195 0.191 0.19 0.188 0.187 0.185 0.184 0.183 0.181 0.18 0.179 0.178 0.177 0.175 0.174 0.173 0.172 0.171 0.17 0.169 0.168 0.168 0.167 0.166 0.165 0.164 0.164 0.163 0.162 0.162 0.161 0.16 0.16 0.159 0.159 0.158 0.157 0.157 0.156 0.156 0.155 0.155 0.155 0.154 0.154 0.153 0.153 0.152 0.152
-9999.0 -9999.0 -9999.0 -9999.0 -9999.0 -9999.0 -9999.0 -9999.0 -9999.0 -9999.0 -9999.0 -9999.0 -9999.0 0.182 0.18 0.178 0.176 0.174 0.172 0.171 0.169 0.167 0.165 0.164 0.162 0.161 0.159 0.158 0.156 0.155 0.153 0.152 0.15 0.149 0.148 0.147 0.145 0.144 0.143 0.142 0.141 0.14 0.139 0.138 0.137 0.136 0.135 0.134 0.133 0.132 0.132 0.131 0.13 0.129 0.129 0.128 0.127 0.127 0.126 0.126 0.125 0.124 0.124 0.123 0.123 0.122 0.122 0.121 0.121 0.12 0.12 0.12 0.119 0.119
-9999.0 -9999.0 -9999.0 -9999.0 -9999.0 -9999.0 -9999.0 -9999.0 -9999.0 -9999.0 -9999.0 -9999.0 -9999.0 0.261 0.259 0.257 0.256 0.254 0.252 0.25 0.248 0.247 0.245 0.243 0.242 0.24 0.238 0.237 0.235 0.234 0.232 0.231 0.23 0.228 0.227 0.226 0.224 0.223 0.222 0.221 0.22 0.219 0.218 0.217 0.216 0.215 0.214 0.213 0.212 0.211 0.21 0.21 0.209 0.208 0.207 0.207 0.206 0.205 0.205 0.204 0.204 0.203 0.202 0.202 0.201 0.201 0.2 0.2 0.199 0.199 0.198 0.198 0.197 0.197
-9999.0 -9999.0 -9999.0 -9999.0 -9999.0 -9999.0 -9999.0 -9999.0 -9999.0 -9999.0 -9999.0 -9999.0 0.209 0.207 0.205 0.203 0.201 0.199 0.197 0.195 0.194 0.192 0.19 0.188 0.187 0.185 0.184 0.182 0.18 0.179 0.177 0.176 0.175 0.173 0.172 0.171 0.169 0.168 0.167 0.166 0.165 0.164 0.163 0.161 0.16 0.16 0.159 0.158 0.157 0.156 0.155 0.154 0.153 0.153 0.152 0.151 0.151 0.15 0.149 0.149 0.148 0.147 0.147 0.146 0.146 0.145 0.145 0.144 0.143 0.143 0.142 0.142 0.141 0.141
-9999.0 -9999.0 -9999.0 -9999.0 -9999.0 -9999.0 -9999.0 -9999.0 -9999.0 0.182 0.18 0.178 0.176 0.174 0.172 0.17 0.168 0.166 0.164 0.163 0.161 0.159 0.157 0.156 0.154 0.152 0.151 0.149 0.147 0.146 0.144 0.143 0.142 0.14 0.139 0.138 0.136 0.135 0.134 0.133 0.131 0.13 0.129 0.128 0.127 0.126 0.125 0.124 0.123 0.122 0.122 0.121 0.12 0.119 0.118 0.118 0.117 0.116 0.116 0.115 0.114 0.114 0.113 0.112 0.112 0.111 0.111 0.11 0.11 0.109 0.109 0.108 0.108 0.107
-9999.0 -9999.0 -9999.0 -9999.0 -9999.0 -9999.0 -9999.0 -9999.0 -9999.0 0.212 0.21 0.207 0.205 0.203 0.201 0.199 0.197 0.195 0.194 0.192 0.19 0.188 0.186 0.184 0.183 0.181 0.179 0.178 0.176 0.175 0.173 0.172 0.17 0.169 0.168 0.166 0.165 0.164 0.162 0.161 0.16 0.159 0.158 0.157 0.156 0.155 0.154 0.153 0.152 0.151 0.15 0.149 0.148 0.147 0.147 0.146 0.145 0.144 0.144 0.143 0.142 0.142 0.141 0.14 0.14 0.139 0.139 0.138 0.137 0.137 0.136 0.136 0.135 0.135
-9999.0 -9999.0 -9999.0 -9999.0 -9999.0 -9999.0 -9999.0 -9999.0 -9999.0 0.356 0.235 0.233 0.231 0.229 0.227 0.225 0.223 0.221 0.219 0.217 0.215 0.213 0.211 0.21 0.208 0.206 0.205 0.203 0.201 0.2 0.198 0.197 0.195 0.194 0.192 0.191 0.19 0.189 0.187 0.186 0.185 0.184 0.183 0.181 0.18 0.179 0.178 0.177 0.176 0.175 0.174 0.174 0.173 0.172 0.171 0.17 0.17 0.169 0.168 0.167 0.167 0.166 0.165 0.165 0.164 0.163 0.163 0.162 0.162 0.161 0.16 0.16 0.159 0.159
-9999.0 -9999.0 -9999.0 -9999.0 -9999.0 -9999.0 -9999.0 -9999.0 -9999.0 0.171 0.166 0.164 0.162 0.16 0.158 0.156 0.154 0.152 0.15 0.148 0.146 0.144 0.142 0.14 0.139 0.137 0.135 0.134 0.132 0.13 0.129 0.127 0.126 0.124 0.123 0.122 0.12 0.119 0.118 0.116 0.115 0.114 0.113 0.112 0.111 0.11 0.108 0.107 0.106 0.106 0.105 0.104 0.103 0.102 0.101 0.1 0.1 0.099 0.098 0.097 0.097 0.096 0.095 0.094 0.094 0.093 0.093 0.092 0.091 0.091 0.09 0.09 0.089 0.088
-9999.0 -9999.0 -9999.0 -9999.0 -9999.0 -9999.0 -9999.0 -9999.0 -9999.0 0.228 0.223 0.219 0.217 0.214 0.212 0.21 0.208 0.206 0.204 0.202 0.2 0.199 0.197 0.195 0.193 0.191 0.19 0.188 0.186 0.185 0.183 0.182 0.18 0.179 0.177 0.176 0.174 0.173 0.172 0.17 0.169 0.168 0.167 0.166 0.165 0.163 0.162 0.161 0.16 0.159 0.158 0.158 0.157 0.156 0.155 0.154 0.153 0.152 0.152 0.151 0.15 0.149 0.149 0.148 0.147 0.147 0.146 0.145 0.145 0.144 0.144 0.143 0.142 0.142
-9999.0 -9999.0 -9999.0 -9999.0 -9999.0 -9999.0 -9999.0 -9999.0 0.223 0.218 0.214 0.209 0.205 0.203 0.201 0.198 0.196 0.194 0.192 0.19 0.188 0.187 0.185 0.183 0.181 0.179 0.178 0.176 0.174 0.173 0.171 0.169 0.168 0.167 0.165 0.163 0.162 0.161 0.159 0.158 0.157 0.156 0.154 0.153 0.152 0.151 0.15 0.149 0.148 0.147 0.146 0.145 0.144 0.143 0.142 0.141 0.14 0.14 0.139 0.138 0.137 0.136 0.136 0.135 0.134 0.134 0.133 0.132 0.132 0.131 0.13 0.13 0.129 0.129
-9999.0 -9999.0 -9999.0 -9999.0 -9999.0 -9999.0 -9999.0 -9999.0 0.229 0.224 0.219 0.215 0.21 0.206 0.204 0.202 0.199 0.197 0.195 0.193 0.191 0.19 0.188 0.186 0.184 0.182 0.18 0.179 0.177 0.175 0.174 0.172 0.171 0.169 0.168 0.166 0.165 0.163 0.162 0.161 0.159 0.159 0.157 0.156 0.154 0.153 0.152 0.151 0.15 0.149 0.148 0.147 0.146 0.145 0.144 0.143 0.142 0.142 0.141 0.14 0.139 0.138 0.138 0.137 0.136 0.136 0.135 0.134 0.133 0.133 0.132 0.131 0.131 0.13
-9999.0 -9999.0 -9999.0 -9999.0 -9999.0 -9999.0 -9999.0 -9999.0 0.209 0.204 0.199 0.195 0.19 0.186 0.181 0.179 0.177 0.175 0.173 0.171 0.169 0.167 0.165 0.163 0.161 0.159 0.158 0.156 0.154 0.152 0.151 0.149 0.148 0.146 0.145 0.143 0.142 0.14 0.139 0.137 0.136 0.135 0.134 0.132 0.131 0.13 0.129 0.128 0.127 0.126 0.125 0.124 0.123 0.122 0.121 0.12 0.119 0.118 0.117 0.116 0.116 0.115 0.114 0.113 0.113 0.112 0.111 0.11 0.11 0.109 0.108 0.108 0.107 0.106
-9999.0 -9999.0 -9999.0 -9999.0 -9999.0 -9999.0 -9999.0 -9999.0 -9999.0 0.209 0.204 0.199 0.194 0.19 0.185 0.181 0.176 0.174 0.172 0.17 0.168 0.166 0.164 0.162 0.16 0.159 0.157 0.155 0.153 0.152 0.15 0.148 0.147 0.145 0.144 0.142 0.141 0.139 0.138 0.136 0.135 0.134 0.132 0.131 0.13 0.129 0.128 0.126 0.125 0.124 0.123 0.122 0.121 0.12 0.119 0.118 0.117 0.117 0.116 0.115 0.114 0.113 0.112 0.112 0.111 0.11 0.109 0.109 0.108 0.107 0.106 0.106 0.105 0.104
-9999.0 -9999.0 -9999.0 -9999.0 -9999.0 -9999.0 -9999.0 -9999.0 -9999.0 -9999.0 0.209 0.204 0.199 0.195 0.19 0.186 0.181 0.177 0.175 0.173 0.171 0.169 0.167 0.165 0.163 0.161 0.159 0.157 0.155 0.16 0.152 0.15 0.149 0.147 0.146 0.144 0.143 0.142 0.14 0.138 0.137 0.136 0.137 0.139 0.132 0.13 0.129 0.128 0.127 0.126 0.125 0.124 0.123 0.122 0.121 0.12 0.119 0.118 0.117 0.116 0.115 0.114 0.114 0.113 0.112 0.111 0.11 0.11 0.109 0.108 0.108 0.107 0.106 0.105
-9999.0 -9999.0 -9999.0 -9999.0 -9999.0 -9999.0 -9999.0 -9999.0 -9999.0 -9999.0 -9999.0 0.244 0.24 0.235 0.23 0.226 0.221 0.217 0.212 0.21 0.208 0.206 0.204 0.202 0.2 0.198 0.197 0.195 0.193 0.191 0.189 0.188 0.186 0.184 0.183 0.181 0.18 0.178 0.177 0.181 0.174 0.173 0.171 0.17 0.169 0.167 0.166 0.165 0.164 0.163 0.163 0.161 0.16 0.159 0.158 0.157 0.156 0.155 0.154 0.153 0.152 0.151 0.15 0.149 0.149 0.148 0.147 0.146 0.145 0.145 0.144 0.143 0.142 0.142
-9999.0 -9999.0 -9999.0 -9999.0 -9999.0 -9999.0 -9999.0 -9999.0 -9999.0 -9999.0 -9999.0 0.253 0.248 0.243 0.239 0.234 0.229 0.225 0.22 0.216 0.214 0.212 0.21 0.208 0.206 0.204 0.202 0.2 0.198 0.197 0.195 0.193 0.192 0.19 0.188 0.187 0.185 0.184 0.182 0.181 0.179 0.178 0.177 0.175 0.174 0.173 0.171 0.17 0.169 0.168 0.167 0.166 0.165 0.163 0.162 0.163 0.16 0.159 0.159 0.158 0.157 0.156 0.155 0.154 0.153 0.152 0.152 0.151 0.15 0.149 0.149 0.148 0.147 0.146
-9999.0 -9999.0 -9999.0 -9999.0 -9999.0 -9999.0 -9999.0 -9999.0 -9999.0 -9999.0 -9999.0 -9999.0 0.198 0.194 0.189 0.184 0.18 0.175 0.171 0.166 0.162 0.157 0.155 0.153 0.151 0.149 0.148 0.152 0.144 0.142 0.14 0.138 0.137 0.135 0.133 0.132 0.13 0.129 0.127 0.126 0.124 0.123 0.121 0.12 0.119 0.118 0.116 0.115 0.114 0.113 0.111 0.11 0.109 0.11 0.107 0.106 0.105 0.104 0.103 0.102 0.101 0.1 0.099 0.099 0.098 0.097 0.096 0.095 0.094 0.094 0.093 0.092 0.091 0.091
