static/jobfarm/user_models/minyf/common/HOME-GBHM/输出文件/Output/Grids/snowmelt20020223.asc
ncols 221
nrows 204
xllcorner -627000.0
yllcorner 3955000.0
cellsize 900.0
NODATA_value -9999.0
[rows 66 to 98 of 204, columns 74 to 147 of 221]
5.485 5.487 5.489 5.492 5.495 5.498 5.501 5.504 5.507 5.511 5.514 5.518 5.522 5.525 5.529 5.533 5.537 5.541 5.545 5.549 5.553 5.557 5.561 5.566 5.57 5.574 5.578 5.582 5.586 5.59 5.594 5.598 5.602 5.606 5.609 5.613 5.617 5.621 5.624 5.628 5.631 5.635 5.638 5.642 5.645 5.648 5.652 5.655 5.658 5.661 5.665 5.668 5.671 5.675 5.678 5.681 5.685 5.689 5.692 5.696 5.7 5.705 5.709 5.714 5.719 5.724 5.729 5.735 5.741 5.748 5.755 5.762 5.77 5.779
5.496 5.498 5.5 5.502 5.505 5.508 5.511 5.514 5.517 5.52 5.523 5.527 5.53 5.534 5.537 5.541 5.545 5.549 5.553 5.557 5.56 5.564 5.568 5.572 5.576 5.58 5.584 5.588 5.592 5.596 5.6 5.604 5.608 5.612 5.615 5.619 5.623 5.627 5.63 5.634 5.637 5.641 5.644 5.648 5.651 5.655 5.658 5.661 5.665 5.668 5.671 5.675 5.678 5.682 5.686 5.689 5.693 5.697 5.701 5.705 5.709 5.714 5.718 5.723 5.729 5.734 5.74 5.746 5.752 5.759 5.766 5.774 5.782 5.791
5.509 5.511 5.513 5.515 5.517 5.52 5.522 5.525 5.528 5.531 5.534 5.538 5.541 5.544 5.548 5.551 5.555 5.559 5.562 5.566 5.57 5.574 5.578 5.582 5.585 5.589 5.593 5.597 5.601 5.605 5.609 5.612 5.616 5.62 5.624 5.627 5.631 5.635 5.638 5.642 5.645 5.649 5.653 5.656 5.66 5.663 5.666 5.67 5.673 5.677 5.681 5.684 5.688 5.691 5.695 5.699 5.703 5.707 5.711 5.716 5.72 5.725 5.73 5.735 5.74 5.746 5.752 5.759 5.765 5.772 5.78 5.788 5.796 5.805
5.519 5.521 5.523 5.525 5.527 5.53 5.532 5.535 5.537 5.54 5.543 5.546 5.549 5.553 5.556 5.559 5.563 5.566 5.57 5.574 5.577 5.581 5.585 5.588 5.592 5.596 5.6 5.603 5.607 5.611 5.615 5.618 5.622 5.626 5.63 5.633 5.637 5.641 5.644 5.648 5.651 5.655 5.658 5.662 5.666 5.669 5.673 5.676 5.68 5.683 5.687 5.691 5.695 5.698 5.702 5.706 5.711 5.715 5.719 5.724 5.729 5.734 5.739 5.744 5.75 5.756 5.762 5.769 5.776 5.783 5.791 5.799 5.808 5.817
5.532 5.534 5.535 5.537 5.539 5.541 5.544 5.546 5.549 5.551 5.554 5.557 5.56 5.563 5.566 5.569 5.573 5.576 5.58 5.583 5.587 5.59 5.594 5.597 5.601 5.605 5.608 5.612 5.616 5.619 5.623 5.627 5.63 5.634 5.638 5.641 5.645 5.649 5.652 5.656 5.659 5.663 5.667 5.67 5.674 5.677 5.681 5.685 5.688 5.692 5.696 5.7 5.704 5.708 5.712 5.716 5.72 5.725 5.729 5.734 5.739 5.744 5.749 5.755 5.761 5.767 5.774 5.78 5.788 5.795 5.803 5.812 5.821 5.83
5.543 5.544 5.545 5.547 5.549 5.551 5.553 5.555 5.558 5.56 5.563 5.566 5.568 5.571 5.574 5.577 5.58 5.584 5.587 5.59 5.594 5.597 5.601 5.604 5.608 5.611 5.615 5.618 5.622 5.625 5.629 5.633 5.636 5.64 5.643 5.647 5.651 5.654 5.658 5.661 5.665 5.669 5.672 5.676 5.68 5.683 5.687 5.691 5.695 5.698 5.702 5.706 5.71 5.714 5.719 5.723 5.727 5.732 5.737 5.742 5.747 5.752 5.758 5.764 5.77 5.776 5.783 5.79 5.797 5.805 5.813 5.822 5.831 5.84
5.555 5.556 5.558 5.559 5.561 5.562 5.564 5.567 5.569 5.571 5.574 5.576 5.579 5.581 5.584 5.587 5.59 5.593 5.596 5.6 5.603 5.606 5.609 5.613 5.616 5.62 5.623 5.627 5.63 5.634 5.637 5.641 5.644 5.648 5.651 5.655 5.658 5.662 5.666 5.669 5.673 5.677 5.68 5.684 5.688 5.691 5.695 5.699 5.703 5.707 5.711 5.715 5.719 5.723 5.727 5.732 5.737 5.741 5.746 5.751 5.757 5.762 5.768 5.774 5.78 5.787 5.794 5.801 5.808 5.816 5.825 5.833 5.843 5.852
5.565 5.566 5.567 5.569 5.57 5.572 5.574 5.576 5.578 5.58 5.582 5.584 5.587 5.589 5.592 5.595 5.598 5.601 5.604 5.607 5.61 5.613 5.616 5.619 5.623 5.626 5.629 5.633 5.636 5.64 5.643 5.647 5.65 5.654 5.657 5.661 5.664 5.668 5.671 5.675 5.678 5.682 5.686 5.69 5.693 5.697 5.701 5.705 5.709 5.713 5.717 5.721 5.725 5.729 5.734 5.739 5.743 5.748 5.753 5.758 5.764 5.77 5.775 5.782 5.788 5.795 5.802 5.809 5.817 5.825 5.833 5.842 5.852 5.862
5.577 5.578 5.579 5.58 5.582 5.583 5.585 5.586 5.588 5.59 5.592 5.595 5.597 5.599 5.602 5.605 5.607 5.61 5.613 5.616 5.619 5.622 5.625 5.628 5.631 5.634 5.638 5.641 5.644 5.648 5.651 5.654 5.658 5.661 5.665 5.668 5.672 5.675 5.679 5.682 5.686 5.69 5.693 5.697 5.701 5.705 5.709 5.712 5.716 5.721 5.725 5.729 5.733 5.738 5.742 5.747 5.752 5.757 5.762 5.767 5.773 5.779 5.785 5.791 5.798 5.805 5.812 5.819 5.827 5.835 5.844 5.853 5.862 5.872
5.587 5.588 5.589 5.59 5.591 5.592 5.594 5.595 5.597 5.599 5.601 5.603 5.605 5.607 5.61 5.612 5.615 5.617 5.62 5.623 5.626 5.628 5.631 5.634 5.637 5.641 5.644 5.647 5.65 5.653 5.657 5.66 5.663 5.667 5.67 5.674 5.677 5.681 5.684 5.688 5.691 5.695 5.699 5.702 5.706 5.71 5.714 5.718 5.722 5.726 5.73 5.735 5.739 5.744 5.748 5.753 5.758 5.763 5.768 5.774 5.78 5.786 5.792 5.798 5.805 5.812 5.819 5.827 5.835 5.843 5.852 5.861 5.87 5.881
5.599 5.6 5.6 5.601 5.602 5.603 5.605 5.606 5.607 5.609 5.611 5.613 5.615 5.617 5.619 5.621 5.624 5.626 5.629 5.632 5.634 5.637 5.64 5.643 5.646 5.649 5.652 5.655 5.658 5.661 5.664 5.668 5.671 5.674 5.678 5.681 5.684 5.688 5.691 5.695 5.699 5.702 5.706 5.71 5.714 5.717 5.721 5.725 5.729 5.734 5.738 5.742 5.747 5.751 5.756 5.761 5.766 5.771 5.777 5.782 5.788 5.794 5.8 5.807 5.814 5.821 5.828 5.836 5.844 5.852 5.861 5.87 5.88 5.89
5.609 5.609 5.61 5.61 5.611 5.612 5.613 5.615 5.616 5.617 5.619 5.621 5.623 5.625 5.627 5.629 5.631 5.633 5.636 5.638 5.641 5.644 5.646 5.649 5.652 5.655 5.658 5.661 5.664 5.667 5.67 5.673 5.676 5.68 5.683 5.686 5.69 5.693 5.697 5.7 5.704 5.707 5.711 5.715 5.719 5.723 5.727 5.731 5.735 5.739 5.743 5.748 5.752 5.757 5.762 5.767 5.772 5.777 5.783 5.788 5.794 5.8 5.806 5.813 5.82 5.827 5.835 5.842 5.85 5.859 5.868 5.877 5.887 5.897
5.621 5.621 5.621 5.622 5.622 5.623 5.624 5.625 5.626 5.627 5.629 5.63 5.632 5.634 5.636 5.638 5.64 5.642 5.644 5.647 5.649 5.652 5.654 5.657 5.66 5.663 5.665 5.668 5.671 5.674 5.677 5.68 5.684 5.687 5.69 5.693 5.697 5.7 5.704 5.707 5.711 5.714 5.718 5.722 5.726 5.729 5.733 5.737 5.742 5.746 5.75 5.755 5.759 5.764 5.769 5.774 5.779 5.784 5.79 5.796 5.802 5.808 5.814 5.821 5.828 5.835 5.843 5.85 5.859 5.867 5.876 5.885 5.895 5.905
5.63 5.63 5.63 5.631 5.631 5.632 5.632 5.633 5.634 5.636 5.637 5.638 5.64 5.641 5.643 5.645 5.647 5.649 5.651 5.653 5.656 5.658 5.661 5.663 5.666 5.668 5.671 5.674 5.677 5.68 5.683 5.686 5.689 5.692 5.695 5.698 5.702 5.705 5.709 5.712 5.716 5.719 5.723 5.727 5.73 5.734 5.738 5.742 5.747 5.751 5.755 5.76 5.764 5.769 5.774 5.779 5.784 5.79 5.795 5.801 5.807 5.813 5.82 5.826 5.833 5.841 5.848 5.856 5.864 5.873 5.882 5.891 5.901 5.911
5.641 5.641 5.641 5.641 5.642 5.642 5.643 5.643 5.644 5.645 5.646 5.648 5.649 5.651 5.652 5.654 5.656 5.658 5.66 5.662 5.664 5.666 5.669 5.671 5.674 5.676 5.679 5.681 5.684 5.687 5.69 5.693 5.696 5.699 5.702 5.705 5.709 5.712 5.715 5.719 5.722 5.726 5.729 5.733 5.737 5.741 5.745 5.749 5.753 5.757 5.762 5.766 5.771 5.776 5.781 5.786 5.791 5.796 5.802 5.808 5.814 5.82 5.826 5.833 5.84 5.848 5.855 5.863 5.871 5.88 5.889 5.898 5.908 5.918
5.651 5.65 5.65 5.65 5.65 5.651 5.651 5.652 5.652 5.653 5.654 5.655 5.656 5.658 5.659 5.661 5.663 5.664 5.666 5.668 5.67 5.672 5.675 5.677 5.679 5.682 5.684 5.687 5.69 5.692 5.695 5.698 5.701 5.704 5.707 5.71 5.713 5.717 5.72 5.723 5.727 5.73 5.734 5.738 5.741 5.745 5.749 5.753 5.757 5.762 5.766 5.771 5.775 5.78 5.785 5.79 5.795 5.801 5.806 5.812 5.818 5.825 5.831 5.838 5.845 5.852 5.86 5.868 5.876 5.884 5.893 5.903 5.912 5.922
5.662 5.661 5.661 5.661 5.661 5.661 5.661 5.661 5.662 5.663 5.663 5.664 5.665 5.667 5.668 5.669 5.671 5.673 5.674 5.676 5.678 5.68 5.682 5.684 5.687 5.689 5.692 5.694 5.697 5.699 5.702 5.705 5.708 5.711 5.713 5.717 5.72 5.723 5.726 5.729 5.733 5.736 5.74 5.744 5.747 5.751 5.755 5.759 5.763 5.768 5.772 5.777 5.781 5.786 5.791 5.796 5.801 5.807 5.812 5.818 5.824 5.831 5.837 5.844 5.851 5.858 5.866 5.874 5.882 5.89 5.899 5.908 5.918 5.928
5.671 5.67 5.669 5.669 5.669 5.669 5.669 5.669 5.67 5.67 5.671 5.672 5.673 5.674 5.675 5.676 5.678 5.679 5.681 5.682 5.684 5.686 5.688 5.69 5.692 5.695 5.697 5.699 5.702 5.704 5.707 5.71 5.712 5.715 5.718 5.721 5.724 5.727 5.731 5.734 5.737 5.741 5.744 5.748 5.752 5.755 5.759 5.763 5.767 5.772 5.776 5.781 5.785 5.79 5.795 5.8 5.805 5.811 5.816 5.822 5.828 5.834 5.841 5.848 5.855 5.862 5.869 5.877 5.885 5.894 5.903 5.912 5.921 5.931
5.681 5.68 5.68 5.679 5.679 5.679 5.679 5.679 5.679 5.679 5.68 5.681 5.681 5.682 5.683 5.684 5.686 5.687 5.689 5.69 5.692 5.694 5.695 5.697 5.699 5.702 5.704 5.706 5.708 5.711 5.713 5.716 5.719 5.721 5.724 5.727 5.73 5.733 5.736 5.74 5.743 5.746 5.75 5.753 5.757 5.761 5.765 5.769 5.773 5.777 5.781 5.786 5.791 5.795 5.8 5.805 5.811 5.816 5.822 5.827 5.833 5.84 5.846 5.853 5.86 5.867 5.874 5.882 5.89 5.899 5.907 5.916 5.926 5.935
5.69 5.689 5.688 5.688 5.687 5.687 5.686 5.686 5.687 5.687 5.687 5.688 5.688 5.689 5.69 5.691 5.692 5.693 5.695 5.696 5.698 5.699 5.701 5.703 5.705 5.707 5.709 5.711 5.713 5.716 5.718 5.721 5.723 5.726 5.729 5.732 5.734 5.737 5.741 5.744 5.747 5.75 5.754 5.757 5.761 5.765 5.768 5.772 5.776 5.781 5.785 5.789 5.794 5.799 5.804 5.809 5.814 5.819 5.825 5.831 5.837 5.843 5.849 5.856 5.863 5.87 5.877 5.885 5.893 5.901 5.91 5.919 5.928 5.938
5.7 5.699 5.698 5.697 5.697 5.696 5.696 5.696 5.696 5.696 5.696 5.696 5.697 5.697 5.698 5.699 5.7 5.701 5.702 5.704 5.705 5.707 5.708 5.71 5.712 5.714 5.716 5.718 5.72 5.722 5.724 5.727 5.729 5.732 5.735 5.737 5.74 5.743 5.746 5.749 5.752 5.756 5.759 5.762 5.766 5.77 5.773 5.777 5.781 5.786 5.79 5.794 5.799 5.803 5.808 5.813 5.818 5.824 5.829 5.835 5.841 5.847 5.853 5.86 5.867 5.874 5.881 5.889 5.897 5.905 5.913 5.922 5.931 5.941
5.709 5.708 5.706 5.705 5.705 5.704 5.703 5.703 5.703 5.703 5.703 5.703 5.703 5.704 5.705 5.705 5.706 5.707 5.708 5.709 5.711 5.712 5.714 5.715 5.717 5.719 5.72 5.722 5.725 5.727 5.729 5.731 5.734 5.736 5.739 5.741 5.744 5.747 5.75 5.753 5.756 5.759 5.762 5.766 5.769 5.773 5.777 5.781 5.785 5.789 5.793 5.797 5.802 5.806 5.811 5.816 5.821 5.826 5.832 5.837 5.843 5.849 5.856 5.862 5.869 5.876 5.883 5.89 5.898 5.906 5.915 5.923 5.932 5.941
5.719 5.717 5.716 5.715 5.714 5.713 5.712 5.712 5.712 5.711 5.711 5.711 5.712 5.712 5.712 5.713 5.714 5.715 5.715 5.717 5.718 5.719 5.72 5.722 5.723 5.725 5.727 5.729 5.731 5.733 5.735 5.737 5.739 5.742 5.744 5.747 5.749 5.752 5.755 5.758 5.761 5.764 5.767 5.771 5.774 5.778 5.781 5.785 5.789 5.793 5.797 5.801 5.806 5.81 5.815 5.82 5.825 5.83 5.835 5.841 5.847 5.853 5.859 5.865 5.872 5.879 5.886 5.893 5.901 5.909 5.917 5.925 5.934 5.943
5.727 5.726 5.724 5.723 5.722 5.721 5.72 5.719 5.719 5.718 5.718 5.718 5.718 5.718 5.719 5.719 5.72 5.72 5.721 5.722 5.723 5.724 5.726 5.727 5.728 5.73 5.731 5.733 5.735 5.737 5.739 5.741 5.743 5.746 5.748 5.75 5.753 5.756 5.758 5.761 5.764 5.767 5.77 5.774 5.777 5.78 5.784 5.788 5.792 5.795 5.8 5.804 5.808 5.813 5.817 5.822 5.827 5.832 5.837 5.843 5.848 5.854 5.86 5.867 5.873 5.88 5.887 5.894 5.901 5.909 5.917 5.925 5.934 5.943
5.737 5.735 5.733 5.732 5.731 5.73 5.729 5.728 5.727 5.727 5.726 5.726 5.726 5.726 5.726 5.727 5.727 5.728 5.728 5.729 5.73 5.731 5.732 5.733 5.735 5.736 5.737 5.739 5.741 5.743 5.745 5.747 5.749 5.751 5.753 5.755 5.758 5.761 5.763 5.766 5.769 5.772 5.775 5.778 5.781 5.785 5.788 5.792 5.795 5.799 5.803 5.807 5.812 5.816 5.821 5.825 5.83 5.835 5.84 5.846 5.851 5.857 5.863 5.869 5.875 5.882 5.889 5.896 5.903 5.911 5.918 5.927 5.935 5.944
5.745 5.743 5.741 5.74 5.738 5.737 5.736 5.735 5.734 5.733 5.733 5.732 5.732 5.732 5.732 5.732 5.733 5.733 5.734 5.734 5.735 5.736 5.737 5.738 5.739 5.741 5.742 5.743 5.745 5.747 5.749 5.75 5.752 5.754 5.757 5.759 5.761 5.764 5.766 5.769 5.772 5.775 5.778 5.781 5.784 5.787 5.79 5.794 5.798 5.801 5.805 5.809 5.813 5.818 5.822 5.827 5.831 5.836 5.841 5.847 5.852 5.858 5.864 5.87 5.876 5.882 5.889 5.896 5.903 5.91 5.918 5.926 5.934 5.942
5.754 5.752 5.75 5.748 5.747 5.745 5.744 5.743 5.742 5.741 5.741 5.74 5.74 5.74 5.739 5.74 5.74 5.74 5.74 5.741 5.741 5.742 5.743 5.744 5.745 5.746 5.748 5.749 5.75 5.752 5.754 5.756 5.757 5.759 5.761 5.764 5.766 5.768 5.771 5.773 5.776 5.779 5.781 5.784 5.788 5.791 5.794 5.797 5.801 5.805 5.808 5.812 5.816 5.821 5.825 5.829 5.834 5.839 5.844 5.849 5.854 5.859 5.865 5.871 5.877 5.883 5.89 5.896 5.903 5.91 5.918 5.925 5.933 5.941
5.762 5.76 5.758 5.756 5.754 5.753 5.751 5.75 5.749 5.748 5.747 5.746 5.746 5.745 5.745 5.745 5.745 5.745 5.746 5.746 5.746 5.747 5.748 5.749 5.75 5.751 5.752 5.753 5.754 5.756 5.757 5.759 5.761 5.763 5.765 5.767 5.769 5.771 5.773 5.776 5.778 5.781 5.784 5.787 5.79 5.793 5.796 5.799 5.803 5.806 5.81 5.814 5.818 5.822 5.826 5.83 5.835 5.839 5.844 5.849 5.854 5.86 5.865 5.871 5.877 5.883 5.889 5.895 5.902 5.909 5.916 5.923 5.931 5.939
5.771 5.769 5.766 5.764 5.763 5.761 5.759 5.758 5.757 5.756 5.755 5.754 5.753 5.753 5.752 5.752 5.752 5.752 5.752 5.752 5.753 5.753 5.754 5.754 5.755 5.756 5.757 5.758 5.76 5.761 5.762 5.764 5.766 5.767 5.769 5.771 5.773 5.775 5.777 5.78 5.782 5.785 5.787 5.79 5.793 5.796 5.799 5.802 5.805 5.809 5.812 5.816 5.82 5.824 5.828 5.832 5.836 5.841 5.846 5.85 5.855 5.861 5.866 5.871 5.877 5.883 5.889 5.895 5.902 5.908 5.915 5.922 5.93 5.937
5.78 5.777 5.775 5.773 5.771 5.769 5.767 5.766 5.764 5.763 5.762 5.761 5.76 5.76 5.759 5.759 5.758 5.758 5.758 5.758 5.759 5.759 5.759 5.76 5.761 5.761 5.762 5.763 5.765 5.766 5.767 5.768 5.77 5.772 5.773 5.775 5.777 5.779 5.781 5.783 5.786 5.788 5.791 5.793 5.796 5.799 5.802 5.805 5.808 5.811 5.815 5.818 5.822 5.826 5.83 5.834 5.838 5.842 5.847 5.851 5.856 5.861 5.866 5.872 5.877 5.883 5.889 5.895 5.901 5.907 5.914 5.921 5.928 5.935
5.787 5.785 5.782 5.78 5.778 5.776 5.774 5.772 5.771 5.769 5.768 5.767 5.766 5.765 5.764 5.764 5.764 5.763 5.763 5.763 5.763 5.763 5.764 5.764 5.765 5.765 5.766 5.767 5.768 5.769 5.77 5.772 5.773 5.774 5.776 5.778 5.78 5.781 5.783 5.786 5.788 5.79 5.792 5.795 5.798 5.8 5.803 5.806 5.809 5.812 5.815 5.819 5.822 5.826 5.83 5.834 5.838 5.842 5.846 5.851 5.855 5.86 5.865 5.87 5.875 5.881 5.886 5.892 5.898 5.904 5.911 5.917 5.924 5.931
5.796 5.793 5.79 5.788 5.786 5.783 5.781 5.78 5.778 5.776 5.775 5.774 5.773 5.772 5.771 5.77 5.77 5.769 5.769 5.769 5.769 5.769 5.769 5.77 5.77 5.77 5.771 5.772 5.773 5.774 5.775 5.776 5.777 5.778 5.78 5.782 5.783 5.785 5.787 5.789 5.791 5.793 5.795 5.798 5.8 5.803 5.805 5.808 5.811 5.814 5.817 5.82 5.824 5.827 5.831 5.835 5.839 5.843 5.847 5.851 5.855 5.86 5.865 5.87 5.875 5.88 5.885 5.891 5.896 5.902 5.908 5.915 5.921 5.928
5.804 5.8 5.797 5.795 5.792 5.79 5.788 5.786 5.784 5.782 5.781 5.779 5.778 5.777 5.776 5.775 5.775 5.774 5.774 5.773 5.773 5.773 5.773 5.773 5.774 5.774 5.775 5.775 5.776 5.777 5.778 5.779 5.78 5.781 5.782 5.784 5.785 5.787 5.789 5.791 5.793 5.795 5.797 5.799 5.801 5.804 5.806 5.809 5.812 5.814 5.817 5.821 5.824 5.827 5.83 5.834 5.838 5.842 5.846 5.85 5.854 5.858 5.863 5.867 5.872 5.877 5.882 5.887 5.893 5.899 5.904 5.91 5.916 5.923
