static/jobfarm/user_models/minyf/common/HOME-GBHM/输出文件/Output/Grids/snowmelt20020223.asc
ncols 221
nrows 204
xllcorner -627000.0
yllcorner 3955000.0
cellsize 900.0
NODATA_value -9999.0
[rows 99 to 131 of 204, columns 74 to 147 of 221]
5.814 5.81 5.805 5.803 5.8 5.798 5.795 5.793 5.791 5.789 5.788 5.786 5.785 5.784 5.782 5.782 5.781 5.78 5.779 5.779 5.779 5.779 5.778 5.778 5.779 5.779 5.779 5.78 5.78 5.781 5.782 5.783 5.784 5.785 5.786 5.787 5.789 5.79 5.792 5.793 5.795 5.797 5.799 5.801 5.803 5.806 5.808 5.811 5.813 5.816 5.819 5.822 5.825 5.828 5.831 5.834 5.838 5.842 5.845 5.849 5.853 5.857 5.862 5.866 5.871 5.875 5.88 5.885 5.89 5.896 5.901 5.907 5.912 5.918
5.823 5.819 5.814 5.81 5.806 5.804 5.801 5.799 5.797 5.795 5.793 5.792 5.79 5.789 5.787 5.786 5.785 5.785 5.784 5.783 5.783 5.783 5.782 5.782 5.782 5.782 5.783 5.783 5.783 5.784 5.785 5.785 5.786 5.787 5.788 5.789 5.791 5.792 5.793 5.795 5.797 5.798 5.8 5.802 5.804 5.806 5.808 5.811 5.813 5.816 5.818 5.821 5.824 5.827 5.83 5.833 5.837 5.84 5.844 5.847 5.851 5.855 5.859 5.863 5.867 5.872 5.876 5.881 5.886 5.891 5.896 5.901 5.907 5.912
5.833 5.828 5.823 5.819 5.815 5.811 5.809 5.806 5.804 5.802 5.8 5.798 5.796 5.795 5.793 5.792 5.791 5.79 5.789 5.789 5.788 5.788 5.787 5.787 5.787 5.787 5.787 5.787 5.787 5.788 5.788 5.789 5.79 5.79 5.791 5.792 5.793 5.795 5.796 5.797 5.799 5.8 5.802 5.804 5.806 5.808 5.81 5.812 5.814 5.817 5.819 5.822 5.824 5.827 5.83 5.833 5.836 5.839 5.843 5.846 5.85 5.853 5.857 5.861 5.865 5.869 5.874 5.878 5.882 5.887 5.892 5.897 5.902 5.907
5.842 5.837 5.832 5.828 5.823 5.819 5.816 5.812 5.81 5.807 5.805 5.803 5.801 5.8 5.798 5.797 5.796 5.795 5.794 5.793 5.792 5.791 5.791 5.79 5.79 5.79 5.79 5.79 5.79 5.79 5.791 5.791 5.792 5.793 5.793 5.794 5.795 5.796 5.797 5.799 5.8 5.801 5.803 5.805 5.806 5.808 5.81 5.812 5.814 5.816 5.819 5.821 5.823 5.826 5.829 5.831 5.834 5.837 5.84 5.844 5.847 5.85 5.854 5.858 5.861 5.865 5.869 5.873 5.877 5.882 5.886 5.891 5.896 5.9
5.851 5.845 5.841 5.836 5.832 5.828 5.824 5.82 5.816 5.814 5.811 5.809 5.807 5.806 5.804 5.802 5.801 5.8 5.799 5.798 5.797 5.796 5.795 5.795 5.794 5.794 5.794 5.794 5.794 5.794 5.794 5.795 5.795 5.796 5.796 5.797 5.798 5.799 5.8 5.801 5.802 5.803 5.805 5.806 5.808 5.809 5.811 5.813 5.815 5.817 5.819 5.821 5.823 5.826 5.828 5.831 5.833 5.836 5.839 5.842 5.845 5.848 5.851 5.855 5.858 5.862 5.866 5.869 5.873 5.877 5.881 5.886 5.89 5.894
5.859 5.854 5.849 5.844 5.84 5.835 5.831 5.827 5.824 5.82 5.817 5.814 5.812 5.81 5.809 5.807 5.805 5.804 5.803 5.802 5.801 5.8 5.799 5.798 5.798 5.797 5.797 5.797 5.796 5.796 5.797 5.797 5.797 5.797 5.798 5.798 5.799 5.8 5.801 5.802 5.803 5.804 5.805 5.806 5.808 5.809 5.811 5.812 5.814 5.816 5.818 5.82 5.822 5.824 5.826 5.829 5.831 5.834 5.836 5.839 5.842 5.845 5.848 5.851 5.854 5.857 5.861 5.864 5.868 5.871 5.875 5.879 5.883 5.887
5.868 5.863 5.857 5.853 5.848 5.843 5.839 5.835 5.831 5.827 5.824 5.82 5.818 5.816 5.814 5.812 5.811 5.809 5.808 5.806 5.805 5.804 5.803 5.802 5.802 5.801 5.801 5.8 5.8 5.8 5.8 5.8 5.8 5.8 5.8 5.801 5.801 5.802 5.803 5.803 5.804 5.805 5.806 5.807 5.808 5.81 5.811 5.813 5.814 5.816 5.817 5.819 5.821 5.823 5.825 5.827 5.829 5.832 5.834 5.837 5.839 5.842 5.844 5.847 5.85 5.853 5.856 5.859 5.863 5.866 5.869 5.873 5.876 5.88
5.876 5.871 5.866 5.861 5.856 5.851 5.847 5.842 5.838 5.834 5.831 5.827 5.824 5.821 5.818 5.816 5.815 5.813 5.811 5.81 5.809 5.807 5.806 5.805 5.805 5.804 5.803 5.803 5.802 5.802 5.802 5.802 5.802 5.802 5.802 5.802 5.802 5.803 5.803 5.804 5.805 5.805 5.806 5.807 5.808 5.809 5.81 5.812 5.813 5.814 5.816 5.818 5.819 5.821 5.823 5.825 5.827 5.829 5.831 5.833 5.835 5.838 5.84 5.843 5.845 5.848 5.851 5.853 5.856 5.859 5.862 5.865 5.868 5.872
5.885 5.879 5.874 5.868 5.863 5.859 5.854 5.85 5.845 5.841 5.837 5.834 5.83 5.827 5.824 5.821 5.819 5.817 5.815 5.814 5.812 5.811 5.81 5.808 5.807 5.807 5.806 5.805 5.805 5.804 5.804 5.803 5.803 5.803 5.803 5.803 5.803 5.804 5.804 5.804 5.805 5.806 5.806 5.807 5.808 5.809 5.81 5.811 5.812 5.813 5.814 5.816 5.817 5.819 5.82 5.822 5.824 5.825 5.827 5.829 5.831 5.833 5.835 5.838 5.84 5.842 5.845 5.847 5.85 5.852 5.855 5.858 5.86 5.863
5.893 5.887 5.881 5.876 5.871 5.866 5.861 5.857 5.852 5.848 5.844 5.84 5.836 5.833 5.83 5.827 5.824 5.822 5.82 5.818 5.816 5.815 5.813 5.812 5.811 5.81 5.809 5.808 5.808 5.807 5.806 5.806 5.806 5.805 5.805 5.805 5.805 5.805 5.805 5.806 5.806 5.806 5.807 5.807 5.808 5.809 5.81 5.81 5.811 5.812 5.813 5.815 5.816 5.817 5.818 5.82 5.821 5.823 5.824 5.826 5.828 5.83 5.831 5.833 5.835 5.837 5.839 5.842 5.844 5.846 5.848 5.85 5.853 5.855
5.901 5.895 5.889 5.884 5.878 5.873 5.868 5.864 5.859 5.855 5.85 5.847 5.843 5.839 5.836 5.832 5.829 5.826 5.823 5.821 5.82 5.818 5.816 5.815 5.814 5.813 5.811 5.81 5.81 5.809 5.808 5.808 5.807 5.807 5.806 5.806 5.806 5.806 5.806 5.806 5.806 5.806 5.807 5.807 5.807 5.808 5.808 5.809 5.81 5.811 5.812 5.812 5.813 5.814 5.816 5.817 5.818 5.819 5.821 5.822 5.823 5.825 5.826 5.828 5.83 5.831 5.833 5.835 5.837 5.838 5.84 5.842 5.844 5.846
5.909 5.903 5.897 5.891 5.886 5.88 5.875 5.87 5.866 5.861 5.857 5.853 5.849 5.845 5.841 5.838 5.834 5.831 5.828 5.825 5.823 5.821 5.819 5.818 5.816 5.815 5.814 5.813 5.812 5.811 5.81 5.809 5.808 5.808 5.807 5.807 5.806 5.806 5.806 5.806 5.806 5.806 5.806 5.806 5.807 5.807 5.807 5.808 5.808 5.809 5.809 5.81 5.811 5.812 5.813 5.813 5.814 5.815 5.816 5.818 5.819 5.82 5.821 5.822 5.824 5.825 5.826 5.828 5.829 5.831 5.832 5.834 5.835 5.837
5.917 5.91 5.904 5.898 5.893 5.887 5.882 5.877 5.872 5.868 5.863 5.859 5.855 5.851 5.847 5.843 5.84 5.836 5.833 5.83 5.827 5.825 5.823 5.821 5.82 5.818 5.817 5.815 5.814 5.813 5.812 5.811 5.81 5.81 5.809 5.808 5.808 5.807 5.807 5.807 5.806 5.806 5.806 5.806 5.806 5.806 5.807 5.807 5.807 5.808 5.808 5.808 5.809 5.809 5.81 5.811 5.811 5.812 5.813 5.814 5.815 5.815 5.816 5.817 5.818 5.819 5.82 5.821 5.822 5.823 5.824 5.826 5.827 5.828
5.924 5.918 5.912 5.906 5.9 5.894 5.889 5.884 5.879 5.874 5.869 5.865 5.86 5.856 5.852 5.849 5.845 5.841 5.838 5.835 5.832 5.829 5.826 5.824 5.822 5.82 5.819 5.817 5.816 5.815 5.813 5.812 5.811 5.81 5.81 5.809 5.808 5.808 5.807 5.807 5.806 5.806 5.806 5.805 5.805 5.805 5.805 5.805 5.805 5.805 5.805 5.806 5.806 5.806 5.807 5.807 5.807 5.808 5.808 5.809 5.809 5.81 5.811 5.811 5.812 5.812 5.813 5.814 5.814 5.815 5.816 5.816 5.817 5.818
5.932 5.925 5.919 5.913 5.907 5.901 5.895 5.89 5.885 5.88 5.875 5.87 5.866 5.862 5.858 5.854 5.85 5.846 5.843 5.839 5.836 5.833 5.83 5.828 5.825 5.822 5.821 5.819 5.818 5.816 5.815 5.814 5.812 5.811 5.81 5.809 5.808 5.808 5.807 5.806 5.806 5.805 5.805 5.804 5.804 5.804 5.803 5.803 5.803 5.803 5.803 5.803 5.803 5.803 5.803 5.803 5.803 5.803 5.804 5.804 5.804 5.804 5.805 5.805 5.805 5.806 5.806 5.806 5.806 5.807 5.807 5.807 5.807 5.808
5.939 5.932 5.926 5.919 5.913 5.907 5.902 5.896 5.891 5.886 5.881 5.876 5.872 5.867 5.863 5.859 5.855 5.851 5.847 5.844 5.841 5.837 5.834 5.831 5.829 5.826 5.823 5.821 5.819 5.818 5.816 5.815 5.813 5.812 5.811 5.81 5.809 5.808 5.807 5.806 5.805 5.804 5.804 5.803 5.803 5.802 5.802 5.801 5.801 5.801 5.8 5.8 5.8 5.8 5.799 5.799 5.799 5.799 5.799 5.799 5.799 5.799 5.799 5.799 5.799 5.798 5.798 5.798 5.798 5.798 5.798 5.798 5.798 5.797
5.946 5.939 5.933 5.926 5.92 5.914 5.908 5.902 5.897 5.892 5.887 5.882 5.877 5.872 5.868 5.864 5.86 5.856 5.852 5.848 5.845 5.841 5.838 5.835 5.832 5.829 5.826 5.824 5.821 5.82 5.818 5.816 5.815 5.813 5.812 5.811 5.809 5.808 5.807 5.806 5.805 5.804 5.803 5.803 5.802 5.801 5.8 5.8 5.799 5.799 5.798 5.797 5.797 5.797 5.796 5.796 5.795 5.795 5.795 5.794 5.794 5.793 5.793 5.793 5.792 5.792 5.791 5.791 5.79 5.79 5.789 5.789 5.788 5.787
5.953 5.946 5.939 5.933 5.926 5.92 5.914 5.908 5.903 5.897 5.892 5.887 5.882 5.877 5.873 5.868 5.864 5.86 5.856 5.852 5.849 5.845 5.842 5.838 5.835 5.832 5.829 5.827 5.824 5.821 5.819 5.817 5.815 5.814 5.812 5.811 5.809 5.808 5.807 5.806 5.804 5.803 5.802 5.801 5.8 5.799 5.798 5.797 5.797 5.796 5.795 5.794 5.794 5.793 5.792 5.791 5.791 5.79 5.789 5.789 5.788 5.787 5.787 5.786 5.785 5.784 5.784 5.783 5.782 5.781 5.78 5.779 5.778 5.777
5.96 5.953 5.946 5.939 5.933 5.926 5.92 5.914 5.908 5.903 5.897 5.892 5.887 5.882 5.878 5.873 5.869 5.864 5.86 5.856 5.852 5.849 5.845 5.842 5.838 5.835 5.832 5.829 5.826 5.824 5.821 5.819 5.816 5.814 5.813 5.811 5.809 5.808 5.806 5.805 5.804 5.802 5.801 5.8 5.798 5.797 5.796 5.795 5.794 5.793 5.792 5.791 5.79 5.789 5.788 5.787 5.786 5.785 5.784 5.783 5.782 5.781 5.78 5.779 5.778 5.777 5.776 5.774 5.773 5.772 5.77 5.769 5.767 5.766
5.967 5.959 5.952 5.945 5.939 5.932 5.926 5.92 5.914 5.908 5.903 5.897 5.892 5.887 5.882 5.878 5.873 5.869 5.864 5.86 5.856 5.852 5.849 5.845 5.841 5.838 5.835 5.832 5.829 5.826 5.823 5.82 5.818 5.815 5.813 5.81 5.809 5.807 5.805 5.804 5.802 5.801 5.799 5.798 5.796 5.795 5.793 5.792 5.791 5.79 5.788 5.787 5.786 5.784 5.783 5.782 5.781 5.779 5.778 5.777 5.776 5.774 5.773 5.771 5.77 5.769 5.767 5.765 5.764 5.762 5.76 5.758 5.756 5.754
5.973 5.966 5.959 5.952 5.945 5.938 5.932 5.926 5.919 5.914 5.908 5.902 5.897 5.892 5.887 5.882 5.877 5.873 5.868 5.864 5.86 5.856 5.852 5.848 5.844 5.841 5.837 5.834 5.831 5.828 5.825 5.822 5.819 5.816 5.814 5.811 5.809 5.807 5.805 5.803 5.801 5.799 5.798 5.796 5.794 5.793 5.791 5.79 5.788 5.786 5.785 5.783 5.782 5.78 5.779 5.777 5.776 5.774 5.773 5.771 5.769 5.768 5.766 5.764 5.763 5.761 5.759 5.757 5.755 5.753 5.75 5.748 5.746 5.743
5.98 5.972 5.965 5.958 5.951 5.944 5.937 5.931 5.925 5.919 5.913 5.907 5.902 5.896 5.891 5.886 5.881 5.876 5.872 5.867 5.863 5.859 5.855 5.851 5.847 5.843 5.84 5.836 5.833 5.83 5.827 5.823 5.82 5.818 5.815 5.812 5.809 5.807 5.804 5.802 5.8 5.798 5.796 5.794 5.792 5.791 5.789 5.787 5.785 5.783 5.782 5.78 5.778 5.776 5.774 5.773 5.771 5.769 5.767 5.765 5.763 5.761 5.759 5.757 5.755 5.753 5.75 5.748 5.746 5.743 5.741 5.738 5.735 5.732
5.986 5.978 5.971 5.964 5.956 5.95 5.943 5.936 5.93 5.924 5.918 5.912 5.906 5.901 5.895 5.89 5.885 5.88 5.876 5.871 5.866 5.862 5.858 5.854 5.85 5.846 5.842 5.838 5.835 5.831 5.828 5.825 5.822 5.819 5.816 5.813 5.81 5.807 5.804 5.802 5.799 5.797 5.794 5.792 5.79 5.788 5.786 5.784 5.782 5.78 5.778 5.776 5.774 5.772 5.77 5.768 5.766 5.764 5.761 5.759 5.757 5.755 5.752 5.75 5.747 5.745 5.742 5.739 5.736 5.734 5.731 5.727 5.724 5.721
5.992 5.984 5.977 5.969 5.962 5.955 5.948 5.942 5.935 5.929 5.923 5.917 5.911 5.905 5.9 5.894 5.889 5.884 5.879 5.874 5.87 5.865 5.861 5.856 5.852 5.848 5.844 5.84 5.837 5.833 5.83 5.826 5.823 5.819 5.816 5.813 5.81 5.807 5.804 5.801 5.799 5.796 5.793 5.79 5.788 5.786 5.783 5.781 5.779 5.776 5.774 5.772 5.77 5.767 5.765 5.763 5.76 5.758 5.755 5.753 5.75 5.747 5.745 5.742 5.739 5.736 5.733 5.73 5.727 5.724 5.72 5.717 5.713 5.709
5.998 5.99 5.983 5.975 5.968 5.96 5.953 5.947 5.94 5.933 5.927 5.921 5.915 5.909 5.904 5.898 5.893 5.888 5.882 5.877 5.873 5.868 5.863 5.859 5.855 5.85 5.846 5.842 5.838 5.835 5.831 5.827 5.824 5.82 5.817 5.814 5.81 5.807 5.804 5.801 5.798 5.795 5.792 5.789 5.786 5.783 5.781 5.778 5.775 5.773 5.77 5.768 5.765 5.763 5.76 5.757 5.755 5.752 5.749 5.746 5.743 5.74 5.737 5.734 5.731 5.728 5.724 5.721 5.717 5.714 5.71 5.706 5.702 5.697
6.004 5.996 5.988 5.98 5.973 5.966 5.958 5.952 5.945 5.938 5.932 5.925 5.919 5.913 5.908 5.902 5.896 5.891 5.886 5.881 5.876 5.871 5.866 5.861 5.857 5.853 5.848 5.844 5.84 5.836 5.832 5.828 5.825 5.821 5.817 5.814 5.81 5.807 5.804 5.8 5.797 5.794 5.791 5.788 5.784 5.781 5.778 5.775 5.772 5.769 5.767 5.764 5.761 5.758 5.755 5.752 5.749 5.746 5.743 5.74 5.737 5.733 5.73 5.727 5.723 5.719 5.716 5.712 5.708 5.704 5.699 5.695 5.691 5.686
6.01 6.002 5.994 5.986 5.978 5.971 5.963 5.956 5.949 5.943 5.936 5.93 5.923 5.917 5.911 5.905 5.9 5.894 5.889 5.884 5.878 5.873 5.869 5.864 5.859 5.855 5.85 5.846 5.841 5.837 5.833 5.829 5.825 5.821 5.818 5.814 5.81 5.807 5.803 5.8 5.796 5.793 5.789 5.786 5.783 5.779 5.776 5.773 5.769 5.766 5.763 5.76 5.756 5.753 5.75 5.747 5.743 5.74 5.737 5.733 5.73 5.726 5.722 5.719 5.715 5.711 5.707 5.702 5.698 5.694 5.689 5.684 5.679 5.674
6.016 6.007 5.999 5.991 5.983 5.976 5.968 5.961 5.954 5.947 5.94 5.934 5.927 5.921 5.915 5.909 5.903 5.897 5.892 5.887 5.881 5.876 5.871 5.866 5.861 5.856 5.852 5.847 5.843 5.838 5.834 5.83 5.826 5.822 5.818 5.814 5.81 5.806 5.802 5.799 5.795 5.791 5.788 5.784 5.781 5.777 5.774 5.77 5.766 5.763 5.759 5.756 5.752 5.749 5.745 5.741 5.738 5.734 5.73 5.726 5.723 5.719 5.715 5.71 5.706 5.702 5.697 5.693 5.688 5.683 5.678 5.673 5.668 5.662
6.021 6.013 6.004 5.996 5.988 5.981 5.973 5.966 5.958 5.951 5.944 5.938 5.931 5.925 5.919 5.912 5.906 5.901 5.895 5.889 5.884 5.878 5.873 5.868 5.863 5.858 5.853 5.849 5.844 5.84 5.835 5.831 5.826 5.822 5.818 5.814 5.81 5.806 5.802 5.798 5.794 5.79 5.786 5.782 5.779 5.775 5.771 5.767 5.763 5.76 5.756 5.752 5.748 5.744 5.74 5.736 5.732 5.728 5.724 5.72 5.716 5.711 5.707 5.702 5.698 5.693 5.688 5.683 5.678 5.673 5.668 5.662 5.656 5.65
6.027 6.018 6.009 6.001 5.993 5.985 5.978 5.97 5.963 5.956 5.948 5.942 5.935 5.928 5.922 5.916 5.91 5.904 5.898 5.892 5.886 5.881 5.875 5.87 5.865 5.86 5.855 5.85 5.845 5.84 5.836 5.831 5.827 5.822 5.818 5.814 5.809 5.805 5.801 5.797 5.793 5.789 5.784 5.78 5.776 5.772 5.768 5.764 5.76 5.756 5.752 5.748 5.744 5.74 5.735 5.731 5.727 5.722 5.718 5.713 5.709 5.704 5.699 5.695 5.69 5.685 5.679 5.674 5.669 5.663 5.657 5.651 5.645 5.639
6.032 6.023 6.014 6.006 5.998 5.99 5.982 5.974 5.967 5.96 5.952 5.945 5.939 5.932 5.925 5.919 5.913 5.906 5.9 5.895 5.889 5.883 5.878 5.872 5.867 5.861 5.856 5.851 5.846 5.841 5.837 5.832 5.827 5.822 5.818 5.813 5.809 5.804 5.8 5.796 5.791 5.787 5.783 5.778 5.774 5.77 5.766 5.761 5.757 5.753 5.748 5.744 5.739 5.735 5.73 5.726 5.721 5.717 5.712 5.707 5.702 5.697 5.692 5.686 5.681 5.676 5.67 5.665 5.659 5.653 5.647 5.64 5.634 5.627
6.037 6.028 6.019 6.011 6.002 5.994 5.986 5.979 5.971 5.964 5.956 5.949 5.942 5.935 5.929 5.922 5.916 5.909 5.903 5.897 5.891 5.885 5.879 5.874 5.868 5.863 5.858 5.852 5.847 5.842 5.837 5.832 5.827 5.822 5.818 5.813 5.808 5.804 5.799 5.794 5.79 5.785 5.781 5.776 5.772 5.767 5.763 5.758 5.754 5.749 5.744 5.74 5.735 5.73 5.725 5.721 5.716 5.711 5.706 5.7 5.695 5.69 5.684 5.679 5.673 5.667 5.661 5.655 5.649 5.642 5.636 5.629 5.622 5.615
6.042 6.033 6.024 6.015 6.007 5.999 5.991 5.983 5.975 5.967 5.96 5.953 5.945 5.938 5.932 5.925 5.918 5.912 5.906 5.899 5.893 5.887 5.881 5.876 5.87 5.864 5.859 5.853 5.848 5.843 5.838 5.832 5.827 5.822 5.817 5.812 5.808 5.803 5.798 5.793 5.788 5.784 5.779 5.774 5.769 5.765 5.76 5.755 5.75 5.745 5.74 5.736 5.731 5.726 5.72 5.715 5.71 5.705 5.699 5.694 5.688 5.682 5.677 5.671 5.665 5.658 5.652 5.646 5.639 5.632 5.625 5.618 5.611 5.603
