static/jobfarm/user_models/minyf/common/HOME-GBHM/输出文件/Output/Grids/snowmelt20020224.asc
ncols 221
nrows 204
xllcorner -627000.0
yllcorner 3955000.0
cellsize 900.0
NODATA_value -9999.0
[rows 132 to 164 of 204, columns 74 to 147 of 221]
3.618 3.609 3.601 3.592 3.584 3.576 3.568 3.561 3.554 3.547 3.54 3.533 3.527 3.521 3.515 3.509 3.504 3.498 3.493 3.488 3.484 3.479 3.475 3.471 3.467 3.464 3.461 3.457 3.455 3.452 3.449 3.447 3.445 3.443 3.441 3.44 3.439 3.438 3.437 3.437 3.436 3.436 3.436 3.436 3.437 3.437 3.438 3.44 3.441 3.443 3.445 3.447 3.449 3.451 3.454 3.457 3.461 3.464 3.468 3.472 3.476 3.481 3.485 3.49 3.496 3.501 3.507 3.513 3.519 3.526 3.533 3.54 3.547 3.555
3.626 3.617 3.609 3.6 3.592 3.584 3.577 3.569 3.562 3.555 3.548 3.541 3.535 3.529 3.523 3.517 3.512 3.507 3.502 3.497 3.492 3.488 3.484 3.48 3.476 3.473 3.469 3.466 3.463 3.461 3.458 3.456 3.454 3.452 3.451 3.449 3.448 3.447 3.447 3.446 3.446 3.446 3.446 3.446 3.447 3.448 3.449 3.45 3.452 3.453 3.455 3.457 3.46 3.463 3.466 3.469 3.472 3.476 3.48 3.484 3.488 3.493 3.498 3.503 3.508 3.514 3.52 3.526 3.533 3.539 3.546 3.554 3.561 3.569
3.634 3.625 3.617 3.608 3.6 3.592 3.585 3.577 3.57 3.563 3.556 3.55 3.543 3.537 3.531 3.526 3.52 3.515 3.51 3.505 3.501 3.496 3.492 3.488 3.485 3.481 3.478 3.475 3.472 3.47 3.467 3.465 3.463 3.461 3.46 3.459 3.458 3.457 3.456 3.456 3.455 3.455 3.456 3.456 3.457 3.458 3.459 3.46 3.462 3.464 3.466 3.468 3.471 3.474 3.477 3.48 3.483 3.487 3.491 3.496 3.5 3.505 3.51 3.515 3.521 3.527 3.533 3.539 3.546 3.553 3.56 3.568 3.575 3.583
3.642 3.633 3.625 3.616 3.608 3.6 3.593 3.585 3.578 3.571 3.564 3.558 3.551 3.545 3.54 3.534 3.529 3.523 3.518 3.514 3.509 3.505 3.501 3.497 3.493 3.49 3.487 3.484 3.481 3.478 3.476 3.474 3.472 3.47 3.469 3.468 3.467 3.466 3.465 3.465 3.465 3.465 3.465 3.466 3.467 3.468 3.469 3.471 3.472 3.474 3.476 3.479 3.482 3.484 3.488 3.491 3.495 3.499 3.503 3.507 3.512 3.517 3.522 3.528 3.533 3.539 3.546 3.552 3.559 3.566 3.574 3.581 3.589 3.597
3.65 3.641 3.633 3.624 3.616 3.608 3.601 3.593 3.586 3.579 3.572 3.566 3.56 3.554 3.548 3.542 3.537 3.532 3.527 3.522 3.517 3.513 3.509 3.505 3.502 3.498 3.495 3.492 3.49 3.487 3.485 3.483 3.481 3.479 3.478 3.477 3.476 3.475 3.475 3.475 3.474 3.475 3.475 3.476 3.477 3.478 3.479 3.481 3.483 3.485 3.487 3.489 3.492 3.495 3.499 3.502 3.506 3.51 3.514 3.519 3.524 3.529 3.534 3.54 3.546 3.552 3.558 3.565 3.572 3.579 3.587 3.595 3.603 3.611
-9999.0 3.649 3.64 3.632 3.624 3.616 3.609 3.601 3.594 3.587 3.58 3.574 3.568 3.562 3.556 3.55 3.545 3.54 3.535 3.53 3.526 3.522 3.518 3.514 3.51 3.507 3.504 3.501 3.498 3.496 3.494 3.492 3.49 3.488 3.487 3.486 3.485 3.484 3.484 3.484 3.484 3.484 3.485 3.485 3.486 3.488 3.489 3.491 3.493 3.495 3.497 3.5 3.503 3.506 3.509 3.513 3.517 3.521 3.526 3.53 3.535 3.54 3.546 3.552 3.558 3.564 3.571 3.578 3.585 3.592 3.6 3.608 3.616 3.625
-9999.0 3.657 3.648 3.64 3.632 3.624 3.616 3.609 3.602 3.595 3.588 3.582 3.575 3.569 3.564 3.558 3.553 3.548 3.543 3.538 3.534 3.53 3.526 3.522 3.519 3.515 3.512 3.509 3.507 3.504 3.502 3.5 3.499 3.497 3.496 3.495 3.494 3.494 3.493 3.493 3.493 3.494 3.494 3.495 3.496 3.497 3.499 3.501 3.503 3.505 3.508 3.51 3.513 3.517 3.52 3.524 3.528 3.532 3.537 3.542 3.547 3.552 3.558 3.564 3.57 3.576 3.583 3.59 3.597 3.605 3.613 3.621 3.629 3.638
-9999.0 -9999.0 3.656 3.648 3.639 3.632 3.624 3.617 3.61 3.603 3.596 3.59 3.583 3.577 3.572 3.566 3.561 3.556 3.551 3.546 3.542 3.538 3.534 3.53 3.527 3.524 3.521 3.518 3.515 3.513 3.511 3.509 3.507 3.506 3.505 3.504 3.503 3.503 3.502 3.502 3.502 3.503 3.504 3.505 3.506 3.507 3.509 3.511 3.513 3.515 3.518 3.521 3.524 3.527 3.531 3.535 3.539 3.543 3.548 3.553 3.558 3.563 3.569 3.575 3.582 3.588 3.595 3.602 3.61 3.617 3.625 3.634 3.642 3.651
-9999.0 -9999.0 3.663 3.655 3.647 3.639 3.632 3.624 3.617 3.61 3.604 3.597 3.591 3.585 3.579 3.574 3.569 3.564 3.559 3.554 3.55 3.546 3.542 3.538 3.535 3.532 3.529 3.526 3.524 3.521 3.519 3.518 3.516 3.515 3.514 3.513 3.512 3.512 3.511 3.511 3.512 3.512 3.513 3.514 3.515 3.517 3.518 3.52 3.522 3.525 3.528 3.531 3.534 3.537 3.541 3.545 3.549 3.554 3.559 3.564 3.569 3.575 3.581 3.587 3.593 3.6 3.607 3.614 3.622 3.63 3.638 3.646 3.655 3.664
-9999.0 -9999.0 3.671 3.663 3.655 3.647 3.639 3.632 3.625 3.618 3.611 3.605 3.599 3.593 3.587 3.582 3.577 3.572 3.567 3.562 3.558 3.554 3.55 3.547 3.543 3.54 3.537 3.534 3.532 3.53 3.528 3.526 3.525 3.523 3.522 3.521 3.521 3.52 3.52 3.52 3.521 3.521 3.522 3.523 3.525 3.526 3.528 3.53 3.532 3.535 3.538 3.541 3.544 3.548 3.551 3.555 3.56 3.564 3.569 3.575 3.58 3.586 3.592 3.598 3.605 3.612 3.619 3.626 3.634 3.642 3.65 3.659 3.668 3.677
-9999.0 -9999.0 -9999.0 -9999.0 -9999.0 3.654 -9999.0 3.639 3.632 3.625 3.619 3.613 3.606 3.601 3.595 3.589 3.584 3.579 3.575 3.57 3.566 3.562 3.558 3.555 3.551 3.548 3.545 3.543 3.54 3.538 3.536 3.534 3.533 3.532 3.531 3.53 3.529 3.529 3.529 3.529 3.53 3.53 3.531 3.532 3.534 3.535 3.537 3.539 3.542 3.544 3.547 3.551 3.554 3.558 3.562 3.566 3.57 3.575 3.58 3.585 3.591 3.597 3.603 3.609 3.616 3.623 3.63 3.638 3.646 3.654 3.662 3.671 3.68 3.69
-9999.0 -9999.0 -9999.0 -9999.0 -9999.0 -9999.0 -9999.0 3.647 3.64 3.633 3.626 3.62 3.614 3.608 3.602 3.597 3.592 3.587 3.582 3.578 3.574 3.57 3.566 3.562 3.559 3.556 3.553 3.551 3.548 3.546 3.544 3.543 3.541 3.54 3.539 3.539 3.538 3.538 3.538 3.538 3.539 3.539 3.54 3.541 3.543 3.545 3.547 3.549 3.551 3.554 3.557 3.56 3.564 3.568 3.572 3.576 3.58 3.585 3.59 3.596 3.602 3.607 3.614 3.62 3.627 3.634 3.642 3.649 3.657 3.666 3.674 3.683 3.692 3.702
-9999.0 -9999.0 -9999.0 -9999.0 -9999.0 -9999.0 -9999.0 -9999.0 -9999.0 3.64 3.634 3.627 3.621 3.616 3.61 3.605 3.6 3.595 3.59 3.586 3.581 3.578 3.574 3.57 3.567 3.564 3.561 3.559 3.556 3.554 3.553 3.551 3.55 3.548 3.548 3.547 3.547 3.546 3.546 3.547 3.547 3.548 3.549 3.55 3.552 3.554 3.556 3.558 3.561 3.564 3.567 3.57 3.574 3.577 3.581 3.586 3.591 3.596 3.601 3.606 3.612 3.618 3.624 3.631 3.638 3.645 3.653 3.661 3.669 3.677 3.686 3.695 3.704 3.714
-9999.0 -9999.0 -9999.0 -9999.0 -9999.0 -9999.0 -9999.0 -9999.0 -9999.0 -9999.0 3.641 3.635 3.629 3.623 3.617 3.612 3.607 3.602 3.598 3.593 3.589 3.585 3.582 3.578 3.575 3.572 3.569 3.567 3.564 3.562 3.561 3.559 3.558 3.557 3.556 3.555 3.555 3.555 3.555 3.555 3.556 3.557 3.558 3.559 3.561 3.563 3.565 3.567 3.57 3.573 3.576 3.579 3.583 3.587 3.591 3.596 3.601 3.606 3.611 3.616 3.622 3.629 3.635 3.642 3.649 3.656 3.664 3.672 3.68 3.688 3.697 3.706 3.716 3.726
-9999.0 -9999.0 -9999.0 -9999.0 -9999.0 -9999.0 -9999.0 -9999.0 -9999.0 -9999.0 -9999.0 3.642 3.636 3.63 3.625 3.619 3.614 3.61 3.605 3.601 3.597 3.593 3.589 3.586 3.583 3.58 3.577 3.575 3.572 3.57 3.569 3.567 3.566 3.565 3.564 3.564 3.563 3.563 3.563 3.564 3.565 3.565 3.567 3.568 3.57 3.572 3.574 3.576 3.579 3.582 3.585 3.589 3.593 3.597 3.601 3.605 3.61 3.615 3.621 3.627 3.633 3.639 3.645 3.652 3.659 3.667 3.674 3.683 3.691 3.699 3.708 3.718 3.727 3.737
-9999.0 -9999.0 -9999.0 -9999.0 -9999.0 -9999.0 -9999.0 -9999.0 -9999.0 -9999.0 -9999.0 -9999.0 3.643 3.637 3.632 3.627 3.622 3.617 3.612 3.608 3.604 3.6 3.597 3.593 3.59 3.587 3.585 3.582 3.58 3.578 3.577 3.575 3.574 3.573 3.572 3.572 3.572 3.572 3.572 3.572 3.573 3.574 3.575 3.577 3.579 3.581 3.583 3.585 3.588 3.591 3.594 3.598 3.602 3.606 3.61 3.615 3.62 3.625 3.631 3.636 3.643 3.649 3.656 3.662 3.67 3.677 3.685 3.693 3.702 3.71 3.719 3.729 3.738 3.748
-9999.0 -9999.0 -9999.0 -9999.0 -9999.0 -9999.0 -9999.0 -9999.0 -9999.0 -9999.0 -9999.0 -9999.0 -9999.0 -9999.0 -9999.0 -9999.0 3.629 3.624 3.62 3.615 3.611 3.608 3.604 3.601 3.598 3.595 3.592 3.59 3.588 3.586 3.584 3.583 3.582 3.581 3.58 3.58 3.58 3.58 3.58 3.581 3.581 3.582 3.584 3.585 3.587 3.589 3.592 3.594 3.597 3.6 3.603 3.607 3.611 3.615 3.62 3.624 3.629 3.635 3.64 3.646 3.652 3.659 3.665 3.673 3.68 3.687 3.695 3.704 3.712 3.721 3.73 3.74 3.749 3.759
-9999.0 -9999.0 -9999.0 -9999.0 -9999.0 -9999.0 -9999.0 -9999.0 -9999.0 -9999.0 -9999.0 -9999.0 -9999.0 -9999.0 -9999.0 -9999.0 -9999.0 -9999.0 -9999.0 -9999.0 3.619 3.615 3.612 3.608 3.605 3.602 3.6 3.598 3.596 3.594 3.592 3.591 3.59 3.589 3.588 3.588 3.588 3.588 3.588 3.589 3.59 3.591 3.592 3.594 3.596 3.598 3.6 3.603 3.606 3.609 3.612 3.616 3.62 3.624 3.629 3.634 3.639 3.644 3.65 3.656 3.662 3.668 3.675 3.682 3.69 3.697 3.705 3.714 3.722 3.731 3.741 3.75 3.76 3.77
-9999.0 -9999.0 -9999.0 -9999.0 -9999.0 -9999.0 -9999.0 -9999.0 -9999.0 -9999.0 -9999.0 -9999.0 -9999.0 -9999.0 -9999.0 -9999.0 -9999.0 -9999.0 -9999.0 -9999.0 -9999.0 3.622 3.619 3.616 3.613 3.61 3.607 3.605 3.603 3.601 3.6 3.598 3.597 3.597 3.596 3.596 3.596 3.596 3.596 3.597 3.598 3.599 3.6 3.602 3.604 3.606 3.609 3.611 3.614 3.618 3.621 3.625 3.629 3.633 3.638 3.643 3.648 3.653 3.659 3.665 3.671 3.678 3.685 3.692 3.7 3.707 3.715 3.724 3.732 3.741 3.751 3.76 3.77 3.78
-9999.0 -9999.0 -9999.0 -9999.0 -9999.0 -9999.0 -9999.0 -9999.0 -9999.0 -9999.0 -9999.0 -9999.0 -9999.0 -9999.0 -9999.0 -9999.0 -9999.0 -9999.0 -9999.0 -9999.0 -9999.0 -9999.0 3.626 3.623 3.62 3.617 3.615 3.612 3.61 3.609 3.607 3.606 3.605 3.604 3.604 3.603 3.603 3.604 3.604 3.605 3.606 3.607 3.608 3.61 3.612 3.614 3.617 3.62 3.623 3.626 3.63 3.634 3.638 3.642 3.647 3.652 3.657 3.662 3.668 3.674 3.681 3.687 3.694 3.702 3.709 3.717 3.725 3.734 3.742 3.751 3.761 3.77 3.78 3.791
-9999.0 -9999.0 -9999.0 -9999.0 -9999.0 -9999.0 -9999.0 -9999.0 -9999.0 -9999.0 -9999.0 -9999.0 -9999.0 -9999.0 -9999.0 -9999.0 -9999.0 -9999.0 -9999.0 -9999.0 -9999.0 -9999.0 -9999.0 3.63 3.627 3.624 3.622 3.62 3.618 3.616 3.615 3.613 3.613 3.612 3.611 3.611 3.611 3.611 3.612 3.613 3.614 3.615 3.617 3.618 3.62 3.623 3.625 3.628 3.631 3.635 3.638 3.642 3.646 3.651 3.655 3.66 3.666 3.671 3.677 3.683 3.69 3.697 3.704 3.711 3.718 3.726 3.735 3.743 3.752 3.761 3.77 3.78 3.79 3.801
-9999.0 -9999.0 -9999.0 -9999.0 -9999.0 -9999.0 -9999.0 -9999.0 -9999.0 -9999.0 -9999.0 -9999.0 -9999.0 -9999.0 -9999.0 -9999.0 -9999.0 -9999.0 -9999.0 -9999.0 -9999.0 -9999.0 -9999.0 3.637 3.634 3.632 3.629 3.627 3.625 3.623 3.622 3.621 3.62 3.619 3.619 3.619 3.619 3.619 3.62 3.62 3.622 3.623 3.624 3.626 3.628 3.631 3.633 3.636 3.639 3.643 3.647 3.65 3.655 3.659 3.664 3.669 3.674 3.68 3.686 3.692 3.699 3.705 3.713 3.72 3.728 3.736 3.744 3.752 3.761 3.77 3.78 3.79 3.8 3.81
-9999.0 -9999.0 -9999.0 -9999.0 -9999.0 -9999.0 -9999.0 -9999.0 -9999.0 -9999.0 -9999.0 -9999.0 -9999.0 -9999.0 -9999.0 -9999.0 -9999.0 -9999.0 -9999.0 -9999.0 -9999.0 -9999.0 -9999.0 -9999.0 3.641 3.639 3.636 3.634 3.632 3.631 3.629 3.628 3.627 3.627 3.626 3.626 3.626 3.627 3.627 3.628 3.629 3.631 3.632 3.634 3.636 3.639 3.641 3.644 3.647 3.651 3.655 3.659 3.663 3.668 3.672 3.678 3.683 3.689 3.695 3.701 3.707 3.714 3.721 3.729 3.737 3.745 3.753 3.761 3.77 3.78 3.789 3.799 3.809 3.82
-9999.0 -9999.0 -9999.0 -9999.0 -9999.0 -9999.0 -9999.0 -9999.0 -9999.0 -9999.0 -9999.0 -9999.0 -9999.0 -9999.0 -9999.0 -9999.0 -9999.0 -9999.0 -9999.0 -9999.0 -9999.0 -9999.0 -9999.0 -9999.0 -9999.0 -9999.0 -9999.0 3.641 3.639 3.638 3.636 3.635 3.634 3.634 3.634 3.633 3.634 3.634 3.635 3.636 3.637 3.638 3.64 3.642 3.644 3.646 3.649 3.652 3.655 3.659 3.663 3.667 3.671 3.676 3.681 3.686 3.691 3.697 3.703 3.709 3.716 3.723 3.73 3.737 -9999.0 3.753 3.762 3.77 3.779 3.789 3.798 3.808 3.818 3.829
-9999.0 -9999.0 -9999.0 -9999.0 -9999.0 -9999.0 -9999.0 -9999.0 -9999.0 -9999.0 -9999.0 -9999.0 -9999.0 -9999.0 -9999.0 -9999.0 -9999.0 -9999.0 -9999.0 -9999.0 -9999.0 -9999.0 -9999.0 -9999.0 -9999.0 -9999.0 -9999.0 -9999.0 -9999.0 3.645 3.643 3.642 3.642 3.641 3.641 3.641 3.641 3.641 3.642 3.643 3.644 3.646 3.647 3.649 3.652 3.654 3.657 3.66 3.663 3.667 3.671 3.675 3.679 3.684 3.689 3.694 3.699 3.705 3.711 3.718 3.724 3.731 3.738 -9999.0 -9999.0 -9999.0 3.77 3.779 3.788 3.797 3.807 3.817 3.827 3.838
-9999.0 -9999.0 -9999.0 -9999.0 -9999.0 -9999.0 -9999.0 -9999.0 -9999.0 -9999.0 -9999.0 -9999.0 -9999.0 -9999.0 -9999.0 -9999.0 -9999.0 -9999.0 -9999.0 -9999.0 -9999.0 -9999.0 -9999.0 -9999.0 -9999.0 -9999.0 -9999.0 -9999.0 -9999.0 -9999.0 3.65 3.649 3.649 3.648 3.648 3.648 3.648 3.649 3.649 3.65 3.652 3.653 3.655 3.657 3.659 3.662 3.664 3.668 3.671 3.675 3.678 3.683 3.687 3.692 3.697 3.702 3.707 3.713 3.719 3.726 3.732 3.739 -9999.0 -9999.0 -9999.0 -9999.0 -9999.0 3.787 3.796 3.806 3.815 3.825 3.836 3.846
-9999.0 -9999.0 -9999.0 -9999.0 -9999.0 -9999.0 -9999.0 -9999.0 -9999.0 -9999.0 -9999.0 -9999.0 -9999.0 -9999.0 -9999.0 -9999.0 -9999.0 -9999.0 -9999.0 -9999.0 -9999.0 -9999.0 -9999.0 -9999.0 -9999.0 -9999.0 -9999.0 -9999.0 -9999.0 -9999.0 -9999.0 3.656 3.656 3.655 3.655 3.655 3.655 3.656 3.656 3.657 3.659 3.66 3.662 3.664 3.667 3.669 3.672 3.675 3.678 3.682 3.686 3.69 3.695 3.699 3.704 3.71 3.715 3.721 3.727 3.734 3.74 -9999.0 -9999.0 -9999.0 -9999.0 -9999.0 -9999.0 -9999.0 -9999.0 3.814 3.824 3.834 3.844 3.855
-9999.0 -9999.0 -9999.0 -9999.0 -9999.0 -9999.0 -9999.0 -9999.0 -9999.0 -9999.0 -9999.0 -9999.0 -9999.0 -9999.0 -9999.0 -9999.0 -9999.0 -9999.0 -9999.0 -9999.0 -9999.0 -9999.0 -9999.0 -9999.0 -9999.0 -9999.0 -9999.0 -9999.0 -9999.0 -9999.0 -9999.0 3.663 3.662 3.662 3.662 3.662 3.662 3.663 3.663 3.665 3.666 3.667 3.669 3.671 3.674 3.676 3.679 3.682 3.686 3.69 3.693 3.698 3.702 3.707 3.712 3.717 3.723 3.729 3.735 3.741 -9999.0 -9999.0 -9999.0 -9999.0 -9999.0 -9999.0 -9999.0 -9999.0 -9999.0 -9999.0 3.832 3.842 3.852 3.863
-9999.0 -9999.0 -9999.0 -9999.0 -9999.0 -9999.0 -9999.0 -9999.0 -9999.0 -9999.0 -9999.0 -9999.0 -9999.0 -9999.0 -9999.0 -9999.0 -9999.0 -9999.0 -9999.0 -9999.0 -9999.0 -9999.0 -9999.0 -9999.0 -9999.0 -9999.0 -9999.0 -9999.0 -9999.0 -9999.0 -9999.0 -9999.0 3.678 3.678 3.677 3.677 3.678 3.678 3.679 3.68 3.682 3.683 3.685 3.687 3.69 3.692 3.695 3.698 3.702 3.706 3.71 3.714 3.718 3.723 3.728 3.734 3.739 3.745 3.751 3.758 3.765 3.772 -9999.0 -9999.0 -9999.0 -9999.0 -9999.0 -9999.0 -9999.0 -9999.0 -9999.0 -9999.0 -9999.0 3.879
-9999.0 -9999.0 -9999.0 -9999.0 -9999.0 -9999.0 -9999.0 -9999.0 -9999.0 -9999.0 -9999.0 -9999.0 -9999.0 -9999.0 -9999.0 -9999.0 -9999.0 -9999.0 -9999.0 -9999.0 -9999.0 -9999.0 -9999.0 -9999.0 -9999.0 -9999.0 -9999.0 -9999.0 -9999.0 -9999.0 -9999.0 -9999.0 -9999.0 -9999.0 3.685 3.685 3.685 3.686 3.687 3.688 3.689 3.691 3.693 3.695 3.697 3.7 3.703 3.706 3.71 3.713 3.717 3.722 3.726 3.731 3.736 3.741 3.747 3.753 3.759 3.766 3.773 3.78 3.787 -9999.0 -9999.0 -9999.0 -9999.0 -9999.0 -9999.0 -9999.0 -9999.0 -9999.0 -9999.0 -9999.0
-9999.0 -9999.0 -9999.0 -9999.0 -9999.0 -9999.0 -9999.0 -9999.0 -9999.0 -9999.0 -9999.0 -9999.0 -9999.0 -9999.0 -9999.0 -9999.0 -9999.0 -9999.0 -9999.0 -9999.0 -9999.0 -9999.0 -9999.0 -9999.0 -9999.0 -9999.0 -9999.0 -9999.0 -9999.0 -9999.0 -9999.0 -9999.0 -9999.0 -9999.0 3.692 3.692 3.692 3.693 3.694 3.695 3.696 3.698 3.7 3.702 3.705 3.707 3.71 3.713 3.717 3.721 3.725 3.729 3.734 3.738 3.744 3.749 3.755 3.761 3.767 3.773 3.78 3.787 3.795 3.802 -9999.0 -9999.0 -9999.0 -9999.0 -9999.0 -9999.0 -9999.0 -9999.0 -9999.0 -9999.0
-9999.0 -9999.0 -9999.0 -9999.0 -9999.0 -9999.0 -9999.0 -9999.0 -9999.0 -9999.0 -9999.0 -9999.0 -9999.0 -9999.0 -9999.0 -9999.0 -9999.0 -9999.0 -9999.0 -9999.0 -9999.0 -9999.0 -9999.0 -9999.0 -9999.0 -9999.0 -9999.0 -9999.0 -9999.0 -9999.0 -9999.0 -9999.0 -9999.0 -9999.0 -9999.0 -9999.0 -9999.0 -9999.0 -9999.0 3.702 3.703 3.705 3.707 3.709 3.712 3.714 3.717 3.721 3.724 3.728 3.732 3.736 3.741 3.746 3.751 3.756 3.762 3.768 3.774 3.781 3.788 3.795 3.802 3.81 3.818 -9999.0 -9999.0 -9999.0 -9999.0 -9999.0 -9999.0 -9999.0 -9999.0 -9999.0
-9999.0 -9999.0 -9999.0 -9999.0 -9999.0 -9999.0 -9999.0 -9999.0 -9999.0 -9999.0 -9999.0 -9999.0 -9999.0 -9999.0 -9999.0 -9999.0 -9999.0 -9999.0 -9999.0 -9999.0 -9999.0 -9999.0 -9999.0 -9999.0 -9999.0 -9999.0 -9999.0 -9999.0 -9999.0 -9999.0 -9999.0 -9999.0 -9999.0 -9999.0 -9999.0 -9999.0 -9999.0 -9999.0 -9999.0 -9999.0 -9999.0 3.712 3.714 3.716 3.719 3.721 3.724 3.728 3.731 3.735 3.739 3.743 3.748 3.753 3.758 3.764 3.769 3.775 3.782 3.788 3.795 3.802 3.809 3.817 3.825 3.833 3.842 -9999.0 -9999.0 -9999.0 -9999.0 -9999.0 -9999.0 -9999.0
