static/jobfarm/user_models/minyf/common/HOME-GBHM/输出文件/Output/Grids/snowDepth20020226.asc
ncols 221
nrows 204
xllcorner -627000.0
yllcorner 3955000.0
cellsize 900.0
NODATA_value -9999.0
[rows 60 to 89 of 204, columns 134 to 200 of 221]
419.92 419.921 419.921 419.922 419.922 419.922 -9999.0 -9999.0 419.92 -9999.0 -9999.0 -9999.0 -9999.0 -9999.0 -9999.0 -9999.0 -9999.0 -9999.0 -9999.0 -9999.0 -9999.0 -9999.0 -9999.0 -9999.0 -9999.0 -9999.0 -9999.0 -9999.0 -9999.0 -9999.0 -9999.0 -9999.0 -9999.0 -9999.0 -9999.0 -9999.0 -9999.0 -9999.0 -9999.0 -9999.0 -9999.0 -9999.0 -9999.0 -9999.0 -9999.0 -9999.0 -9999.0 -9999.0 -9999.0 -9999.0 -9999.0 -9999.0 -9999.0 -9999.0 -9999.0 -9999.0 -9999.0 -9999.0 -9999.0 -9999.0 -9999.0 -9999.0 -9999.0 -9999.0 -9999.0 -9999.0 -9999.0
419.905 419.906 419.906 419.906 419.906 419.906 419.905 419.904 419.903 419.901 419.899 -9999.0 -9999.0 -9999.0 -9999.0 -9999.0 -9999.0 -9999.0 -9999.0 -9999.0 -9999.0 -9999.0 -9999.0 -9999.0 -9999.0 -9999.0 -9999.0 -9999.0 -9999.0 -9999.0 -9999.0 -9999.0 -9999.0 -9999.0 -9999.0 -9999.0 -9999.0 -9999.0 -9999.0 -9999.0 -9999.0 -9999.0 -9999.0 -9999.0 -9999.0 -9999.0 -9999.0 -9999.0 -9999.0 -9999.0 -9999.0 -9999.0 -9999.0 -9999.0 -9999.0 -9999.0 -9999.0 -9999.0 -9999.0 -9999.0 -9999.0 -9999.0 -9999.0 -9999.0 -9999.0 -9999.0 -9999.0
419.89 419.891 419.891 419.89 419.89 419.889 419.888 419.887 419.885 419.883 419.881 419.878 -9999.0 419.871 419.867 -9999.0 -9999.0 -9999.0 -9999.0 -9999.0 -9999.0 -9999.0 -9999.0 -9999.0 -9999.0 -9999.0 -9999.0 -9999.0 -9999.0 -9999.0 -9999.0 -9999.0 -9999.0 -9999.0 -9999.0 -9999.0 -9999.0 -9999.0 -9999.0 -9999.0 -9999.0 -9999.0 -9999.0 -9999.0 -9999.0 -9999.0 -9999.0 -9999.0 -9999.0 -9999.0 -9999.0 -9999.0 -9999.0 -9999.0 -9999.0 -9999.0 -9999.0 -9999.0 -9999.0 -9999.0 -9999.0 -9999.0 -9999.0 -9999.0 -9999.0 -9999.0 -9999.0
419.876 419.875 419.875 419.875 419.874 419.873 419.872 419.87 419.868 419.866 419.863 419.86 419.857 419.853 419.848 -9999.0 -9999.0 -9999.0 -9999.0 -9999.0 -9999.0 -9999.0 -9999.0 -9999.0 -9999.0 -9999.0 -9999.0 -9999.0 -9999.0 -9999.0 -9999.0 -9999.0 -9999.0 -9999.0 -9999.0 -9999.0 -9999.0 -9999.0 -9999.0 -9999.0 -9999.0 -9999.0 -9999.0 -9999.0 -9999.0 -9999.0 -9999.0 -9999.0 -9999.0 -9999.0 -9999.0 -9999.0 -9999.0 -9999.0 -9999.0 -9999.0 -9999.0 -9999.0 -9999.0 -9999.0 -9999.0 -9999.0 -9999.0 -9999.0 -9999.0 -9999.0 -9999.0
419.861 419.86 419.86 419.859 419.858 419.857 419.855 419.853 419.851 419.849 419.846 419.842 419.838 419.834 419.829 419.824 419.818 -9999.0 -9999.0 -9999.0 -9999.0 -9999.0 -9999.0 -9999.0 -9999.0 -9999.0 -9999.0 -9999.0 -9999.0 -9999.0 -9999.0 -9999.0 -9999.0 -9999.0 -9999.0 -9999.0 -9999.0 -9999.0 -9999.0 -9999.0 -9999.0 -9999.0 -9999.0 -9999.0 -9999.0 -9999.0 -9999.0 -9999.0 -9999.0 -9999.0 -9999.0 -9999.0 -9999.0 -9999.0 -9999.0 -9999.0 -9999.0 -9999.0 -9999.0 -9999.0 -9999.0 -9999.0 -9999.0 -9999.0 -9999.0 -9999.0 -9999.0
419.846 419.845 419.844 419.843 419.842 419.841 419.839 419.837 419.834 419.831 419.828 419.824 419.82 419.816 419.811 419.805 419.799 419.792 419.784 -9999.0 -9999.0 -9999.0 -9999.0 -9999.0 -9999.0 -9999.0 -9999.0 -9999.0 -9999.0 -9999.0 -9999.0 -9999.0 -9999.0 -9999.0 -9999.0 -9999.0 -9999.0 -9999.0 -9999.0 -9999.0 -9999.0 -9999.0 -9999.0 -9999.0 -9999.0 -9999.0 -9999.0 -9999.0 -9999.0 -9999.0 -9999.0 -9999.0 -9999.0 -9999.0 -9999.0 -9999.0 -9999.0 -9999.0 -9999.0 -9999.0 -9999.0 -9999.0 -9999.0 -9999.0 -9999.0 -9999.0 -9999.0
419.831 419.83 419.829 419.828 419.826 419.825 419.822 419.82 419.817 419.814 419.811 419.807 419.802 419.797 419.792 419.786 419.78 419.773 419.765 419.757 419.748 -9999.0 419.728 419.716 -9999.0 -9999.0 -9999.0 -9999.0 -9999.0 -9999.0 -9999.0 -9999.0 -9999.0 -9999.0 -9999.0 -9999.0 -9999.0 -9999.0 -9999.0 -9999.0 -9999.0 -9999.0 -9999.0 -9999.0 -9999.0 -9999.0 -9999.0 -9999.0 -9999.0 -9999.0 -9999.0 -9999.0 -9999.0 -9999.0 -9999.0 -9999.0 -9999.0 -9999.0 -9999.0 -9999.0 -9999.0 -9999.0 -9999.0 -9999.0 -9999.0 -9999.0 -9999.0
419.816 419.815 419.814 419.812 419.811 419.809 419.806 419.804 419.801 419.797 419.793 419.789 419.785 419.78 419.774 419.768 419.761 419.754 419.746 419.738 419.728 419.719 419.708 419.697 419.685 -9999.0 -9999.0 -9999.0 -9999.0 -9999.0 -9999.0 -9999.0 -9999.0 -9999.0 -9999.0 -9999.0 -9999.0 -9999.0 -9999.0 -9999.0 -9999.0 -9999.0 -9999.0 -9999.0 -9999.0 -9999.0 -9999.0 -9999.0 -9999.0 -9999.0 -9999.0 -9999.0 -9999.0 -9999.0 -9999.0 -9999.0 -9999.0 -9999.0 -9999.0 -9999.0 -9999.0 -9999.0 -9999.0 -9999.0 -9999.0 -9999.0 -9999.0
419.801 419.8 419.799 419.797 419.795 419.793 419.79 419.787 419.784 419.78 419.776 419.772 419.767 419.762 419.756 419.75 419.743 419.735 419.727 419.719 419.709 419.699 419.689 419.677 419.665 419.652 -9999.0 -9999.0 -9999.0 -9999.0 -9999.0 -9999.0 -9999.0 -9999.0 -9999.0 -9999.0 -9999.0 -9999.0 -9999.0 -9999.0 -9999.0 -9999.0 -9999.0 -9999.0 -9999.0 -9999.0 -9999.0 -9999.0 -9999.0 -9999.0 -9999.0 -9999.0 -9999.0 -9999.0 -9999.0 -9999.0 -9999.0 -9999.0 -9999.0 -9999.0 -9999.0 -9999.0 -9999.0 -9999.0 -9999.0 -9999.0 -9999.0
419.787 419.785 419.784 419.782 419.779 419.777 419.774 419.771 419.768 419.764 419.76 419.755 419.75 419.744 419.738 419.732 419.725 419.717 419.709 419.7 419.691 419.681 419.67 419.659 419.646 419.633 419.62 419.605 -9999.0 -9999.0 -9999.0 -9999.0 -9999.0 -9999.0 -9999.0 -9999.0 -9999.0 -9999.0 -9999.0 -9999.0 -9999.0 -9999.0 -9999.0 -9999.0 -9999.0 -9999.0 -9999.0 -9999.0 -9999.0 -9999.0 -9999.0 -9999.0 -9999.0 -9999.0 -9999.0 -9999.0 -9999.0 -9999.0 -9999.0 -9999.0 -9999.0 -9999.0 -9999.0 -9999.0 -9999.0 -9999.0 -9999.0
419.772 419.77 419.769 419.766 419.764 419.761 419.758 419.755 419.751 419.747 419.743 419.738 419.733 419.727 419.721 419.714 419.707 419.699 419.691 419.682 419.673 419.662 419.652 419.64 419.628 419.615 419.601 419.587 419.571 419.555 -9999.0 -9999.0 -9999.0 -9999.0 -9999.0 -9999.0 -9999.0 -9999.0 -9999.0 -9999.0 -9999.0 -9999.0 -9999.0 -9999.0 -9999.0 -9999.0 -9999.0 -9999.0 -9999.0 -9999.0 -9999.0 -9999.0 -9999.0 -9999.0 -9999.0 -9999.0 -9999.0 -9999.0 -9999.0 -9999.0 -9999.0 -9999.0 -9999.0 -9999.0 -9999.0 -9999.0 -9999.0
419.758 419.756 419.754 419.751 419.749 419.746 419.743 419.739 419.735 419.731 419.727 419.722 419.716 419.71 419.704 419.697 419.69 419.682 419.673 419.664 419.655 419.645 419.634 419.622 419.61 419.597 419.583 419.569 419.554 419.538 419.521 -9999.0 -9999.0 -9999.0 -9999.0 -9999.0 -9999.0 -9999.0 -9999.0 -9999.0 -9999.0 -9999.0 -9999.0 -9999.0 -9999.0 -9999.0 -9999.0 -9999.0 -9999.0 -9999.0 -9999.0 -9999.0 -9999.0 -9999.0 -9999.0 -9999.0 -9999.0 -9999.0 -9999.0 -9999.0 -9999.0 -9999.0 -9999.0 -9999.0 -9999.0 -9999.0 -9999.0
419.743 419.741 419.739 419.736 419.734 419.731 419.727 419.724 419.72 419.715 419.71 419.705 419.7 419.694 419.687 419.68 419.673 419.665 419.656 419.647 419.637 419.627 419.616 419.605 419.592 419.579 419.566 419.551 419.536 419.521 419.504 419.487 -9999.0 -9999.0 -9999.0 -9999.0 -9999.0 -9999.0 -9999.0 -9999.0 -9999.0 -9999.0 -9999.0 -9999.0 -9999.0 -9999.0 -9999.0 -9999.0 -9999.0 -9999.0 -9999.0 -9999.0 -9999.0 -9999.0 -9999.0 -9999.0 -9999.0 -9999.0 -9999.0 -9999.0 -9999.0 -9999.0 -9999.0 -9999.0 -9999.0 -9999.0 -9999.0
419.729 419.727 419.724 419.722 419.719 419.716 419.712 419.708 419.704 419.699 419.695 419.689 419.684 419.677 419.671 419.664 419.656 419.648 419.639 419.63 419.62 419.61 419.599 419.588 419.575 419.562 419.549 419.535 419.52 419.504 419.488 419.47 -9999.0 -9999.0 -9999.0 -9999.0 -9999.0 -9999.0 -9999.0 -9999.0 -9999.0 -9999.0 -9999.0 -9999.0 -9999.0 -9999.0 -9999.0 -9999.0 -9999.0 -9999.0 -9999.0 -9999.0 -9999.0 -9999.0 -9999.0 -9999.0 -9999.0 -9999.0 -9999.0 -9999.0 -9999.0 -9999.0 -9999.0 -9999.0 -9999.0 -9999.0 -9999.0
419.715 419.712 419.71 419.707 419.704 419.701 419.697 419.693 419.689 419.684 419.679 419.673 419.668 419.661 419.655 419.647 419.64 419.632 419.623 419.614 419.604 419.594 419.583 419.571 419.559 419.546 419.533 419.518 419.504 419.488 419.472 419.455 -9999.0 -9999.0 -9999.0 -9999.0 -9999.0 -9999.0 -9999.0 -9999.0 -9999.0 -9999.0 -9999.0 -9999.0 -9999.0 -9999.0 -9999.0 -9999.0 -9999.0 -9999.0 -9999.0 -9999.0 -9999.0 -9999.0 -9999.0 -9999.0 -9999.0 -9999.0 -9999.0 -9999.0 -9999.0 -9999.0 -9999.0 -9999.0 -9999.0 -9999.0 -9999.0
419.701 419.698 419.696 419.693 419.689 419.686 419.682 419.678 419.674 419.669 419.664 419.658 419.652 419.646 419.639 419.632 419.624 419.616 419.607 419.598 419.588 419.577 419.566 419.555 419.543 419.53 419.517 419.503 419.488 419.473 419.457 419.44 419.423 -9999.0 -9999.0 -9999.0 419.346 -9999.0 -9999.0 -9999.0 -9999.0 -9999.0 -9999.0 -9999.0 -9999.0 -9999.0 -9999.0 -9999.0 -9999.0 -9999.0 -9999.0 -9999.0 -9999.0 -9999.0 -9999.0 -9999.0 -9999.0 -9999.0 -9999.0 -9999.0 -9999.0 -9999.0 -9999.0 -9999.0 -9999.0 -9999.0 -9999.0
419.687 419.684 419.681 419.678 419.675 419.671 419.667 419.663 419.659 419.654 419.648 419.643 419.637 419.63 419.623 419.616 419.608 419.6 419.591 419.582 419.572 419.562 419.551 419.539 419.527 419.515 419.501 419.487 419.473 419.458 419.442 419.426 419.408 -9999.0 -9999.0 -9999.0 419.333 419.313 419.289 -9999.0 -9999.0 -9999.0 -9999.0 -9999.0 -9999.0 -9999.0 -9999.0 -9999.0 -9999.0 -9999.0 -9999.0 -9999.0 -9999.0 -9999.0 -9999.0 -9999.0 -9999.0 -9999.0 -9999.0 -9999.0 -9999.0 -9999.0 -9999.0 -9999.0 -9999.0 -9999.0 -9999.0
419.673 419.67 419.667 419.664 419.661 419.657 419.653 419.649 419.644 419.639 419.634 419.628 419.622 419.615 419.608 419.601 419.593 419.585 419.576 419.567 419.557 419.546 419.536 419.524 419.512 419.5 419.487 419.473 419.458 419.444 419.428 419.412 419.395 419.377 419.359 419.341 419.321 419.3 419.275 419.248 419.221 419.192 419.163 -9999.0 -9999.0 -9999.0 -9999.0 -9999.0 -9999.0 -9999.0 -9999.0 -9999.0 -9999.0 -9999.0 -9999.0 -9999.0 -9999.0 -9999.0 -9999.0 -9999.0 -9999.0 -9999.0 -9999.0 -9999.0 -9999.0 -9999.0 -9999.0
419.659 419.657 419.654 419.65 419.647 419.643 419.639 419.634 419.63 419.625 419.619 419.613 419.607 419.6 419.593 419.586 419.578 419.57 419.561 419.552 419.542 419.532 419.521 419.51 419.498 419.485 419.472 419.459 419.445 419.43 419.414 419.399 419.382 419.365 419.347 419.329 419.309 419.285 419.259 419.233 419.206 419.178 419.15 419.121 419.091 -9999.0 -9999.0 -9999.0 -9999.0 -9999.0 -9999.0 -9999.0 -9999.0 -9999.0 -9999.0 -9999.0 -9999.0 -9999.0 -9999.0 -9999.0 -9999.0 -9999.0 -9999.0 -9999.0 -9999.0 -9999.0 -9999.0
419.646 419.643 419.64 419.637 419.633 419.629 419.625 419.62 419.616 419.61 419.605 419.599 419.593 419.586 419.579 419.572 419.564 419.555 419.547 419.537 419.528 419.517 419.507 419.495 419.484 419.471 419.458 419.445 419.431 419.417 419.402 419.386 419.37 419.353 419.334 419.315 419.293 419.269 419.244 419.219 419.193 419.166 419.138 419.11 419.081 -9999.0 -9999.0 -9999.0 -9999.0 -9999.0 -9999.0 -9999.0 -9999.0 -9999.0 -9999.0 -9999.0 -9999.0 -9999.0 -9999.0 -9999.0 -9999.0 -9999.0 -9999.0 -9999.0 -9999.0 -9999.0 -9999.0
419.633 419.63 419.627 419.623 419.62 419.616 419.611 419.607 419.602 419.596 419.591 419.585 419.579 419.572 419.565 419.557 419.55 419.541 419.532 419.523 419.514 419.503 419.493 419.482 419.47 419.458 419.445 419.432 419.418 419.404 419.389 419.373 419.356 419.338 419.32 419.301 419.278 419.254 419.23 419.205 419.18 419.153 419.127 419.098 419.068 419.037 419.006 418.974 -9999.0 -9999.0 -9999.0 -9999.0 -9999.0 -9999.0 -9999.0 -9999.0 -9999.0 -9999.0 -9999.0 -9999.0 -9999.0 -9999.0 -9999.0 -9999.0 -9999.0 -9999.0 -9999.0
419.62 419.617 419.613 419.61 419.606 419.602 419.598 419.593 419.588 419.583 419.577 419.571 419.565 419.558 419.551 419.544 419.536 419.528 419.519 419.51 419.5 419.49 419.479 419.468 419.457 419.445 419.432 419.419 419.405 419.39 419.375 419.358 419.341 419.324 419.306 419.285 419.263 419.24 419.217 419.192 419.167 419.141 419.113 419.085 419.056 419.026 418.995 418.964 418.933 418.901 -9999.0 -9999.0 -9999.0 -9999.0 -9999.0 -9999.0 -9999.0 -9999.0 -9999.0 -9999.0 -9999.0 -9999.0 -9999.0 -9999.0 -9999.0 -9999.0 -9999.0
419.607 419.604 419.6 419.597 419.593 419.589 419.585 419.58 419.575 419.57 419.564 419.558 419.552 419.545 419.538 419.53 419.522 419.514 419.506 419.496 419.487 419.477 419.467 419.456 419.444 419.431 419.418 419.404 419.39 419.375 419.36 419.344 419.327 419.31 419.292 419.271 419.249 419.227 419.204 419.18 419.154 419.127 419.1 419.072 419.044 419.015 418.986 418.956 418.925 418.893 -9999.0 -9999.0 -9999.0 -9999.0 -9999.0 -9999.0 -9999.0 -9999.0 -9999.0 -9999.0 -9999.0 -9999.0 -9999.0 -9999.0 -9999.0 -9999.0 -9999.0
419.591 419.588 419.586 419.583 419.579 419.576 419.572 419.567 419.562 419.557 419.551 419.545 419.539 419.532 419.525 419.517 419.51 419.501 419.493 419.483 419.473 419.463 419.452 419.44 419.428 419.416 419.403 419.389 419.375 419.36 419.345 419.33 419.313 419.296 419.278 419.257 419.236 419.214 419.19 419.165 419.14 419.114 419.087 419.06 419.033 419.005 418.976 418.947 418.916 418.884 -9999.0 -9999.0 -9999.0 -9999.0 -9999.0 -9999.0 -9999.0 -9999.0 -9999.0 -9999.0 -9999.0 -9999.0 -9999.0 -9999.0 -9999.0 -9999.0 -9999.0
419.575 419.573 419.57 419.567 419.563 419.56 419.556 419.551 419.546 419.541 419.536 419.53 419.523 419.517 419.51 419.502 419.494 419.485 419.477 419.467 419.457 419.447 419.436 419.425 419.413 419.401 419.388 419.374 419.361 419.346 419.331 419.316 419.3 419.284 419.264 419.243 419.221 419.198 419.175 419.151 419.126 419.101 419.075 419.049 419.022 418.995 418.966 418.936 418.906 -9999.0 -9999.0 -9999.0 -9999.0 -9999.0 -9999.0 -9999.0 -9999.0 -9999.0 -9999.0 -9999.0 -9999.0 -9999.0 -9999.0 -9999.0 -9999.0 -9999.0 -9999.0
419.56 419.557 419.554 419.551 419.548 419.544 419.54 419.535 419.531 419.525 419.52 419.514 419.508 419.501 419.494 419.486 419.478 419.47 419.461 419.452 419.442 419.432 419.421 419.41 419.398 419.386 419.373 419.36 419.347 419.333 419.318 419.303 419.287 419.268 419.248 419.227 419.205 419.183 419.16 419.137 419.113 419.089 419.064 419.039 419.012 418.984 418.955 418.926 -9999.0 -9999.0 -9999.0 -9999.0 -9999.0 -9999.0 -9999.0 -9999.0 -9999.0 -9999.0 -9999.0 -9999.0 -9999.0 -9999.0 -9999.0 -9999.0 -9999.0 -9999.0 -9999.0
419.545 419.542 419.539 419.536 419.533 419.529 419.525 419.52 419.515 419.51 419.504 419.498 419.492 419.485 419.478 419.471 419.463 419.455 419.446 419.437 419.427 419.417 419.406 419.395 419.384 419.372 419.359 419.347 419.333 419.319 419.304 419.288 419.271 419.252 419.232 419.212 419.19 419.169 419.147 419.124 419.101 419.077 419.052 419.026 418.999 418.972 418.945 418.917 -9999.0 -9999.0 -9999.0 -9999.0 -9999.0 -9999.0 -9999.0 -9999.0 -9999.0 -9999.0 -9999.0 -9999.0 -9999.0 -9999.0 -9999.0 -9999.0 -9999.0 -9999.0 -9999.0
419.53 419.527 419.524 419.521 419.517 419.514 419.509 419.505 419.5 419.495 419.489 419.483 419.477 419.47 419.463 419.456 419.448 419.44 419.431 419.422 419.412 419.402 419.392 419.381 419.37 419.358 419.346 419.332 419.318 419.303 419.288 419.273 419.255 419.236 419.217 419.197 419.176 419.155 419.134 419.112 419.089 419.064 419.039 419.013 418.988 418.961 418.934 418.907 -9999.0 -9999.0 -9999.0 -9999.0 -9999.0 -9999.0 -9999.0 -9999.0 -9999.0 -9999.0 -9999.0 -9999.0 -9999.0 -9999.0 -9999.0 -9999.0 -9999.0 -9999.0 -9999.0
419.515 419.512 419.509 419.506 419.503 419.499 419.495 419.49 419.485 419.48 419.474 419.468 419.462 419.456 419.449 419.441 419.433 419.425 419.417 419.408 419.398 419.388 419.378 419.366 419.354 419.342 419.329 419.316 419.302 419.288 419.273 419.257 419.239 419.221 419.202 419.183 419.163 419.142 419.12 419.098 419.074 419.05 419.026 419.001 418.976 418.951 418.925 418.899 -9999.0 -9999.0 -9999.0 -9999.0 -9999.0 -9999.0 -9999.0 -9999.0 -9999.0 -9999.0 -9999.0 -9999.0 -9999.0 -9999.0 -9999.0 -9999.0 -9999.0 -9999.0 -9999.0
419.499 419.497 419.494 419.491 419.488 419.484 419.48 419.475 419.471 419.465 419.46 419.454 419.448 419.441 419.434 419.427 419.419 419.41 419.401 419.392 419.382 419.372 419.361 419.35 419.338 419.326 419.313 419.3 419.286 419.273 419.258 419.242 419.224 419.206 419.188 419.169 419.148 419.127 419.105 419.083 419.06 419.037 419.014 418.99 418.965 418.941 418.916 418.89 418.865 -9999.0 -9999.0 -9999.0 -9999.0 -9999.0 -9999.0 -9999.0 -9999.0 -9999.0 -9999.0 -9999.0 -9999.0 -9999.0 -9999.0 -9999.0 -9999.0 -9999.0 -9999.0
