static/jobfarm/user_models/minyf/common/HOME-GBHM/输出文件/Output/Grids/snowmelt20020225.asc
ncols 221
nrows 204
xllcorner -627000.0
yllcorner 3955000.0
cellsize 900.0
NODATA_value -9999.0
[rows 33 to 65 of 204, columns 74 to 147 of 221]
1.16 1.154 1.147 1.141 1.134 1.128 1.121 1.113 1.106 1.098 1.09 1.081 1.073 1.064 1.058 1.052 1.045 1.039 1.032 1.025 1.018 1.014 1.01 1.007 1.003 0.999 0.995 0.995 0.995 0.995 0.995 0.995 0.995 0.995 0.995 0.995 0.995 0.995 0.995 0.995 0.995 0.995 0.995 0.995 0.995 0.995 -9999.0 -9999.0 -9999.0 -9999.0 -9999.0 -9999.0 -9999.0 -9999.0 -9999.0 -9999.0 -9999.0 -9999.0 -9999.0 -9999.0 -9999.0 -9999.0 -9999.0 -9999.0 -9999.0 -9999.0 -9999.0 -9999.0 -9999.0 -9999.0 -9999.0 -9999.0 -9999.0 -9999.0
1.159 1.153 1.147 1.14 1.134 1.127 1.12 1.112 1.105 1.097 1.089 1.081 1.072 1.063 1.057 1.051 1.045 1.038 1.031 1.025 1.017 1.014 1.01 1.006 1.003 0.999 0.995 0.995 0.995 0.995 0.995 0.995 0.995 0.995 0.995 0.995 0.995 0.995 0.995 0.995 0.995 0.995 0.995 0.995 0.995 -9999.0 -9999.0 -9999.0 -9999.0 -9999.0 -9999.0 -9999.0 -9999.0 -9999.0 -9999.0 -9999.0 -9999.0 -9999.0 -9999.0 -9999.0 -9999.0 -9999.0 -9999.0 -9999.0 -9999.0 -9999.0 -9999.0 -9999.0 -9999.0 -9999.0 -9999.0 -9999.0 -9999.0 -9999.0
1.157 1.151 1.145 1.139 1.132 1.125 1.118 1.111 1.103 1.095 1.087 1.079 1.071 1.062 1.056 1.05 1.043 1.037 1.03 1.023 1.016 1.013 1.009 1.005 1.002 0.998 0.994 0.994 0.994 0.994 0.994 0.994 0.994 0.994 0.994 0.994 0.994 0.994 0.994 0.994 0.994 0.994 0.994 0.994 0.994 -9999.0 -9999.0 -9999.0 -9999.0 -9999.0 -9999.0 -9999.0 -9999.0 -9999.0 -9999.0 -9999.0 -9999.0 -9999.0 -9999.0 -9999.0 -9999.0 -9999.0 -9999.0 -9999.0 -9999.0 -9999.0 -9999.0 -9999.0 -9999.0 -9999.0 -9999.0 -9999.0 -9999.0 -9999.0
1.156 1.15 1.144 1.137 1.131 1.124 1.117 1.109 1.102 1.094 1.086 1.078 1.069 1.061 1.055 1.048 1.042 1.036 1.029 1.022 1.015 1.012 1.008 1.004 1.001 0.997 0.993 0.993 0.993 0.993 0.993 0.993 0.993 0.993 0.993 0.993 0.993 0.993 0.993 0.993 0.993 0.993 0.993 0.993 0.993 0.993 -9999.0 -9999.0 -9999.0 -9999.0 -9999.0 -9999.0 -9999.0 -9999.0 -9999.0 -9999.0 -9999.0 -9999.0 -9999.0 -9999.0 -9999.0 -9999.0 -9999.0 -9999.0 -9999.0 -9999.0 -9999.0 -9999.0 -9999.0 -9999.0 -9999.0 -9999.0 -9999.0 -9999.0
1.153 1.147 1.141 1.135 1.128 1.121 1.114 1.107 1.099 1.091 1.083 1.075 1.067 1.058 1.052 1.046 1.04 1.033 1.027 1.02 1.013 1.01 1.006 1.002 0.999 0.995 0.991 0.991 0.991 0.991 0.991 0.991 0.991 0.991 0.991 0.991 0.991 0.991 0.991 0.991 0.991 0.991 0.991 0.991 0.991 0.991 -9999.0 -9999.0 -9999.0 -9999.0 -9999.0 -9999.0 -9999.0 -9999.0 -9999.0 -9999.0 -9999.0 -9999.0 -9999.0 -9999.0 -9999.0 -9999.0 -9999.0 -9999.0 -9999.0 -9999.0 -9999.0 -9999.0 -9999.0 -9999.0 -9999.0 -9999.0 -9999.0 -9999.0
1.152 1.146 1.14 1.133 1.127 1.12 1.113 1.106 1.098 1.09 1.082 1.074 1.066 1.057 1.051 1.045 1.039 1.033 1.026 1.019 1.013 1.009 1.006 1.002 0.998 0.995 0.991 0.991 0.991 0.991 0.991 0.991 0.991 0.991 0.991 0.991 0.991 0.991 0.991 0.991 0.991 0.991 0.991 0.991 0.991 0.991 0.991 0.991 0.991 0.991 0.991 0.991 -9999.0 -9999.0 -9999.0 -9999.0 -9999.0 -9999.0 -9999.0 -9999.0 -9999.0 -9999.0 -9999.0 -9999.0 -9999.0 -9999.0 -9999.0 -9999.0 -9999.0 -9999.0 -9999.0 -9999.0 -9999.0 -9999.0
1.151 1.145 1.139 1.133 1.126 1.119 1.112 1.105 1.097 1.089 1.081 1.073 1.065 1.056 1.05 1.044 1.038 1.032 1.025 1.019 1.012 1.009 1.005 1.002 0.998 0.994 0.991 0.991 0.991 0.991 0.991 0.991 0.991 0.991 0.991 0.991 0.991 0.991 0.991 0.991 0.991 0.991 0.991 0.991 0.991 0.991 0.991 0.991 0.991 0.991 0.991 0.991 0.991 -9999.0 -9999.0 -9999.0 -9999.0 -9999.0 -9999.0 -9999.0 -9999.0 -9999.0 -9999.0 -9999.0 -9999.0 -9999.0 -9999.0 -9999.0 -9999.0 -9999.0 -9999.0 -9999.0 -9999.0 -9999.0
1.151 1.145 1.138 1.132 1.125 1.118 1.111 1.104 1.096 1.089 1.081 1.073 1.064 1.059 1.053 1.047 1.041 1.034 1.028 1.021 1.015 1.011 1.008 1.004 1.001 0.997 0.993 0.993 0.993 0.993 0.993 0.993 0.993 0.993 0.993 0.993 0.993 0.993 0.993 0.993 0.993 0.993 0.993 0.993 0.993 0.993 0.993 0.993 0.993 0.993 0.993 0.993 0.993 -9999.0 -9999.0 -9999.0 -9999.0 -9999.0 -9999.0 -9999.0 -9999.0 -9999.0 -9999.0 -9999.0 -9999.0 -9999.0 -9999.0 -9999.0 -9999.0 -9999.0 -9999.0 -9999.0 -9999.0 -9999.0
1.15 1.144 1.138 1.131 1.124 1.118 1.11 1.103 1.096 1.088 1.08 1.072 1.064 1.058 1.052 1.046 1.04 1.034 1.028 1.021 1.015 1.011 1.008 1.004 1.001 0.997 0.994 0.994 0.994 0.994 0.994 0.994 0.994 0.994 0.994 0.994 0.994 0.994 0.994 0.994 0.994 0.994 0.994 0.994 0.994 0.994 0.994 0.994 0.994 0.994 0.994 0.994 0.994 0.994 -9999.0 -9999.0 -9999.0 -9999.0 -9999.0 -9999.0 -9999.0 -9999.0 -9999.0 -9999.0 -9999.0 -9999.0 -9999.0 -9999.0 -9999.0 -9999.0 -9999.0 -9999.0 -9999.0 -9999.0
1.15 1.143 1.137 1.131 1.124 1.117 1.11 1.103 1.095 1.088 1.08 1.072 1.064 1.058 1.052 1.046 1.04 1.034 1.028 1.021 1.015 1.012 1.008 1.005 1.001 0.998 0.994 0.994 0.994 0.994 0.994 0.994 0.994 0.994 0.994 0.994 0.994 0.994 0.994 0.994 0.994 0.994 0.994 0.994 0.994 0.994 0.994 0.994 0.994 0.994 0.994 0.994 0.994 -9999.0 -9999.0 -9999.0 -9999.0 -9999.0 -9999.0 -9999.0 -9999.0 -9999.0 -9999.0 -9999.0 -9999.0 -9999.0 -9999.0 -9999.0 -9999.0 -9999.0 -9999.0 -9999.0 -9999.0 -9999.0
1.149 1.143 1.137 1.13 1.124 1.117 1.11 1.103 1.095 1.088 1.08 1.072 1.064 1.058 1.052 1.046 1.04 1.034 1.028 1.022 1.015 1.012 1.009 1.005 1.002 0.998 0.995 0.995 0.995 0.995 0.995 0.995 0.995 0.995 0.995 0.995 0.995 0.995 0.995 0.995 0.995 0.995 0.995 0.995 0.995 0.995 0.995 0.995 0.995 0.995 0.995 0.995 0.995 -9999.0 -9999.0 -9999.0 -9999.0 -9999.0 -9999.0 -9999.0 -9999.0 -9999.0 -9999.0 -9999.0 -9999.0 -9999.0 -9999.0 -9999.0 -9999.0 -9999.0 -9999.0 -9999.0 -9999.0 -9999.0
1.149 1.143 1.137 1.13 1.124 1.117 1.11 1.103 1.095 1.088 1.08 1.072 1.064 1.058 1.053 1.047 1.041 1.035 1.029 1.022 1.016 1.013 1.009 1.006 1.003 0.999 0.996 0.996 0.996 0.996 0.996 0.996 0.996 0.996 0.996 0.996 0.996 0.996 0.996 0.996 0.996 0.996 0.996 0.996 0.996 0.996 0.996 0.996 0.996 0.996 0.996 0.996 0.996 -9999.0 -9999.0 -9999.0 -9999.0 -9999.0 -9999.0 -9999.0 -9999.0 -9999.0 -9999.0 -9999.0 -9999.0 -9999.0 -9999.0 -9999.0 -9999.0 -9999.0 -9999.0 -9999.0 -9999.0 -9999.0
1.148 1.142 1.136 1.129 1.122 1.115 1.108 1.101 1.094 1.086 1.079 1.071 1.063 1.057 1.052 1.046 1.04 1.034 1.028 1.022 1.015 1.012 1.009 1.006 1.002 0.999 0.995 0.995 0.995 0.995 0.995 0.995 0.995 0.995 0.995 0.995 0.995 0.995 0.995 0.995 0.995 0.995 0.995 0.995 0.995 0.995 0.995 0.995 0.995 0.995 0.995 0.995 0.995 0.995 -9999.0 -9999.0 -9999.0 -9999.0 -9999.0 -9999.0 -9999.0 -9999.0 -9999.0 -9999.0 -9999.0 -9999.0 -9999.0 -9999.0 -9999.0 -9999.0 -9999.0 -9999.0 -9999.0 -9999.0
1.148 1.142 1.136 1.129 1.123 1.116 1.109 1.102 1.094 1.087 1.079 1.071 1.063 1.058 1.052 1.047 1.041 1.035 1.029 1.023 1.016 1.013 1.01 1.007 1.003 1.0 0.997 0.993 0.993 0.993 0.993 0.993 0.993 0.993 0.993 0.993 0.993 0.993 0.993 0.993 0.993 0.993 0.993 0.993 0.993 0.993 0.993 0.993 0.993 0.993 0.993 0.993 0.993 0.993 0.993 -9999.0 -9999.0 0.993 0.993 -9999.0 -9999.0 -9999.0 -9999.0 -9999.0 -9999.0 -9999.0 -9999.0 -9999.0 -9999.0 -9999.0 -9999.0 -9999.0 -9999.0 -9999.0
1.127 1.121 1.114 1.108 1.101 1.094 1.087 1.08 1.073 1.066 1.058 1.05 1.042 1.034 1.029 1.023 1.017 1.011 1.005 0.999 0.993 0.99 0.987 0.984 0.98 0.977 0.974 0.97 0.97 0.97 0.97 0.97 0.97 0.97 0.97 0.97 0.97 0.97 0.97 0.97 0.97 0.97 0.97 0.97 0.97 0.97 0.97 0.97 0.97 0.97 0.97 0.97 0.97 0.97 0.97 -9999.0 -9999.0 0.97 0.97 -9999.0 -9999.0 -9999.0 -9999.0 -9999.0 -9999.0 -9999.0 -9999.0 -9999.0 -9999.0 -9999.0 -9999.0 -9999.0 -9999.0 -9999.0
1.128 1.122 1.115 1.109 1.102 1.095 1.088 1.081 1.074 1.067 1.059 1.051 1.043 1.035 1.03 1.024 1.019 1.013 1.007 1.001 0.995 0.992 0.988 0.985 0.982 0.979 0.975 0.972 0.972 0.972 0.972 0.972 0.972 0.972 0.972 0.972 0.972 0.972 0.972 0.972 0.972 0.972 0.972 0.972 0.972 0.972 0.972 0.972 0.972 0.972 0.972 0.972 0.972 0.972 0.972 0.972 0.972 0.972 0.972 -9999.0 -9999.0 -9999.0 -9999.0 -9999.0 -9999.0 -9999.0 -9999.0 -9999.0 -9999.0 -9999.0 -9999.0 -9999.0 -9999.0 -9999.0
1.127 1.121 1.115 1.108 1.102 1.095 1.088 1.081 1.074 1.066 1.059 1.051 1.043 1.035 1.03 1.024 1.018 1.013 1.007 1.001 0.995 0.992 0.989 0.986 0.982 0.979 0.976 0.973 0.973 0.973 0.973 0.973 0.973 0.973 0.973 0.973 0.973 0.973 0.973 0.973 0.973 0.973 0.973 0.973 0.973 0.973 0.973 0.973 0.973 0.973 0.973 0.973 0.973 0.973 0.973 0.973 0.973 0.973 0.973 -9999.0 -9999.0 -9999.0 -9999.0 -9999.0 -9999.0 -9999.0 -9999.0 -9999.0 -9999.0 -9999.0 -9999.0 -9999.0 -9999.0 -9999.0
1.129 1.122 1.116 1.109 1.103 1.096 1.089 1.082 1.075 1.068 1.06 1.052 1.045 1.037 1.031 1.026 1.02 1.015 1.009 1.003 0.997 0.994 0.991 0.988 0.985 0.981 0.978 0.975 0.975 0.975 0.975 0.975 0.975 0.975 0.975 0.975 0.975 0.975 0.975 0.975 0.975 0.975 0.975 0.975 0.975 0.975 0.975 0.975 0.975 0.975 0.975 0.975 0.975 0.975 0.975 0.975 0.975 0.975 0.975 0.975 0.975 0.975 -9999.0 -9999.0 -9999.0 -9999.0 -9999.0 -9999.0 -9999.0 -9999.0 -9999.0 -9999.0 -9999.0 -9999.0
1.13 1.124 1.117 1.111 1.104 1.097 1.091 1.084 1.076 1.069 1.062 1.054 1.046 1.039 1.033 1.028 1.022 1.017 1.011 1.005 0.999 0.993 0.99 0.987 0.984 0.981 0.978 0.975 0.971 0.971 0.971 0.971 0.971 0.971 0.971 0.971 0.971 0.971 0.971 0.971 0.971 0.971 0.971 0.971 0.971 0.971 0.971 0.971 0.971 0.971 0.971 0.971 0.971 0.971 0.971 0.971 0.971 0.971 0.971 0.971 0.971 0.971 -9999.0 -9999.0 -9999.0 -9999.0 -9999.0 -9999.0 -9999.0 -9999.0 -9999.0 -9999.0 -9999.0 -9999.0
1.13 1.124 1.117 1.111 1.104 1.097 1.091 1.084 1.076 1.069 1.062 1.054 1.047 1.039 1.033 1.028 1.023 1.017 1.011 1.006 1.0 0.994 0.991 0.988 0.985 0.982 0.979 0.976 0.972 0.972 0.972 0.972 0.972 0.972 0.972 0.972 0.972 0.972 0.972 0.972 0.972 0.972 0.972 0.972 0.972 0.972 0.972 0.972 0.972 0.972 0.972 0.972 0.972 0.972 0.972 0.972 0.972 0.972 0.972 0.972 0.972 0.972 -9999.0 -9999.0 -9999.0 -9999.0 -9999.0 -9999.0 -9999.0 -9999.0 -9999.0 -9999.0 -9999.0 -9999.0
0.961 0.955 0.949 0.942 0.936 0.929 0.922 0.915 0.908 0.901 0.893 0.886 0.878 0.871 0.865 0.86 0.855 0.849 0.843 0.838 0.832 0.826 0.823 0.82 0.817 0.814 0.811 0.808 0.805 0.805 0.805 0.805 0.805 0.805 0.805 0.805 0.805 0.805 0.805 0.805 0.805 0.805 0.805 0.805 0.805 0.805 0.805 0.805 0.805 0.805 0.805 0.805 0.805 0.805 0.805 0.805 0.805 0.805 0.805 0.805 0.805 -9999.0 -9999.0 -9999.0 -9999.0 -9999.0 -9999.0 -9999.0 -9999.0 -9999.0 -9999.0 -9999.0 -9999.0 -9999.0
0.963 0.957 0.951 0.944 0.938 0.931 0.924 0.917 0.91 0.903 0.896 0.888 0.881 0.873 0.865 0.86 0.855 0.849 0.844 0.838 0.833 0.827 0.824 0.821 0.818 0.815 0.812 0.809 0.806 0.803 0.803 0.803 0.803 0.803 0.803 0.803 0.803 0.803 0.803 0.803 0.803 0.803 0.803 0.803 0.803 0.803 0.803 0.803 0.803 0.803 0.803 0.803 0.803 0.803 0.803 0.803 0.803 0.803 0.803 0.803 0.803 -9999.0 -9999.0 -9999.0 -9999.0 -9999.0 -9999.0 -9999.0 -9999.0 -9999.0 -9999.0 -9999.0 -9999.0 -9999.0
0.964 0.958 0.951 0.945 0.938 0.932 0.925 0.918 0.911 0.904 0.897 0.889 0.882 0.874 0.866 0.861 0.856 0.851 0.845 0.84 0.834 0.828 0.823 0.82 0.817 0.814 0.811 0.808 0.805 0.802 0.802 0.802 0.802 0.802 0.802 0.802 0.802 0.802 0.802 0.802 0.802 0.802 0.802 0.802 0.802 0.802 0.802 0.802 0.802 0.802 0.802 0.802 0.802 0.802 0.802 0.802 0.802 0.802 0.802 0.802 0.802 0.802 -9999.0 -9999.0 -9999.0 -9999.0 -9999.0 -9999.0 -9999.0 -9999.0 -9999.0 -9999.0 -9999.0 -9999.0
0.967 0.96 0.954 0.948 0.941 0.934 0.928 0.921 0.914 0.907 0.899 0.892 0.885 0.877 0.87 0.864 0.859 0.854 0.848 0.843 0.837 0.832 0.826 0.823 0.82 0.818 0.815 0.812 0.809 0.806 0.806 0.806 0.806 0.806 0.806 0.806 0.806 0.806 0.806 0.806 0.806 0.806 0.806 0.806 0.806 0.806 0.806 0.806 0.806 0.806 0.806 0.806 0.806 0.806 0.806 0.806 0.806 0.806 0.806 0.806 0.806 0.806 0.806 0.806 0.806 -9999.0 -9999.0 -9999.0 -9999.0 -9999.0 -9999.0 -9999.0 -9999.0 -9999.0
0.967 0.961 0.955 0.948 0.942 0.935 0.928 0.922 0.915 0.908 0.9 0.893 0.886 0.878 0.871 0.866 0.861 0.855 0.85 0.845 0.839 0.834 0.828 0.825 0.822 0.82 0.817 0.814 0.811 0.808 0.805 0.805 0.805 0.805 0.805 0.805 0.805 0.805 0.805 0.805 0.805 0.805 0.805 0.805 0.805 0.805 0.805 0.805 0.805 0.805 0.805 0.805 0.805 0.805 0.805 0.805 0.805 0.805 0.805 0.805 0.805 0.805 0.805 0.805 0.805 0.805 -9999.0 -9999.0 -9999.0 -9999.0 -9999.0 -9999.0 -9999.0 -9999.0
0.97 0.964 0.958 0.951 0.945 0.938 0.931 0.925 0.918 0.911 0.904 0.896 0.889 0.882 0.874 0.867 0.861 0.856 0.851 0.846 0.84 0.835 0.829 0.824 0.821 0.818 0.816 0.813 0.81 0.807 0.804 0.804 0.804 0.804 0.804 0.804 0.804 0.804 0.804 0.804 0.804 0.804 0.804 0.804 0.804 0.804 0.804 0.804 0.804 0.804 0.804 0.804 0.804 0.804 0.804 0.804 0.804 0.804 0.804 0.804 0.804 0.804 0.804 0.804 0.804 0.804 -9999.0 -9999.0 -9999.0 -9999.0 -9999.0 -9999.0 -9999.0 -9999.0
0.971 0.965 0.959 0.952 0.946 0.939 0.933 0.926 0.919 0.912 0.905 0.898 0.891 0.883 0.876 0.868 0.863 0.858 0.853 0.848 0.842 0.837 0.832 0.826 0.823 0.821 0.818 0.815 0.812 0.809 0.807 0.804 0.804 0.804 0.804 0.804 0.804 0.804 0.804 0.804 0.804 0.804 0.804 0.804 0.804 0.804 0.804 0.804 0.804 0.804 0.804 0.804 0.804 0.804 0.804 0.804 0.804 0.804 0.804 0.804 0.804 0.804 0.804 0.804 0.804 0.804 -9999.0 -9999.0 -9999.0 -9999.0 -9999.0 -9999.0 -9999.0 -9999.0
0.972 0.966 0.96 0.953 0.947 0.94 0.933 0.927 0.92 0.913 0.906 0.899 0.892 0.884 0.877 0.87 0.865 0.86 0.854 0.849 0.844 0.839 0.833 0.828 0.823 0.82 0.817 0.814 0.812 0.809 0.806 0.803 0.803 0.803 0.803 0.803 0.803 0.803 0.803 0.803 0.803 0.803 0.803 0.803 0.803 0.803 0.803 0.803 0.803 0.803 0.803 0.803 0.803 0.803 0.803 0.803 0.803 0.803 0.803 0.803 0.803 0.803 0.803 0.803 0.803 0.803 -9999.0 -9999.0 0.803 -9999.0 -9999.0 -9999.0 -9999.0 -9999.0
0.975 0.969 0.963 0.956 0.95 0.943 0.937 0.93 0.923 0.916 0.909 0.902 0.895 0.888 0.881 0.873 0.866 0.861 0.856 0.851 0.846 0.841 0.835 0.83 0.825 0.822 0.819 0.817 0.814 0.811 0.808 0.806 0.803 0.803 0.803 0.803 0.803 0.803 0.803 0.803 0.803 0.803 0.803 0.803 0.803 0.803 0.803 0.803 0.803 0.803 0.803 0.803 0.803 0.803 0.803 0.803 0.803 0.803 0.803 0.803 0.803 0.803 0.803 0.803 0.803 0.803 0.803 0.803 0.803 0.803 0.803 -9999.0 -9999.0 -9999.0
0.977 0.971 0.964 0.958 0.951 0.945 0.938 0.932 0.925 0.918 0.911 0.904 0.897 0.89 0.883 0.876 0.868 0.863 0.858 0.853 0.848 0.843 0.838 0.833 0.827 0.825 0.822 0.819 0.817 0.814 0.811 0.809 0.806 0.806 0.806 0.806 0.806 0.806 0.806 0.806 0.806 0.806 0.806 0.806 0.806 0.806 0.806 0.806 0.806 0.806 0.806 0.806 0.806 0.806 0.806 0.806 0.806 0.806 0.806 0.806 0.806 0.806 0.806 0.806 0.806 0.806 0.806 0.806 0.806 0.806 0.806 0.806 -9999.0 0.806
0.98 0.974 0.968 0.961 0.955 0.948 0.942 0.935 0.929 0.922 0.915 0.908 0.901 0.894 0.887 0.88 0.872 0.865 0.86 0.855 0.85 0.845 0.84 0.835 0.83 0.825 0.822 0.819 0.817 0.814 0.811 0.809 0.806 0.803 0.803 0.803 0.803 0.803 0.803 0.803 0.803 0.803 0.803 0.803 0.803 0.803 0.803 0.803 0.803 0.803 0.803 0.803 0.803 0.803 0.803 0.803 0.803 0.803 0.803 0.803 0.803 0.803 0.803 0.803 0.803 0.803 0.803 0.803 0.803 0.803 0.803 0.803 0.803 0.803
0.982 0.976 0.969 0.963 0.957 0.95 0.944 0.937 0.93 0.924 0.917 0.91 0.903 0.896 0.889 0.882 0.875 0.867 0.863 0.858 0.853 0.848 0.843 0.838 0.833 0.827 0.825 0.822 0.82 0.817 0.815 0.812 0.809 0.807 0.804 0.804 0.804 0.804 0.804 0.804 0.804 0.804 0.804 0.804 0.804 0.804 0.804 0.804 0.804 0.804 0.804 0.804 0.804 0.804 0.804 0.804 0.804 0.804 0.804 0.804 0.804 0.804 0.804 0.804 0.804 0.804 0.804 0.804 0.804 0.804 0.804 0.804 0.804 0.804
0.983 0.977 0.97 0.964 0.958 0.951 0.945 0.938 0.931 0.925 0.918 0.911 0.904 0.897 0.89 0.883 0.876 0.869 0.862 0.857 0.852 0.847 0.842 0.837 0.832 0.827 0.822 0.82 0.817 0.815 0.812 0.81 0.807 0.805 0.802 0.802 0.802 0.802 0.802 0.802 0.802 0.802 0.802 0.802 0.802 0.802 0.802 0.802 0.802 0.802 0.802 0.802 0.802 0.802 0.802 0.802 0.802 0.802 0.802 0.802 0.802 0.802 0.802 0.802 0.802 0.802 0.802 0.802 0.802 0.802 0.802 0.802 0.802 0.802
