static/jobfarm/user_models/minyf/common/HOME-GBHM/输出文件/Output/Grids/snowmelt20020225.asc
ncols 221
nrows 204
xllcorner -627000.0
yllcorner 3955000.0
cellsize 900.0
NODATA_value -9999.0
[rows 33 to 65 of 204, columns 0 to 73 of 221]
-9999.0 -9999.0 -9999.0 -9999.0 -9999.0 -9999.0 -9999.0 -9999.0 -9999.0 -9999.0 -9999.0 -9999.0 -9999.0 -9999.0 -9999.0 -9999.0 -9999.0 -9999.0 -9999.0 -9999.0 -9999.0 -9999.0 -9999.0 -9999.0 -9999.0 -9999.0 -9999.0 -9999.0 -9999.0 -9999.0 -9999.0 -9999.0 -9999.0 -9999.0 1.322 1.318 1.314 1.311 1.307 1.303 1.3 1.296 1.293 1.29 1.286 1.283 1.279 1.276 1.272 1.269 1.265 1.262 1.258 1.254 1.251 1.247 1.243 1.239 1.235 1.23 1.226 1.221 1.217 1.212 1.208 1.204 1.2 1.195 1.191 1.186 1.181 1.176 1.171 1.165
-9999.0 -9999.0 -9999.0 -9999.0 -9999.0 -9999.0 -9999.0 -9999.0 -9999.0 -9999.0 -9999.0 -9999.0 -9999.0 -9999.0 -9999.0 -9999.0 -9999.0 -9999.0 -9999.0 -9999.0 -9999.0 -9999.0 -9999.0 -9999.0 -9999.0 -9999.0 -9999.0 -9999.0 -9999.0 -9999.0 -9999.0 -9999.0 -9999.0 1.328 1.324 1.32 1.317 1.313 1.309 1.305 1.302 1.298 1.295 1.291 1.287 1.284 1.28 1.277 1.273 1.269 1.266 1.262 1.258 1.255 1.251 1.247 1.243 1.238 1.234 1.23 1.225 1.22 1.216 1.212 1.208 1.204 1.199 1.195 1.19 1.186 1.181 1.176 1.17 1.165
-9999.0 -9999.0 -9999.0 -9999.0 -9999.0 -9999.0 -9999.0 -9999.0 -9999.0 -9999.0 -9999.0 -9999.0 -9999.0 -9999.0 -9999.0 -9999.0 -9999.0 -9999.0 -9999.0 -9999.0 -9999.0 -9999.0 -9999.0 -9999.0 -9999.0 -9999.0 -9999.0 -9999.0 -9999.0 -9999.0 -9999.0 -9999.0 -9999.0 1.331 1.327 1.323 1.319 1.315 1.311 1.307 1.304 1.3 1.296 1.293 1.289 1.285 1.281 1.278 1.274 1.27 1.266 1.263 1.259 1.255 1.251 1.247 1.242 1.238 1.234 1.229 1.225 1.22 1.215 1.211 1.207 1.203 1.198 1.194 1.189 1.184 1.179 1.174 1.169 1.163
-9999.0 -9999.0 -9999.0 -9999.0 -9999.0 -9999.0 -9999.0 -9999.0 -9999.0 -9999.0 -9999.0 -9999.0 -9999.0 -9999.0 -9999.0 -9999.0 -9999.0 -9999.0 -9999.0 -9999.0 -9999.0 -9999.0 -9999.0 -9999.0 -9999.0 -9999.0 -9999.0 -9999.0 -9999.0 -9999.0 -9999.0 -9999.0 -9999.0 -9999.0 1.33 1.326 1.322 1.318 1.314 1.31 1.306 1.302 1.298 1.294 1.29 1.287 1.283 1.279 1.275 1.271 1.267 1.263 1.259 1.255 1.251 1.247 1.242 1.238 1.233 1.229 1.224 1.219 1.214 1.21 1.206 1.202 1.197 1.193 1.188 1.183 1.178 1.173 1.167 1.162
-9999.0 -9999.0 -9999.0 -9999.0 -9999.0 -9999.0 -9999.0 -9999.0 -9999.0 -9999.0 -9999.0 -9999.0 -9999.0 -9999.0 -9999.0 -9999.0 -9999.0 -9999.0 -9999.0 -9999.0 -9999.0 -9999.0 -9999.0 -9999.0 -9999.0 -9999.0 -9999.0 -9999.0 -9999.0 -9999.0 -9999.0 -9999.0 -9999.0 -9999.0 -9999.0 1.329 1.325 1.32 1.316 1.312 1.308 1.304 1.3 1.296 1.292 1.288 1.284 1.28 1.276 1.272 1.268 1.264 1.26 1.256 1.251 1.247 1.243 1.238 1.233 1.229 1.224 1.219 1.213 1.208 1.204 1.2 1.195 1.19 1.186 1.181 1.176 1.17 1.165 1.159
-9999.0 -9999.0 -9999.0 -9999.0 -9999.0 -9999.0 -9999.0 -9999.0 -9999.0 -9999.0 -9999.0 -9999.0 -9999.0 -9999.0 -9999.0 -9999.0 -9999.0 -9999.0 -9999.0 -9999.0 -9999.0 -9999.0 -9999.0 -9999.0 -9999.0 -9999.0 -9999.0 -9999.0 -9999.0 -9999.0 -9999.0 -9999.0 -9999.0 -9999.0 -9999.0 1.332 1.327 1.323 1.319 1.315 1.31 1.306 1.302 1.298 1.294 1.29 1.286 1.282 1.277 1.273 1.269 1.265 1.261 1.256 1.252 1.247 1.243 1.238 1.233 1.228 1.223 1.218 1.213 1.208 1.203 1.199 1.194 1.19 1.185 1.18 1.175 1.169 1.164 1.158
-9999.0 -9999.0 -9999.0 -9999.0 -9999.0 -9999.0 -9999.0 -9999.0 -9999.0 -9999.0 -9999.0 -9999.0 -9999.0 -9999.0 -9999.0 -9999.0 -9999.0 -9999.0 -9999.0 -9999.0 -9999.0 -9999.0 -9999.0 -9999.0 -9999.0 -9999.0 -9999.0 -9999.0 -9999.0 -9999.0 -9999.0 -9999.0 -9999.0 -9999.0 -9999.0 1.335 1.331 1.326 1.322 1.317 1.313 1.309 1.304 1.3 1.296 1.292 1.287 1.283 1.279 1.275 1.27 1.266 1.262 1.257 1.253 1.248 1.243 1.238 1.234 1.229 1.223 1.218 1.213 1.207 1.203 1.198 1.194 1.189 1.184 1.179 1.174 1.169 1.163 1.157
-9999.0 -9999.0 -9999.0 -9999.0 -9999.0 -9999.0 -9999.0 -9999.0 -9999.0 -9999.0 -9999.0 -9999.0 -9999.0 -9999.0 -9999.0 -9999.0 -9999.0 -9999.0 -9999.0 -9999.0 -9999.0 -9999.0 -9999.0 -9999.0 -9999.0 -9999.0 -9999.0 -9999.0 -9999.0 -9999.0 -9999.0 -9999.0 -9999.0 -9999.0 1.343 1.338 1.334 1.329 1.325 1.32 1.316 1.311 1.307 1.302 1.298 1.294 1.289 1.285 1.28 1.276 1.272 1.267 1.263 1.258 1.253 1.249 1.244 1.239 1.234 1.229 1.224 1.218 1.213 1.207 1.203 1.198 1.193 1.189 1.184 1.179 1.173 1.168 1.162 1.157
-9999.0 -9999.0 -9999.0 -9999.0 -9999.0 -9999.0 -9999.0 -9999.0 -9999.0 -9999.0 -9999.0 -9999.0 -9999.0 -9999.0 -9999.0 -9999.0 -9999.0 -9999.0 -9999.0 -9999.0 -9999.0 -9999.0 -9999.0 -9999.0 -9999.0 -9999.0 -9999.0 -9999.0 -9999.0 -9999.0 -9999.0 -9999.0 -9999.0 -9999.0 -9999.0 1.342 1.337 1.332 1.328 1.323 1.318 1.314 1.309 1.305 1.3 1.296 1.291 1.287 1.282 1.278 1.273 1.268 1.264 1.259 1.254 1.249 1.244 1.239 1.234 1.229 1.224 1.218 1.213 1.207 1.202 1.198 1.193 1.188 1.183 1.178 1.173 1.167 1.162 1.156
-9999.0 -9999.0 -9999.0 -9999.0 -9999.0 -9999.0 -9999.0 -9999.0 -9999.0 -9999.0 -9999.0 -9999.0 -9999.0 -9999.0 -9999.0 -9999.0 -9999.0 -9999.0 -9999.0 -9999.0 -9999.0 -9999.0 -9999.0 -9999.0 -9999.0 -9999.0 -9999.0 -9999.0 -9999.0 -9999.0 -9999.0 -9999.0 -9999.0 -9999.0 -9999.0 1.345 1.341 1.336 1.331 1.326 1.321 1.317 1.312 1.307 1.303 1.298 1.293 1.289 1.284 1.279 1.275 1.27 1.265 1.26 1.255 1.25 1.245 1.24 1.235 1.23 1.224 1.219 1.213 1.207 1.203 1.198 1.193 1.188 1.183 1.178 1.173 1.167 1.161 1.156
-9999.0 -9999.0 -9999.0 -9999.0 -9999.0 -9999.0 -9999.0 -9999.0 -9999.0 -9999.0 -9999.0 -9999.0 -9999.0 -9999.0 -9999.0 -9999.0 -9999.0 -9999.0 -9999.0 -9999.0 -9999.0 1.428 -9999.0 -9999.0 -9999.0 -9999.0 -9999.0 -9999.0 -9999.0 -9999.0 -9999.0 -9999.0 -9999.0 -9999.0 1.354 1.349 1.344 1.339 1.334 1.329 1.324 1.32 1.315 1.31 1.305 1.3 1.296 1.291 1.286 1.281 1.276 1.272 1.267 1.262 1.257 1.252 1.246 1.241 1.236 1.23 1.225 1.219 1.213 1.207 1.203 1.198 1.193 1.188 1.183 1.178 1.173 1.167 1.161 1.155
-9999.0 -9999.0 -9999.0 -9999.0 -9999.0 -9999.0 -9999.0 -9999.0 -9999.0 -9999.0 -9999.0 -9999.0 -9999.0 -9999.0 -9999.0 -9999.0 1.467 1.46 1.454 1.447 1.44 1.434 1.428 1.421 1.415 1.409 1.403 -9999.0 -9999.0 -9999.0 -9999.0 -9999.0 -9999.0 -9999.0 1.358 1.353 1.348 1.343 1.338 1.333 1.328 1.323 1.318 1.313 1.308 1.303 1.298 1.293 1.288 1.283 1.278 1.273 1.268 1.263 1.258 1.253 1.248 1.242 1.237 1.231 1.225 1.22 1.214 1.208 1.203 1.198 1.193 1.188 1.183 1.178 1.173 1.167 1.161 1.155
-9999.0 -9999.0 -9999.0 -9999.0 -9999.0 -9999.0 -9999.0 -9999.0 -9999.0 -9999.0 -9999.0 -9999.0 -9999.0 -9999.0 1.488 1.481 1.474 1.467 1.46 1.453 1.446 1.44 1.433 1.427 1.421 1.415 1.408 1.402 -9999.0 -9999.0 -9999.0 -9999.0 1.374 1.368 1.363 1.357 1.352 1.347 1.341 1.336 1.331 1.326 1.321 1.316 1.311 1.306 1.301 1.296 1.29 1.285 1.28 1.275 1.27 1.265 1.26 1.254 1.249 1.243 1.238 1.232 1.226 1.221 1.215 1.208 1.202 1.197 1.192 1.187 1.182 1.177 1.171 1.166 1.16 1.154
-9999.0 -9999.0 -9999.0 -9999.0 -9999.0 -9999.0 -9999.0 -9999.0 -9999.0 -9999.0 -9999.0 -9999.0 -9999.0 -9999.0 1.495 1.488 1.48 1.473 1.466 1.459 1.453 1.446 1.439 1.433 1.426 1.42 1.414 1.408 1.402 1.396 1.39 1.384 1.378 1.373 1.367 1.361 1.356 1.35 1.345 1.34 1.334 1.329 1.324 1.319 1.314 1.308 1.303 1.298 1.293 1.288 1.283 1.277 1.272 1.267 1.261 1.256 1.25 1.245 1.239 1.233 1.227 1.221 1.215 1.209 1.203 1.198 1.193 1.188 1.183 1.177 1.172 1.166 1.16 1.154
-9999.0 -9999.0 -9999.0 -9999.0 -9999.0 -9999.0 -9999.0 -9999.0 -9999.0 -9999.0 -9999.0 -9999.0 1.495 1.488 1.48 1.473 1.466 1.458 1.451 1.444 1.437 1.43 1.424 1.417 1.41 1.404 1.398 1.391 1.385 1.379 1.373 1.367 1.361 1.355 1.35 1.344 1.338 1.333 1.327 1.322 1.316 1.311 1.306 1.3 1.295 1.29 1.284 1.279 1.274 1.268 1.263 1.258 1.252 1.247 1.241 1.236 1.23 1.224 1.219 1.213 1.207 1.201 1.195 1.188 1.182 1.177 1.172 1.167 1.161 1.156 1.151 1.145 1.139 1.133
-9999.0 -9999.0 -9999.0 -9999.0 -9999.0 -9999.0 -9999.0 -9999.0 -9999.0 -9999.0 -9999.0 -9999.0 -9999.0 1.495 1.488 1.48 1.473 1.465 1.458 1.451 1.444 1.437 1.43 1.423 1.417 1.41 1.403 1.397 1.391 1.384 1.378 1.372 1.366 1.36 1.354 1.349 1.343 1.337 1.331 1.326 1.32 1.315 1.309 1.304 1.298 1.293 1.287 1.282 1.277 1.271 1.266 1.26 1.255 1.249 1.243 1.238 1.232 1.226 1.22 1.214 1.208 1.202 1.196 1.19 1.183 1.178 1.173 1.168 1.162 1.157 1.151 1.146 1.14 1.134
-9999.0 -9999.0 -9999.0 -9999.0 -9999.0 -9999.0 -9999.0 -9999.0 -9999.0 -9999.0 -9999.0 -9999.0 -9999.0 1.506 1.495 1.488 1.48 1.473 1.465 1.458 1.451 1.444 1.437 1.43 1.423 1.416 1.409 1.403 1.396 1.39 1.384 1.378 1.371 1.365 1.359 1.353 1.347 1.342 1.336 1.33 1.324 1.319 1.313 1.307 1.302 1.296 1.291 1.285 1.28 1.274 1.268 1.263 1.257 1.252 1.246 1.24 1.234 1.228 1.222 1.216 1.21 1.204 1.198 1.191 1.185 1.178 1.173 1.167 1.162 1.157 1.151 1.145 1.139 1.133
-9999.0 -9999.0 -9999.0 -9999.0 -9999.0 -9999.0 -9999.0 -9999.0 -9999.0 -9999.0 -9999.0 -9999.0 -9999.0 1.516 1.506 1.495 1.488 1.48 1.473 1.465 1.458 1.45 1.443 1.436 1.429 1.422 1.416 1.409 1.402 1.396 1.389 1.383 1.377 1.37 1.364 1.358 1.352 1.346 1.34 1.334 1.329 1.323 1.317 1.311 1.306 1.3 1.294 1.289 1.283 1.277 1.271 1.266 1.26 1.254 1.248 1.242 1.236 1.23 1.224 1.218 1.212 1.206 1.199 1.193 1.186 1.179 1.174 1.169 1.163 1.158 1.152 1.147 1.141 1.135
-9999.0 -9999.0 -9999.0 -9999.0 -9999.0 -9999.0 -9999.0 -9999.0 -9999.0 -9999.0 -9999.0 -9999.0 -9999.0 1.526 1.516 1.506 1.495 1.488 1.48 1.472 1.465 1.458 1.45 1.443 1.436 1.429 1.422 1.415 1.408 1.402 1.395 1.389 1.382 1.376 1.37 1.363 1.357 1.351 1.345 1.339 1.333 1.327 1.321 1.315 1.31 1.304 1.298 1.292 1.286 1.28 1.275 1.269 1.263 1.257 1.251 1.245 1.239 1.233 1.227 1.22 1.214 1.208 1.201 1.195 1.188 1.181 1.176 1.17 1.165 1.159 1.154 1.148 1.142 1.136
-9999.0 -9999.0 -9999.0 -9999.0 -9999.0 -9999.0 -9999.0 -9999.0 -9999.0 -9999.0 -9999.0 -9999.0 1.548 1.537 1.526 1.516 1.506 1.495 1.488 1.48 1.472 1.465 1.457 1.45 1.443 1.436 1.428 1.421 1.415 1.408 1.401 1.394 1.388 1.381 1.375 1.369 1.362 1.356 1.35 1.344 1.338 1.332 1.326 1.32 1.314 1.308 1.302 1.296 1.29 1.284 1.278 1.272 1.266 1.26 1.254 1.248 1.242 1.235 1.229 1.223 1.216 1.21 1.203 1.197 1.19 1.183 1.176 1.17 1.165 1.159 1.154 1.148 1.142 1.136
-9999.0 -9999.0 -9999.0 -9999.0 -9999.0 -9999.0 -9999.0 -9999.0 -9999.0 1.422 1.41 1.399 1.388 1.377 1.367 1.356 1.346 1.335 1.325 1.317 1.309 1.302 1.294 1.287 1.279 1.272 1.265 1.258 1.251 1.244 1.237 1.23 1.223 1.217 1.21 1.204 1.197 1.191 1.184 1.178 1.172 1.166 1.16 1.153 1.147 1.141 1.135 1.129 1.123 1.117 1.111 1.105 1.099 1.093 1.086 1.08 1.074 1.068 1.061 1.055 1.048 1.042 1.035 1.028 1.021 1.014 1.007 1.002 0.996 0.991 0.985 0.979 0.973 0.967
-9999.0 -9999.0 -9999.0 -9999.0 -9999.0 -9999.0 -9999.0 -9999.0 -9999.0 1.436 1.422 1.411 1.4 1.389 1.378 1.367 1.356 1.346 1.335 1.325 1.317 1.309 1.302 1.294 1.286 1.279 1.272 1.264 1.257 1.25 1.243 1.236 1.229 1.223 1.216 1.209 1.203 1.196 1.19 1.183 1.177 1.171 1.164 1.158 1.152 1.146 1.139 1.133 1.127 1.121 1.115 1.109 1.102 1.096 1.09 1.083 1.077 1.071 1.064 1.058 1.051 1.044 1.038 1.031 1.024 1.017 1.01 1.004 0.999 0.993 0.987 0.982 0.976 0.97
-9999.0 -9999.0 -9999.0 -9999.0 -9999.0 -9999.0 -9999.0 -9999.0 -9999.0 1.451 1.437 1.423 1.411 1.4 1.389 1.378 1.367 1.357 1.346 1.335 1.325 1.317 1.309 1.302 1.294 1.286 1.279 1.271 1.264 1.257 1.25 1.243 1.236 1.229 1.222 1.215 1.208 1.202 1.195 1.189 1.182 1.176 1.169 1.163 1.157 1.15 1.144 1.138 1.131 1.125 1.119 1.112 1.106 1.1 1.093 1.087 1.08 1.074 1.067 1.061 1.054 1.047 1.041 1.034 1.027 1.02 1.012 1.005 0.999 0.994 0.988 0.982 0.976 0.97
-9999.0 -9999.0 -9999.0 -9999.0 -9999.0 -9999.0 -9999.0 -9999.0 -9999.0 1.466 1.452 1.437 1.423 1.412 1.401 1.389 1.378 1.368 1.357 1.346 1.335 1.325 1.317 1.309 1.301 1.294 1.286 1.279 1.271 1.264 1.256 1.249 1.242 1.235 1.228 1.221 1.214 1.208 1.201 1.194 1.188 1.181 1.174 1.168 1.161 1.155 1.148 1.142 1.136 1.129 1.123 1.116 1.11 1.103 1.097 1.09 1.084 1.077 1.071 1.064 1.057 1.05 1.043 1.036 1.029 1.022 1.015 1.008 1.002 0.996 0.991 0.985 0.979 0.973
-9999.0 -9999.0 -9999.0 -9999.0 -9999.0 -9999.0 -9999.0 -9999.0 -9999.0 1.482 1.467 1.452 1.438 1.424 1.412 1.401 1.39 1.379 1.368 1.357 1.346 1.335 1.325 1.317 1.309 1.301 1.293 1.286 1.278 1.271 1.263 1.256 1.249 1.241 1.234 1.227 1.22 1.213 1.207 1.2 1.193 1.186 1.18 1.173 1.166 1.16 1.153 1.147 1.14 1.134 1.127 1.12 1.114 1.107 1.101 1.094 1.087 1.081 1.074 1.067 1.06 1.054 1.047 1.04 1.032 1.025 1.018 1.011 1.003 0.997 0.992 0.986 0.98 0.974
-9999.0 -9999.0 -9999.0 -9999.0 -9999.0 -9999.0 -9999.0 -9999.0 1.512 1.497 1.482 1.467 1.453 1.438 1.424 1.413 1.401 1.39 1.379 1.368 1.357 1.346 1.335 1.325 1.317 1.309 1.301 1.293 1.285 1.278 1.27 1.263 1.255 1.248 1.241 1.234 1.226 1.219 1.212 1.205 1.199 1.192 1.185 1.178 1.171 1.165 1.158 1.151 1.145 1.138 1.131 1.125 1.118 1.111 1.105 1.098 1.091 1.084 1.078 1.071 1.064 1.057 1.05 1.043 1.036 1.028 1.021 1.013 1.006 1.0 0.994 0.988 0.982 0.976
-9999.0 -9999.0 -9999.0 -9999.0 -9999.0 -9999.0 -9999.0 -9999.0 1.528 1.513 1.498 1.483 1.468 1.453 1.439 1.424 1.413 1.401 1.39 1.379 1.368 1.357 1.346 1.335 1.325 1.317 1.309 1.301 1.293 1.285 1.277 1.27 1.262 1.255 1.247 1.24 1.233 1.225 1.218 1.211 1.204 1.197 1.19 1.183 1.177 1.17 1.163 1.156 1.149 1.143 1.136 1.129 1.122 1.116 1.109 1.102 1.095 1.088 1.081 1.074 1.067 1.06 1.053 1.046 1.039 1.031 1.024 1.017 1.009 1.001 0.996 0.99 0.984 0.978
-9999.0 -9999.0 -9999.0 -9999.0 -9999.0 -9999.0 -9999.0 -9999.0 1.544 1.529 1.513 1.498 1.483 1.468 1.454 1.439 1.425 1.413 1.401 1.39 1.379 1.368 1.357 1.346 1.335 1.324 1.314 1.306 1.298 1.29 1.282 1.274 1.267 1.259 1.251 1.244 1.237 1.229 1.222 1.215 1.208 1.201 1.194 1.186 1.18 1.173 1.166 1.159 1.152 1.145 1.138 1.131 1.124 1.117 1.111 1.104 1.097 1.09 1.083 1.076 1.069 1.062 1.054 1.047 1.04 1.032 1.025 1.017 1.01 1.002 0.996 0.99 0.984 0.978
-9999.0 -9999.0 -9999.0 -9999.0 -9999.0 -9999.0 -9999.0 -9999.0 -9999.0 1.545 1.529 1.514 1.499 1.484 1.469 1.454 1.439 1.425 1.413 1.401 1.39 1.379 1.368 1.356 1.346 1.335 1.324 1.313 1.305 1.297 1.289 1.281 1.274 1.266 1.258 1.251 1.243 1.236 1.228 1.221 1.214 1.206 1.199 1.192 1.185 1.178 1.171 1.164 1.157 1.15 1.143 1.136 1.129 1.122 1.115 1.108 1.101 1.094 1.087 1.08 1.072 1.065 1.058 1.051 1.043 1.036 1.028 1.021 1.013 1.005 1.0 0.994 0.988 0.982
-9999.0 -9999.0 -9999.0 -9999.0 -9999.0 -9999.0 -9999.0 -9999.0 -9999.0 -9999.0 1.545 1.53 1.514 1.499 1.484 1.469 1.454 1.439 1.425 1.413 1.401 1.39 1.378 1.367 1.356 1.345 1.334 1.323 1.313 1.305 1.297 1.289 1.281 1.273 1.265 1.257 1.25 1.242 1.234 1.227 1.22 1.212 1.205 1.198 1.19 1.183 1.176 1.169 1.162 1.155 1.148 1.14 1.133 1.126 1.119 1.112 1.105 1.098 1.091 1.083 1.076 1.069 1.062 1.054 1.047 1.039 1.032 1.024 1.017 1.009 1.001 0.995 0.989 0.983
-9999.0 -9999.0 -9999.0 -9999.0 -9999.0 -9999.0 -9999.0 -9999.0 -9999.0 -9999.0 -9999.0 1.546 1.53 1.515 1.499 1.484 1.469 1.454 1.439 1.425 1.413 1.401 1.39 1.378 1.367 1.356 1.345 1.334 1.323 1.312 1.304 1.296 1.288 1.28 1.272 1.264 1.256 1.248 1.241 1.233 1.226 1.218 1.211 1.203 1.196 1.189 1.181 1.174 1.167 1.16 1.152 1.145 1.138 1.131 1.124 1.116 1.109 1.102 1.095 1.088 1.08 1.073 1.066 1.058 1.051 1.043 1.036 1.028 1.02 1.012 1.005 0.999 0.993 0.986
-9999.0 -9999.0 -9999.0 -9999.0 -9999.0 -9999.0 -9999.0 -9999.0 -9999.0 -9999.0 -9999.0 1.562 1.546 1.53 1.515 1.499 1.484 1.469 1.454 1.439 1.424 1.412 1.401 1.389 1.378 1.366 1.355 1.344 1.333 1.322 1.311 1.303 1.295 1.287 1.279 1.271 1.263 1.255 1.247 1.239 1.232 1.224 1.217 1.209 1.202 1.194 1.187 1.179 1.172 1.165 1.157 1.15 1.143 1.136 1.128 1.121 1.114 1.106 1.099 1.092 1.084 1.077 1.069 1.062 1.054 1.047 1.039 1.032 1.024 1.016 1.008 1.0 0.994 0.988
-9999.0 -9999.0 -9999.0 -9999.0 -9999.0 -9999.0 -9999.0 -9999.0 -9999.0 -9999.0 -9999.0 -9999.0 1.562 1.546 1.53 1.515 1.499 1.484 1.469 1.454 1.439 1.424 1.409 1.398 1.386 1.374 1.363 1.352 1.341 1.33 1.319 1.308 1.299 1.291 1.283 1.275 1.267 1.259 1.251 1.243 1.235 1.227 1.22 1.212 1.205 1.197 1.189 1.182 1.175 1.167 1.16 1.152 1.145 1.138 1.13 1.123 1.115 1.108 1.101 1.093 1.086 1.078 1.071 1.063 1.056 1.048 1.04 1.033 1.025 1.017 1.009 1.001 0.995 0.989
