static/jobfarm/user_models/minyf/common/HOME-GBHM/输出文件/Output/Grids/snowDepth20020223.asc
ncols 221
nrows 204
xllcorner -627000.0
yllcorner 3955000.0
cellsize 900.0
NODATA_value -9999.0
[rows 30 to 59 of 204, columns 0 to 66 of 221]
-9999.0 -9999.0 -9999.0 -9999.0 -9999.0 -9999.0 -9999.0 -9999.0 -9999.0 -9999.0 -9999.0 -9999.0 -9999.0 -9999.0 -9999.0 -9999.0 -9999.0 -9999.0 -9999.0 -9999.0 -9999.0 -9999.0 -9999.0 -9999.0 -9999.0 -9999.0 -9999.0 -9999.0 -9999.0 -9999.0 -9999.0 -9999.0 -9999.0 -9999.0 419.036 419.042 419.048 419.054 419.059 419.064 419.068 419.072 419.076 419.079 419.082 419.085 419.087 419.089 419.09 419.091 419.092 419.092 419.091 419.091 419.09 419.088 419.086 419.084 419.081 419.077 419.074 419.069 419.065 419.06 419.054 419.048 419.042
-9999.0 -9999.0 -9999.0 -9999.0 -9999.0 -9999.0 -9999.0 -9999.0 -9999.0 -9999.0 -9999.0 -9999.0 -9999.0 -9999.0 -9999.0 -9999.0 -9999.0 -9999.0 -9999.0 -9999.0 -9999.0 -9999.0 -9999.0 -9999.0 -9999.0 -9999.0 -9999.0 -9999.0 -9999.0 -9999.0 -9999.0 -9999.0 -9999.0 -9999.0 419.02 419.026 419.032 419.038 419.043 419.047 419.052 419.056 419.06 419.063 419.066 419.068 419.07 419.072 419.074 419.074 419.075 419.075 419.075 419.074 419.073 419.071 419.069 419.067 419.064 419.061 419.057 419.053 419.048 419.043 419.038 419.032 419.026
-9999.0 -9999.0 -9999.0 -9999.0 -9999.0 -9999.0 -9999.0 -9999.0 -9999.0 -9999.0 -9999.0 -9999.0 -9999.0 -9999.0 -9999.0 -9999.0 -9999.0 -9999.0 -9999.0 -9999.0 -9999.0 -9999.0 -9999.0 -9999.0 -9999.0 -9999.0 -9999.0 -9999.0 -9999.0 -9999.0 -9999.0 -9999.0 -9999.0 -9999.0 419.004 419.01 419.016 419.021 419.026 419.031 419.036 419.04 419.043 419.046 419.049 419.052 419.054 419.056 419.057 419.058 419.058 419.058 419.058 419.057 419.056 419.055 419.053 419.05 419.048 419.044 419.041 419.037 419.032 419.027 419.022 419.016 419.01
-9999.0 -9999.0 -9999.0 -9999.0 -9999.0 -9999.0 -9999.0 -9999.0 -9999.0 -9999.0 -9999.0 -9999.0 -9999.0 -9999.0 -9999.0 -9999.0 -9999.0 -9999.0 -9999.0 -9999.0 -9999.0 -9999.0 -9999.0 -9999.0 -9999.0 -9999.0 -9999.0 -9999.0 -9999.0 -9999.0 -9999.0 -9999.0 -9999.0 -9999.0 418.988 418.994 419.0 419.005 419.01 419.015 419.019 419.023 419.027 419.03 419.033 419.035 419.037 419.039 419.04 419.041 419.042 419.042 419.041 419.041 419.04 419.038 419.036 419.034 419.031 419.028 419.024 419.02 419.016 419.011 419.006 419.0 418.994
-9999.0 -9999.0 -9999.0 -9999.0 -9999.0 -9999.0 -9999.0 -9999.0 -9999.0 -9999.0 -9999.0 -9999.0 -9999.0 -9999.0 -9999.0 -9999.0 -9999.0 -9999.0 -9999.0 -9999.0 -9999.0 -9999.0 -9999.0 -9999.0 -9999.0 -9999.0 -9999.0 -9999.0 -9999.0 -9999.0 -9999.0 -9999.0 -9999.0 418.966 418.972 418.978 418.984 418.989 418.994 418.998 419.003 419.007 419.01 419.013 419.016 419.019 419.021 419.022 419.024 419.024 419.025 419.025 419.025 419.024 419.023 419.021 419.02 419.017 419.014 419.011 419.008 419.004 418.999 418.995 418.99 418.984 418.978
-9999.0 -9999.0 -9999.0 -9999.0 -9999.0 -9999.0 -9999.0 -9999.0 -9999.0 -9999.0 -9999.0 -9999.0 -9999.0 -9999.0 -9999.0 -9999.0 -9999.0 -9999.0 -9999.0 -9999.0 -9999.0 -9999.0 -9999.0 -9999.0 -9999.0 -9999.0 -9999.0 -9999.0 -9999.0 -9999.0 -9999.0 -9999.0 -9999.0 418.949 418.956 418.962 418.967 418.972 418.977 418.982 418.986 418.99 418.993 418.997 418.999 419.002 419.004 419.006 419.007 419.008 419.008 419.008 419.008 419.007 419.006 419.005 419.003 419.001 418.998 418.995 418.991 418.987 418.983 418.979 418.974 418.968 418.962
-9999.0 -9999.0 -9999.0 -9999.0 -9999.0 -9999.0 -9999.0 -9999.0 -9999.0 -9999.0 -9999.0 -9999.0 -9999.0 -9999.0 -9999.0 -9999.0 -9999.0 -9999.0 -9999.0 -9999.0 -9999.0 -9999.0 -9999.0 -9999.0 -9999.0 -9999.0 -9999.0 -9999.0 -9999.0 -9999.0 -9999.0 -9999.0 -9999.0 -9999.0 418.939 418.945 418.951 418.956 418.961 418.965 418.969 418.973 418.977 418.98 418.983 418.985 418.987 418.989 418.99 418.991 418.991 418.992 418.991 418.991 418.99 418.988 418.986 418.984 418.981 418.978 418.975 418.971 418.967 418.962 418.958 418.952 418.947
-9999.0 -9999.0 -9999.0 -9999.0 -9999.0 -9999.0 -9999.0 -9999.0 -9999.0 -9999.0 -9999.0 -9999.0 -9999.0 -9999.0 -9999.0 -9999.0 -9999.0 -9999.0 -9999.0 -9999.0 -9999.0 -9999.0 -9999.0 -9999.0 -9999.0 -9999.0 -9999.0 -9999.0 -9999.0 -9999.0 -9999.0 -9999.0 -9999.0 -9999.0 -9999.0 418.929 418.934 418.939 418.944 418.949 418.953 418.957 418.96 418.963 418.966 418.968 418.97 418.972 418.973 418.974 418.975 418.975 418.975 418.974 418.973 418.971 418.97 418.967 418.965 418.962 418.959 418.955 418.951 418.946 418.942 418.936 418.931
-9999.0 -9999.0 -9999.0 -9999.0 -9999.0 -9999.0 -9999.0 -9999.0 -9999.0 -9999.0 -9999.0 -9999.0 -9999.0 -9999.0 -9999.0 -9999.0 -9999.0 -9999.0 -9999.0 -9999.0 -9999.0 -9999.0 -9999.0 -9999.0 -9999.0 -9999.0 -9999.0 -9999.0 -9999.0 -9999.0 -9999.0 -9999.0 -9999.0 -9999.0 -9999.0 418.912 418.918 418.923 418.927 418.932 418.936 418.94 418.943 418.946 418.949 418.951 418.953 418.955 418.956 418.957 418.958 418.958 418.958 418.957 418.956 418.955 418.953 418.951 418.949 418.946 418.942 418.939 418.935 418.93 418.926 418.921 418.915
-9999.0 -9999.0 -9999.0 -9999.0 -9999.0 -9999.0 -9999.0 -9999.0 -9999.0 -9999.0 -9999.0 -9999.0 -9999.0 -9999.0 -9999.0 -9999.0 -9999.0 -9999.0 -9999.0 -9999.0 -9999.0 -9999.0 -9999.0 -9999.0 -9999.0 -9999.0 -9999.0 -9999.0 -9999.0 -9999.0 -9999.0 -9999.0 -9999.0 -9999.0 -9999.0 418.895 418.901 418.906 418.911 418.915 418.919 418.923 418.926 418.93 418.932 418.935 418.937 418.938 418.94 418.941 418.941 418.941 418.941 418.941 418.94 418.938 418.937 418.935 418.932 418.929 418.926 418.923 418.919 418.915 418.91 418.905 418.9
-9999.0 -9999.0 -9999.0 -9999.0 -9999.0 -9999.0 -9999.0 -9999.0 -9999.0 -9999.0 -9999.0 -9999.0 -9999.0 -9999.0 -9999.0 -9999.0 -9999.0 -9999.0 -9999.0 -9999.0 -9999.0 -9999.0 -9999.0 -9999.0 -9999.0 -9999.0 -9999.0 -9999.0 -9999.0 -9999.0 -9999.0 -9999.0 -9999.0 -9999.0 418.869 418.876 418.882 418.889 418.894 418.898 418.903 418.906 418.91 418.913 418.916 418.918 418.92 418.922 418.923 418.924 418.924 418.925 418.924 418.924 418.923 418.922 418.92 418.918 418.916 418.913 418.91 418.907 418.903 418.899 418.894 418.89 418.884
-9999.0 -9999.0 -9999.0 -9999.0 -9999.0 -9999.0 -9999.0 -9999.0 -9999.0 -9999.0 -9999.0 -9999.0 -9999.0 -9999.0 -9999.0 -9999.0 -9999.0 -9999.0 -9999.0 -9999.0 -9999.0 -9999.0 -9999.0 -9999.0 -9999.0 -9999.0 -9999.0 -9999.0 -9999.0 -9999.0 -9999.0 -9999.0 -9999.0 -9999.0 -9999.0 418.856 418.863 418.869 418.875 418.88 418.886 418.889 418.893 418.896 418.899 418.901 418.903 418.905 418.906 418.907 418.908 418.908 418.908 418.907 418.907 418.905 418.904 418.902 418.9 418.897 418.894 418.891 418.887 418.883 418.879 418.874 418.869
-9999.0 -9999.0 -9999.0 -9999.0 -9999.0 -9999.0 -9999.0 -9999.0 -9999.0 -9999.0 -9999.0 -9999.0 -9999.0 -9999.0 -9999.0 -9999.0 -9999.0 -9999.0 -9999.0 -9999.0 -9999.0 -9999.0 -9999.0 -9999.0 -9999.0 -9999.0 -9999.0 -9999.0 -9999.0 -9999.0 -9999.0 -9999.0 -9999.0 -9999.0 -9999.0 418.836 418.843 418.849 418.855 418.861 418.866 418.871 418.875 418.879 418.882 418.884 418.886 418.888 418.889 418.89 418.891 418.891 418.891 418.891 418.89 418.889 418.888 418.886 418.884 418.881 418.878 418.875 418.871 418.868 418.863 418.859 418.854
-9999.0 -9999.0 -9999.0 -9999.0 -9999.0 -9999.0 -9999.0 -9999.0 -9999.0 -9999.0 -9999.0 -9999.0 -9999.0 -9999.0 -9999.0 -9999.0 -9999.0 -9999.0 -9999.0 -9999.0 -9999.0 418.688 -9999.0 -9999.0 -9999.0 -9999.0 -9999.0 -9999.0 -9999.0 -9999.0 -9999.0 -9999.0 -9999.0 -9999.0 418.81 418.817 418.823 418.83 418.836 418.841 418.846 418.851 418.856 418.86 418.863 418.866 418.869 418.871 418.873 418.874 418.875 418.875 418.875 418.875 418.874 418.873 418.871 418.87 418.868 418.865 418.862 418.859 418.856 418.852 418.848 418.844 418.839
-9999.0 -9999.0 -9999.0 -9999.0 -9999.0 -9999.0 -9999.0 -9999.0 -9999.0 -9999.0 -9999.0 -9999.0 -9999.0 -9999.0 -9999.0 -9999.0 418.609 418.621 418.634 418.646 418.657 418.669 418.68 418.691 418.701 418.712 418.722 -9999.0 -9999.0 -9999.0 -9999.0 -9999.0 -9999.0 -9999.0 418.79 418.797 418.804 418.81 418.816 418.822 418.827 418.832 418.836 418.84 418.844 418.847 418.85 418.852 418.855 418.856 418.858 418.858 418.858 418.858 418.858 418.857 418.855 418.854 418.852 418.849 418.847 418.844 418.84 418.837 418.833 418.829 418.824
-9999.0 -9999.0 -9999.0 -9999.0 -9999.0 -9999.0 -9999.0 -9999.0 -9999.0 -9999.0 -9999.0 -9999.0 -9999.0 -9999.0 418.564 418.576 418.589 418.602 418.614 418.626 418.638 418.649 418.66 418.671 418.682 418.692 418.702 418.712 -9999.0 -9999.0 -9999.0 -9999.0 418.755 418.763 418.77 418.778 418.784 418.79 418.796 418.802 418.807 418.812 418.817 418.821 418.824 418.828 418.831 418.833 418.835 418.837 418.839 418.84 418.84 418.84 418.84 418.84 418.839 418.838 418.836 418.834 418.831 418.828 418.825 418.821 418.818 418.814 418.809
-9999.0 -9999.0 -9999.0 -9999.0 -9999.0 -9999.0 -9999.0 -9999.0 -9999.0 -9999.0 -9999.0 -9999.0 -9999.0 -9999.0 418.544 418.557 418.569 418.582 418.594 418.606 418.618 418.629 418.64 418.651 418.662 418.672 418.682 418.692 418.701 418.71 418.719 418.728 418.736 418.743 418.751 418.758 418.765 418.771 418.777 418.782 418.788 418.793 418.797 418.801 418.805 418.808 418.811 418.814 418.816 418.818 418.82 418.821 418.821 418.822 418.822 418.821 418.82 418.819 418.818 418.816 418.814 418.811 418.808 418.805 418.801 418.797 418.793
-9999.0 -9999.0 -9999.0 -9999.0 -9999.0 -9999.0 -9999.0 -9999.0 -9999.0 -9999.0 -9999.0 -9999.0 418.497 418.511 418.524 418.537 418.55 418.562 418.574 418.586 418.598 418.609 418.621 418.632 418.642 418.652 418.662 418.672 418.682 418.691 418.699 418.708 418.716 418.724 418.731 418.738 418.745 418.751 418.757 418.763 418.768 418.773 418.778 418.782 418.786 418.789 418.792 418.795 418.797 418.799 418.801 418.802 418.803 418.803 418.803 418.803 418.802 418.801 418.8 418.798 418.796 418.794 418.791 418.788 418.784 418.78 418.776
-9999.0 -9999.0 -9999.0 -9999.0 -9999.0 -9999.0 -9999.0 -9999.0 -9999.0 -9999.0 -9999.0 -9999.0 -9999.0 418.491 418.504 418.517 418.53 418.542 418.554 418.566 418.578 418.59 418.601 418.612 418.622 418.633 418.643 418.652 418.662 418.671 418.68 418.688 418.696 418.704 418.711 418.719 418.725 418.732 418.738 418.743 418.749 418.754 418.758 418.763 418.766 418.77 418.773 418.776 418.778 418.78 418.782 418.783 418.784 418.785 418.785 418.785 418.784 418.783 418.782 418.78 418.778 418.776 418.773 418.77 418.767 418.764 418.76
-9999.0 -9999.0 -9999.0 -9999.0 -9999.0 -9999.0 -9999.0 -9999.0 -9999.0 -9999.0 -9999.0 -9999.0 -9999.0 418.471 418.484 418.497 418.51 418.522 418.534 418.546 418.558 418.57 418.581 418.592 418.602 418.613 418.623 418.633 418.642 418.651 418.66 418.668 418.677 418.684 418.692 418.699 418.706 418.712 418.718 418.724 418.729 418.734 418.739 418.743 418.747 418.751 418.754 418.757 418.759 418.761 418.763 418.764 418.765 418.766 418.766 418.766 418.766 418.765 418.764 418.763 418.761 418.759 418.756 418.753 418.75 418.747 418.743
-9999.0 -9999.0 -9999.0 -9999.0 -9999.0 -9999.0 -9999.0 -9999.0 -9999.0 -9999.0 -9999.0 -9999.0 -9999.0 418.451 418.464 418.477 418.49 418.502 418.514 418.526 418.538 418.55 418.561 418.572 418.582 418.593 418.603 418.613 418.622 418.631 418.64 418.649 418.657 418.665 418.672 418.679 418.686 418.693 418.699 418.705 418.71 418.715 418.72 418.724 418.728 418.732 418.735 418.738 418.74 418.743 418.744 418.746 418.747 418.748 418.748 418.748 418.748 418.747 418.746 418.745 418.743 418.741 418.739 418.737 418.734 418.73 418.727
-9999.0 -9999.0 -9999.0 -9999.0 -9999.0 -9999.0 -9999.0 -9999.0 -9999.0 -9999.0 -9999.0 -9999.0 -9999.0 418.43 418.444 418.457 418.469 418.482 418.494 418.506 418.518 418.53 418.541 418.552 418.563 418.573 418.583 418.593 418.602 418.612 418.62 418.629 418.637 418.645 418.653 418.66 418.667 418.673 418.679 418.685 418.691 418.696 418.701 418.705 418.709 418.713 418.716 418.719 418.722 418.724 418.726 418.728 418.729 418.73 418.73 418.73 418.73 418.73 418.729 418.728 418.726 418.724 418.722 418.72 418.717 418.714 418.711
-9999.0 -9999.0 -9999.0 -9999.0 -9999.0 -9999.0 -9999.0 -9999.0 -9999.0 -9999.0 -9999.0 -9999.0 418.397 418.41 418.423 418.436 418.449 418.462 418.474 418.486 418.498 418.51 418.521 418.532 418.543 418.553 418.563 418.573 418.583 418.592 418.601 418.609 418.617 418.625 418.633 418.64 418.647 418.654 418.66 418.666 418.671 418.677 418.681 418.686 418.69 418.694 418.697 418.7 418.703 418.706 418.708 418.709 418.711 418.712 418.712 418.713 418.713 418.712 418.711 418.71 418.709 418.708 418.706 418.703 418.701 418.698 418.695
-9999.0 -9999.0 -9999.0 -9999.0 -9999.0 -9999.0 -9999.0 -9999.0 -9999.0 418.333 418.349 418.363 418.376 418.39 418.403 418.416 418.429 418.442 418.454 418.466 418.478 418.49 418.501 418.512 418.523 418.533 418.543 418.553 418.563 418.572 418.581 418.59 418.598 418.606 418.613 418.621 418.628 418.634 418.641 418.647 418.652 418.658 418.662 418.667 418.671 418.675 418.679 418.682 418.685 418.687 418.689 418.691 418.693 418.694 418.694 418.695 418.695 418.695 418.694 418.693 418.692 418.691 418.689 418.687 418.684 418.682 418.679
-9999.0 -9999.0 -9999.0 -9999.0 -9999.0 -9999.0 -9999.0 -9999.0 -9999.0 418.309 418.326 418.342 418.356 418.369 418.383 418.396 418.409 418.421 418.434 418.446 418.458 418.469 418.481 418.492 418.503 418.513 418.523 418.533 418.543 418.552 418.561 418.57 418.578 418.586 418.594 418.601 418.608 418.615 418.621 418.628 418.633 418.639 418.644 418.648 418.653 418.656 418.66 418.663 418.666 418.669 418.671 418.673 418.675 418.676 418.677 418.677 418.678 418.678 418.677 418.676 418.675 418.674 418.673 418.671 418.668 418.666 418.663
-9999.0 -9999.0 -9999.0 -9999.0 -9999.0 -9999.0 -9999.0 -9999.0 -9999.0 418.285 418.302 418.318 418.335 418.349 418.362 418.376 418.389 418.401 418.414 418.426 418.438 418.449 418.461 418.472 418.483 418.493 418.504 418.514 418.523 418.533 418.542 418.55 418.559 418.567 418.575 418.582 418.589 418.596 418.602 418.608 418.614 418.62 418.625 418.629 418.634 418.638 418.642 418.645 418.648 418.651 418.653 418.655 418.657 418.658 418.659 418.66 418.66 418.66 418.66 418.66 418.659 418.658 418.656 418.654 418.652 418.65 418.648
-9999.0 -9999.0 -9999.0 -9999.0 -9999.0 -9999.0 -9999.0 -9999.0 -9999.0 418.26 418.277 418.294 418.311 418.327 418.342 418.355 418.368 418.381 418.393 418.406 418.418 418.429 418.441 418.452 418.463 418.473 418.484 418.494 418.503 418.513 418.522 418.531 418.539 418.547 418.555 418.563 418.57 418.577 418.583 418.589 418.595 418.601 418.606 418.611 418.615 418.619 418.623 418.627 418.63 418.633 418.635 418.637 418.639 418.641 418.642 418.643 418.643 418.644 418.643 418.643 418.642 418.641 418.64 418.639 418.637 418.635 418.632
-9999.0 -9999.0 -9999.0 -9999.0 -9999.0 -9999.0 -9999.0 -9999.0 -9999.0 418.236 418.253 418.27 418.287 418.303 418.319 418.335 418.348 418.361 418.373 418.385 418.397 418.409 418.421 418.432 418.443 418.454 418.464 418.474 418.484 418.493 418.502 418.511 418.52 418.528 418.536 418.544 418.551 418.558 418.564 418.571 418.577 418.582 418.587 418.592 418.597 418.601 418.605 418.609 418.612 418.615 418.618 418.62 418.622 418.623 418.625 418.626 418.626 418.627 418.627 418.627 418.626 418.625 418.624 418.623 418.621 418.619 418.617
-9999.0 -9999.0 -9999.0 -9999.0 -9999.0 -9999.0 -9999.0 -9999.0 418.194 418.211 418.229 418.246 418.262 418.279 418.295 418.311 418.327 418.34 418.353 418.365 418.377 418.389 418.401 418.412 418.423 418.434 418.444 418.454 418.464 418.474 418.483 418.492 418.5 418.509 418.517 418.524 418.532 418.539 418.545 418.552 418.558 418.564 418.569 418.574 418.579 418.583 418.587 418.591 418.594 418.597 418.6 418.602 418.604 418.606 418.608 418.609 418.61 418.61 418.61 418.61 418.61 418.609 418.608 418.607 418.606 418.604 418.602
-9999.0 -9999.0 -9999.0 -9999.0 -9999.0 -9999.0 -9999.0 -9999.0 418.169 418.187 418.204 418.221 418.238 418.255 418.271 418.287 418.303 418.318 418.333 418.345 418.357 418.369 418.381 418.392 418.403 418.414 418.424 418.435 418.445 418.454 418.463 418.472 418.481 418.49 418.498 418.505 418.513 418.52 418.527 418.533 418.539 418.545 418.55 418.556 418.56 418.565 418.569 418.573 418.576 418.58 418.582 418.585 418.587 418.589 418.591 418.592 418.593 418.594 418.594 418.594 418.594 418.593 418.593 418.592 418.59 418.589 418.587
