static/jobfarm/user_models/minyf/common/HOME-GBHM/输出文件/Output/Grids/snowmelt20020224.asc
ncols 221
nrows 204
xllcorner -627000.0
yllcorner 3955000.0
cellsize 900.0
NODATA_value -9999.0
[rows 33 to 65 of 204, columns 0 to 73 of 221]
-9999.0 -9999.0 -9999.0 -9999.0 -9999.0 -9999.0 -9999.0 -9999.0 -9999.0 -9999.0 -9999.0 -9999.0 -9999.0 -9999.0 -9999.0 -9999.0 -9999.0 -9999.0 -9999.0 -9999.0 -9999.0 -9999.0 -9999.0 -9999.0 -9999.0 -9999.0 -9999.0 -9999.0 -9999.0 -9999.0 -9999.0 -9999.0 -9999.0 -9999.0 3.158 3.154 3.149 3.145 3.141 3.137 3.133 3.129 3.126 3.122 3.119 3.116 3.113 3.11 3.108 3.105 3.103 3.101 3.099 3.097 3.095 3.093 3.091 3.09 3.088 3.087 3.085 3.084 3.083 3.082 3.081 3.08 3.079 3.078 3.077 3.076 3.075 3.075 3.074 3.073
-9999.0 -9999.0 -9999.0 -9999.0 -9999.0 -9999.0 -9999.0 -9999.0 -9999.0 -9999.0 -9999.0 -9999.0 -9999.0 -9999.0 -9999.0 -9999.0 -9999.0 -9999.0 -9999.0 -9999.0 -9999.0 -9999.0 -9999.0 -9999.0 -9999.0 -9999.0 -9999.0 -9999.0 -9999.0 -9999.0 -9999.0 -9999.0 -9999.0 3.171 3.166 3.162 3.157 3.153 3.148 3.144 3.14 3.137 3.133 3.13 3.126 3.123 3.12 3.117 3.115 3.112 3.11 3.107 3.105 3.103 3.101 3.099 3.097 3.096 3.094 3.093 3.091 3.09 3.089 3.087 3.086 3.085 3.084 3.083 3.082 3.081 3.08 3.079 3.078 3.077
-9999.0 -9999.0 -9999.0 -9999.0 -9999.0 -9999.0 -9999.0 -9999.0 -9999.0 -9999.0 -9999.0 -9999.0 -9999.0 -9999.0 -9999.0 -9999.0 -9999.0 -9999.0 -9999.0 -9999.0 -9999.0 -9999.0 -9999.0 -9999.0 -9999.0 -9999.0 -9999.0 -9999.0 -9999.0 -9999.0 -9999.0 -9999.0 -9999.0 3.179 3.175 3.17 3.165 3.161 3.156 3.152 3.148 3.144 3.141 3.137 3.134 3.131 3.127 3.124 3.122 3.119 3.116 3.114 3.112 3.11 3.107 3.105 3.104 3.102 3.1 3.099 3.097 3.096 3.094 3.093 3.092 3.09 3.089 3.088 3.087 3.086 3.085 3.084 3.083 3.082
-9999.0 -9999.0 -9999.0 -9999.0 -9999.0 -9999.0 -9999.0 -9999.0 -9999.0 -9999.0 -9999.0 -9999.0 -9999.0 -9999.0 -9999.0 -9999.0 -9999.0 -9999.0 -9999.0 -9999.0 -9999.0 -9999.0 -9999.0 -9999.0 -9999.0 -9999.0 -9999.0 -9999.0 -9999.0 -9999.0 -9999.0 -9999.0 -9999.0 -9999.0 3.183 3.178 3.173 3.169 3.164 3.16 3.156 3.152 3.148 3.145 3.141 3.138 3.135 3.132 3.129 3.126 3.123 3.121 3.118 3.116 3.114 3.112 3.11 3.108 3.106 3.105 3.103 3.101 3.1 3.099 3.097 3.096 3.095 3.093 3.092 3.091 3.09 3.089 3.088 3.087
-9999.0 -9999.0 -9999.0 -9999.0 -9999.0 -9999.0 -9999.0 -9999.0 -9999.0 -9999.0 -9999.0 -9999.0 -9999.0 -9999.0 -9999.0 -9999.0 -9999.0 -9999.0 -9999.0 -9999.0 -9999.0 -9999.0 -9999.0 -9999.0 -9999.0 -9999.0 -9999.0 -9999.0 -9999.0 -9999.0 -9999.0 -9999.0 -9999.0 -9999.0 -9999.0 3.186 3.181 3.177 3.172 3.168 3.164 3.16 3.156 3.152 3.149 3.145 3.142 3.139 3.136 3.133 3.13 3.128 3.125 3.123 3.121 3.118 3.116 3.114 3.113 3.111 3.109 3.107 3.106 3.104 3.103 3.101 3.1 3.099 3.097 3.096 3.095 3.094 3.093 3.091
-9999.0 -9999.0 -9999.0 -9999.0 -9999.0 -9999.0 -9999.0 -9999.0 -9999.0 -9999.0 -9999.0 -9999.0 -9999.0 -9999.0 -9999.0 -9999.0 -9999.0 -9999.0 -9999.0 -9999.0 -9999.0 -9999.0 -9999.0 -9999.0 -9999.0 -9999.0 -9999.0 -9999.0 -9999.0 -9999.0 -9999.0 -9999.0 -9999.0 -9999.0 -9999.0 3.194 3.188 3.184 3.179 3.175 3.17 3.166 3.162 3.158 3.155 3.151 3.148 3.145 3.142 3.139 3.136 3.133 3.131 3.128 3.126 3.123 3.121 3.119 3.117 3.115 3.113 3.112 3.11 3.108 3.107 3.105 3.104 3.102 3.101 3.1 3.098 3.097 3.096 3.094
-9999.0 -9999.0 -9999.0 -9999.0 -9999.0 -9999.0 -9999.0 -9999.0 -9999.0 -9999.0 -9999.0 -9999.0 -9999.0 -9999.0 -9999.0 -9999.0 -9999.0 -9999.0 -9999.0 -9999.0 -9999.0 -9999.0 -9999.0 -9999.0 -9999.0 -9999.0 -9999.0 -9999.0 -9999.0 -9999.0 -9999.0 -9999.0 -9999.0 -9999.0 -9999.0 3.204 3.198 3.193 3.187 3.182 3.178 3.173 3.169 3.165 3.162 3.158 3.155 3.151 3.148 3.145 3.142 3.139 3.137 3.134 3.132 3.129 3.127 3.125 3.123 3.121 3.119 3.117 3.115 3.113 3.112 3.11 3.109 3.107 3.105 3.104 3.103 3.101 3.1 3.098
-9999.0 -9999.0 -9999.0 -9999.0 -9999.0 -9999.0 -9999.0 -9999.0 -9999.0 -9999.0 -9999.0 -9999.0 -9999.0 -9999.0 -9999.0 -9999.0 -9999.0 -9999.0 -9999.0 -9999.0 -9999.0 -9999.0 -9999.0 -9999.0 -9999.0 -9999.0 -9999.0 -9999.0 -9999.0 -9999.0 -9999.0 -9999.0 -9999.0 -9999.0 3.221 3.215 3.209 3.203 3.197 3.192 3.187 3.182 3.177 3.174 3.17 3.166 3.162 3.159 3.156 3.153 3.15 3.147 3.144 3.141 3.139 3.136 3.134 3.131 3.129 3.127 3.125 3.123 3.121 3.119 3.118 3.116 3.114 3.113 3.111 3.109 3.108 3.106 3.105 3.103
-9999.0 -9999.0 -9999.0 -9999.0 -9999.0 -9999.0 -9999.0 -9999.0 -9999.0 -9999.0 -9999.0 -9999.0 -9999.0 -9999.0 -9999.0 -9999.0 -9999.0 -9999.0 -9999.0 -9999.0 -9999.0 -9999.0 -9999.0 -9999.0 -9999.0 -9999.0 -9999.0 -9999.0 -9999.0 -9999.0 -9999.0 -9999.0 -9999.0 -9999.0 -9999.0 3.225 3.219 3.213 3.208 3.202 3.197 3.192 3.187 3.182 3.177 3.173 3.17 3.166 3.163 3.16 3.156 3.153 3.151 3.148 3.145 3.143 3.14 3.138 3.135 3.133 3.131 3.129 3.127 3.125 3.123 3.121 3.119 3.118 3.116 3.114 3.113 3.111 3.109 3.108
-9999.0 -9999.0 -9999.0 -9999.0 -9999.0 -9999.0 -9999.0 -9999.0 -9999.0 -9999.0 -9999.0 -9999.0 -9999.0 -9999.0 -9999.0 -9999.0 -9999.0 -9999.0 -9999.0 -9999.0 -9999.0 -9999.0 -9999.0 -9999.0 -9999.0 -9999.0 -9999.0 -9999.0 -9999.0 -9999.0 -9999.0 -9999.0 -9999.0 -9999.0 -9999.0 3.236 3.23 3.224 3.218 3.212 3.207 3.202 3.196 3.192 3.187 3.182 3.178 3.174 3.17 3.167 3.163 3.16 3.157 3.154 3.151 3.149 3.146 3.144 3.141 3.139 3.137 3.135 3.132 3.13 3.128 3.126 3.125 3.123 3.121 3.119 3.117 3.116 3.114 3.112
-9999.0 -9999.0 -9999.0 -9999.0 -9999.0 -9999.0 -9999.0 -9999.0 -9999.0 -9999.0 -9999.0 -9999.0 -9999.0 -9999.0 -9999.0 -9999.0 -9999.0 -9999.0 -9999.0 -9999.0 -9999.0 3.357 -9999.0 -9999.0 -9999.0 -9999.0 -9999.0 -9999.0 -9999.0 -9999.0 -9999.0 -9999.0 -9999.0 -9999.0 3.253 3.247 3.24 3.234 3.228 3.223 3.217 3.212 3.207 3.202 3.197 3.192 3.188 3.183 3.179 3.175 3.171 3.168 3.164 3.161 3.158 3.156 3.153 3.15 3.148 3.145 3.143 3.141 3.139 3.136 3.134 3.132 3.13 3.128 3.126 3.124 3.122 3.121 3.119 3.117
-9999.0 -9999.0 -9999.0 -9999.0 -9999.0 -9999.0 -9999.0 -9999.0 -9999.0 -9999.0 -9999.0 -9999.0 -9999.0 -9999.0 -9999.0 -9999.0 3.418 3.408 3.398 3.388 3.379 3.369 3.36 3.351 3.342 3.333 3.325 -9999.0 -9999.0 -9999.0 -9999.0 -9999.0 -9999.0 -9999.0 3.264 3.258 3.251 3.245 3.239 3.233 3.227 3.222 3.217 3.212 3.207 3.202 3.197 3.193 3.189 3.185 3.181 3.177 3.173 3.17 3.166 3.163 3.16 3.157 3.154 3.152 3.149 3.146 3.144 3.142 3.14 3.138 3.135 3.133 3.131 3.129 3.127 3.125 3.124 3.122
-9999.0 -9999.0 -9999.0 -9999.0 -9999.0 -9999.0 -9999.0 -9999.0 -9999.0 -9999.0 -9999.0 -9999.0 -9999.0 -9999.0 3.453 3.442 3.432 3.421 3.411 3.401 3.391 3.382 3.372 3.363 3.354 3.345 3.337 3.328 -9999.0 -9999.0 -9999.0 -9999.0 3.29 3.282 3.276 3.269 3.262 3.256 3.25 3.244 3.238 3.232 3.227 3.222 3.217 3.212 3.207 3.202 3.198 3.194 3.19 3.186 3.182 3.179 3.175 3.172 3.169 3.166 3.163 3.16 3.157 3.154 3.152 3.149 3.147 3.145 3.142 3.14 3.138 3.136 3.134 3.132 3.13 3.128
-9999.0 -9999.0 -9999.0 -9999.0 -9999.0 -9999.0 -9999.0 -9999.0 -9999.0 -9999.0 -9999.0 -9999.0 -9999.0 -9999.0 3.466 3.455 3.445 3.434 3.424 3.414 3.404 3.395 3.385 3.376 3.367 3.358 3.349 3.341 3.332 3.324 3.316 3.309 3.301 3.294 3.287 3.28 3.273 3.267 3.26 3.254 3.248 3.243 3.237 3.232 3.227 3.222 3.217 3.212 3.208 3.203 3.199 3.195 3.191 3.188 3.184 3.181 3.177 3.174 3.171 3.168 3.165 3.162 3.16 3.157 3.154 3.152 3.15 3.147 3.145 3.143 3.141 3.138 3.136 3.134
-9999.0 -9999.0 -9999.0 -9999.0 -9999.0 -9999.0 -9999.0 -9999.0 -9999.0 -9999.0 -9999.0 -9999.0 3.502 3.491 3.48 3.469 3.458 3.448 3.437 3.427 3.417 3.407 3.398 3.388 3.379 3.37 3.361 3.353 3.344 3.336 3.328 3.32 3.313 3.305 3.298 3.291 3.284 3.278 3.271 3.265 3.259 3.253 3.248 3.242 3.237 3.232 3.227 3.222 3.217 3.213 3.209 3.204 3.2 3.197 3.193 3.189 3.186 3.182 3.179 3.176 3.173 3.17 3.167 3.165 3.162 3.159 3.157 3.154 3.152 3.15 3.147 3.145 3.143 3.141
-9999.0 -9999.0 -9999.0 -9999.0 -9999.0 -9999.0 -9999.0 -9999.0 -9999.0 -9999.0 -9999.0 -9999.0 -9999.0 3.505 3.494 3.483 3.472 3.461 3.451 3.441 3.43 3.421 3.411 3.401 3.392 3.383 3.374 3.365 3.357 3.348 3.34 3.332 3.325 3.317 3.31 3.303 3.296 3.289 3.282 3.276 3.27 3.264 3.258 3.253 3.247 3.242 3.237 3.232 3.227 3.223 3.218 3.214 3.21 3.206 3.202 3.198 3.195 3.191 3.188 3.184 3.181 3.178 3.175 3.172 3.17 3.167 3.164 3.162 3.159 3.157 3.154 3.152 3.149 3.147
-9999.0 -9999.0 -9999.0 -9999.0 -9999.0 -9999.0 -9999.0 -9999.0 -9999.0 -9999.0 -9999.0 -9999.0 -9999.0 3.519 3.508 3.497 3.486 3.475 3.464 3.454 3.444 3.434 3.424 3.414 3.405 3.396 3.387 3.378 3.369 3.361 3.352 3.344 3.336 3.329 3.321 3.314 3.307 3.3 3.294 3.287 3.281 3.275 3.269 3.263 3.258 3.252 3.247 3.242 3.237 3.232 3.228 3.223 3.219 3.215 3.211 3.207 3.203 3.2 3.196 3.193 3.189 3.186 3.183 3.18 3.177 3.174 3.172 3.169 3.166 3.164 3.161 3.158 3.156 3.154
-9999.0 -9999.0 -9999.0 -9999.0 -9999.0 -9999.0 -9999.0 -9999.0 -9999.0 -9999.0 -9999.0 -9999.0 -9999.0 3.534 3.522 3.511 3.5 3.489 3.478 3.468 3.457 3.447 3.437 3.427 3.418 3.408 3.399 3.39 3.382 3.373 3.365 3.356 3.348 3.341 3.333 3.326 3.319 3.312 3.305 3.298 3.292 3.286 3.28 3.274 3.268 3.262 3.257 3.252 3.247 3.242 3.237 3.233 3.228 3.224 3.22 3.216 3.212 3.208 3.205 3.201 3.198 3.194 3.191 3.188 3.185 3.182 3.179 3.176 3.173 3.171 3.168 3.165 3.163 3.16
-9999.0 -9999.0 -9999.0 -9999.0 -9999.0 -9999.0 -9999.0 -9999.0 -9999.0 -9999.0 -9999.0 -9999.0 -9999.0 3.548 3.536 3.525 3.514 3.503 3.492 3.481 3.471 3.461 3.451 3.441 3.431 3.421 3.412 3.403 3.394 3.385 3.377 3.369 3.361 3.353 3.345 3.337 3.33 3.323 3.316 3.309 3.303 3.296 3.29 3.284 3.278 3.273 3.267 3.262 3.257 3.252 3.247 3.242 3.238 3.233 3.229 3.225 3.221 3.217 3.213 3.21 3.206 3.203 3.199 3.196 3.193 3.19 3.187 3.184 3.181 3.178 3.175 3.172 3.169 3.167
-9999.0 -9999.0 -9999.0 -9999.0 -9999.0 -9999.0 -9999.0 -9999.0 -9999.0 -9999.0 -9999.0 -9999.0 3.574 3.563 3.551 3.539 3.528 3.517 3.506 3.495 3.485 3.474 3.464 3.454 3.444 3.435 3.425 3.416 3.407 3.398 3.389 3.381 3.373 3.365 3.357 3.349 3.342 3.335 3.328 3.321 3.314 3.308 3.301 3.295 3.289 3.283 3.278 3.272 3.267 3.262 3.257 3.252 3.247 3.243 3.238 3.234 3.23 3.226 3.222 3.218 3.214 3.211 3.207 3.204 3.201 3.197 3.194 3.191 3.188 3.185 3.182 3.179 3.176 3.173
-9999.0 -9999.0 -9999.0 -9999.0 -9999.0 -9999.0 -9999.0 -9999.0 -9999.0 3.626 3.614 3.601 3.589 3.577 3.566 3.554 3.543 3.531 3.52 3.509 3.499 3.488 3.478 3.468 3.458 3.448 3.438 3.429 3.42 3.411 3.402 3.393 3.385 3.377 3.369 3.361 3.354 3.346 3.339 3.332 3.325 3.319 3.312 3.306 3.3 3.294 3.288 3.283 3.277 3.272 3.267 3.262 3.257 3.252 3.248 3.243 3.239 3.235 3.231 3.227 3.223 3.219 3.215 3.212 3.208 3.205 3.202 3.198 3.195 3.192 3.189 3.186 3.183 3.18
-9999.0 -9999.0 -9999.0 -9999.0 -9999.0 -9999.0 -9999.0 -9999.0 -9999.0 3.642 3.629 3.617 3.604 3.592 3.58 3.569 3.557 3.546 3.534 3.523 3.513 3.502 3.491 3.481 3.471 3.461 3.452 3.442 3.433 3.424 3.415 3.406 3.398 3.389 3.381 3.373 3.366 3.358 3.351 3.344 3.337 3.33 3.323 3.317 3.311 3.304 3.299 3.293 3.287 3.282 3.277 3.272 3.267 3.262 3.257 3.252 3.248 3.244 3.239 3.235 3.231 3.228 3.224 3.22 3.216 3.213 3.209 3.206 3.203 3.199 3.196 3.193 3.19 3.187
-9999.0 -9999.0 -9999.0 -9999.0 -9999.0 -9999.0 -9999.0 -9999.0 -9999.0 3.657 3.644 3.632 3.62 3.607 3.595 3.583 3.572 3.56 3.549 3.538 3.527 3.516 3.505 3.495 3.485 3.475 3.465 3.455 3.446 3.437 3.428 3.419 3.41 3.402 3.393 3.385 3.377 3.37 3.362 3.355 3.348 3.341 3.334 3.328 3.321 3.315 3.309 3.303 3.298 3.292 3.287 3.281 3.276 3.271 3.266 3.262 3.257 3.253 3.248 3.244 3.24 3.236 3.232 3.228 3.224 3.221 3.217 3.214 3.21 3.207 3.203 3.2 3.197 3.194
-9999.0 -9999.0 -9999.0 -9999.0 -9999.0 -9999.0 -9999.0 -9999.0 -9999.0 3.673 3.66 3.647 3.635 3.623 3.61 3.598 3.587 3.575 3.563 3.552 3.541 3.53 3.519 3.509 3.498 3.488 3.478 3.469 3.459 3.45 3.44 3.431 3.423 3.414 3.406 3.397 3.389 3.382 3.374 3.367 3.359 3.352 3.345 3.339 3.332 3.326 3.32 3.314 3.308 3.302 3.297 3.291 3.286 3.281 3.276 3.271 3.266 3.262 3.257 3.253 3.249 3.244 3.24 3.236 3.232 3.229 3.225 3.221 3.218 3.214 3.211 3.207 3.204 3.2
-9999.0 -9999.0 -9999.0 -9999.0 -9999.0 -9999.0 -9999.0 -9999.0 -9999.0 3.689 3.676 3.663 3.65 3.638 3.626 3.613 3.601 3.59 3.578 3.567 3.555 3.544 3.533 3.523 3.512 3.502 3.492 3.482 3.472 3.463 3.453 3.444 3.435 3.427 3.418 3.41 3.402 3.394 3.386 3.378 3.371 3.364 3.357 3.35 3.343 3.337 3.33 3.324 3.318 3.312 3.307 3.301 3.296 3.291 3.285 3.28 3.276 3.271 3.266 3.262 3.257 3.253 3.249 3.245 3.241 3.237 3.233 3.229 3.225 3.222 3.218 3.214 3.211 3.207
-9999.0 -9999.0 -9999.0 -9999.0 -9999.0 -9999.0 -9999.0 -9999.0 3.718 3.705 3.692 3.679 3.666 3.653 3.641 3.629 3.616 3.605 3.593 3.581 3.57 3.559 3.548 3.537 3.526 3.516 3.505 3.495 3.486 3.476 3.466 3.457 3.448 3.439 3.431 3.422 3.414 3.406 3.398 3.39 3.383 3.375 3.368 3.361 3.354 3.348 3.341 3.335 3.329 3.323 3.317 3.311 3.306 3.3 3.295 3.29 3.285 3.28 3.275 3.271 3.266 3.262 3.257 3.253 3.249 3.245 3.241 3.237 3.233 3.229 3.225 3.222 3.218 3.214
-9999.0 -9999.0 -9999.0 -9999.0 -9999.0 -9999.0 -9999.0 -9999.0 3.734 3.721 3.707 3.694 3.682 3.669 3.656 3.644 3.632 3.62 3.608 3.596 3.584 3.573 3.562 3.551 3.54 3.53 3.519 3.509 3.499 3.489 3.48 3.47 3.461 3.452 3.443 3.434 3.426 3.418 3.41 3.402 3.394 3.387 3.379 3.372 3.365 3.359 3.352 3.345 3.339 3.333 3.327 3.321 3.316 3.31 3.305 3.299 3.294 3.289 3.284 3.279 3.275 3.27 3.266 3.261 3.257 3.253 3.249 3.245 3.241 3.237 3.233 3.229 3.225 3.221
-9999.0 -9999.0 -9999.0 -9999.0 -9999.0 -9999.0 -9999.0 -9999.0 3.75 3.737 3.724 3.71 3.697 3.684 3.672 3.659 3.647 3.635 3.623 3.611 3.599 3.588 3.576 3.565 3.554 3.543 3.533 3.523 3.512 3.503 3.493 3.483 3.474 3.465 3.456 3.447 3.438 3.43 3.422 3.414 3.406 3.398 3.391 3.384 3.376 3.37 3.363 3.356 3.35 3.343 3.337 3.331 3.326 3.32 3.314 3.309 3.304 3.298 3.293 3.288 3.284 3.279 3.274 3.27 3.265 3.261 3.257 3.252 3.248 3.244 3.24 3.236 3.232 3.229
-9999.0 -9999.0 -9999.0 -9999.0 -9999.0 -9999.0 -9999.0 -9999.0 -9999.0 3.753 3.74 3.726 3.713 3.7 3.687 3.675 3.662 3.65 3.638 3.626 3.614 3.602 3.591 3.579 3.568 3.557 3.547 3.536 3.526 3.516 3.506 3.496 3.487 3.478 3.468 3.459 3.451 3.442 3.434 3.426 3.418 3.41 3.402 3.395 3.388 3.381 3.374 3.367 3.36 3.354 3.348 3.342 3.336 3.33 3.324 3.318 3.313 3.308 3.302 3.297 3.292 3.288 3.283 3.278 3.274 3.269 3.265 3.26 3.256 3.252 3.248 3.244 3.24 3.236
-9999.0 -9999.0 -9999.0 -9999.0 -9999.0 -9999.0 -9999.0 -9999.0 -9999.0 -9999.0 3.756 3.743 3.729 3.716 3.703 3.69 3.678 3.665 3.653 3.641 3.629 3.617 3.605 3.594 3.583 3.572 3.561 3.55 3.54 3.529 3.519 3.51 3.5 3.49 3.481 3.472 3.463 3.455 3.446 3.438 3.43 3.422 3.414 3.406 3.399 3.392 3.385 3.378 3.371 3.364 3.358 3.352 3.346 3.34 3.334 3.328 3.322 3.317 3.312 3.306 3.301 3.296 3.291 3.287 3.282 3.277 3.273 3.268 3.264 3.26 3.255 3.251 3.247 3.243
-9999.0 -9999.0 -9999.0 -9999.0 -9999.0 -9999.0 -9999.0 -9999.0 -9999.0 -9999.0 -9999.0 3.759 3.745 3.732 3.719 3.706 3.693 3.68 3.668 3.656 3.644 3.632 3.62 3.608 3.597 3.586 3.575 3.564 3.553 3.543 3.533 3.523 3.513 3.503 3.494 3.485 3.476 3.467 3.458 3.45 3.442 3.433 3.426 3.418 3.41 3.403 3.396 3.389 3.382 3.375 3.368 3.362 3.356 3.35 3.344 3.338 3.332 3.326 3.321 3.316 3.31 3.305 3.3 3.295 3.29 3.286 3.281 3.276 3.272 3.267 3.263 3.259 3.254 3.25
-9999.0 -9999.0 -9999.0 -9999.0 -9999.0 -9999.0 -9999.0 -9999.0 -9999.0 -9999.0 -9999.0 3.775 3.762 3.748 3.735 3.722 3.709 3.696 3.683 3.671 3.659 3.646 3.635 3.623 3.611 3.6 3.589 3.578 3.567 3.557 3.546 3.536 3.526 3.516 3.507 3.497 3.488 3.479 3.47 3.462 3.453 3.445 3.437 3.429 3.422 3.414 3.407 3.399 3.392 3.386 3.379 3.372 3.366 3.36 3.353 3.347 3.342 3.336 3.33 3.325 3.319 3.314 3.309 3.304 3.299 3.294 3.289 3.284 3.28 3.275 3.271 3.266 3.262 3.258
-9999.0 -9999.0 -9999.0 -9999.0 -9999.0 -9999.0 -9999.0 -9999.0 -9999.0 -9999.0 -9999.0 -9999.0 3.778 3.764 3.751 3.737 3.724 3.711 3.699 3.686 3.674 3.661 3.649 3.637 3.626 3.614 3.603 3.592 3.581 3.57 3.56 3.55 3.539 3.529 3.52 3.51 3.501 3.492 3.483 3.474 3.465 3.457 3.449 3.441 3.433 3.425 3.418 3.41 3.403 3.396 3.389 3.383 3.376 3.37 3.363 3.357 3.351 3.345 3.34 3.334 3.328 3.323 3.318 3.312 3.307 3.302 3.297 3.293 3.288 3.283 3.278 3.274 3.269 3.265
