static/jobfarm/user_models/minyf/common/HOME-GBHM/输出文件/Output/Grids/snowDepth20020223.asc
ncols 221
nrows 204
xllcorner -627000.0
yllcorner 3955000.0
cellsize 900.0
NODATA_value -9999.0
[rows 60 to 89 of 204, columns 134 to 200 of 221]
418.325 418.322 418.32 418.317 418.314 418.311 -9999.0 -9999.0 418.3 -9999.0 -9999.0 -9999.0 -9999.0 -9999.0 -9999.0 -9999.0 -9999.0 -9999.0 -9999.0 -9999.0 -9999.0 -9999.0 -9999.0 -9999.0 -9999.0 -9999.0 -9999.0 -9999.0 -9999.0 -9999.0 -9999.0 -9999.0 -9999.0 -9999.0 -9999.0 -9999.0 -9999.0 -9999.0 -9999.0 -9999.0 -9999.0 -9999.0 -9999.0 -9999.0 -9999.0 -9999.0 -9999.0 -9999.0 -9999.0 -9999.0 -9999.0 -9999.0 -9999.0 -9999.0 -9999.0 -9999.0 -9999.0 -9999.0 -9999.0 -9999.0 -9999.0 -9999.0 -9999.0 -9999.0 -9999.0 -9999.0 -9999.0
418.313 418.311 418.308 418.305 418.301 418.298 418.294 418.29 418.286 418.281 418.276 -9999.0 -9999.0 -9999.0 -9999.0 -9999.0 -9999.0 -9999.0 -9999.0 -9999.0 -9999.0 -9999.0 -9999.0 -9999.0 -9999.0 -9999.0 -9999.0 -9999.0 -9999.0 -9999.0 -9999.0 -9999.0 -9999.0 -9999.0 -9999.0 -9999.0 -9999.0 -9999.0 -9999.0 -9999.0 -9999.0 -9999.0 -9999.0 -9999.0 -9999.0 -9999.0 -9999.0 -9999.0 -9999.0 -9999.0 -9999.0 -9999.0 -9999.0 -9999.0 -9999.0 -9999.0 -9999.0 -9999.0 -9999.0 -9999.0 -9999.0 -9999.0 -9999.0 -9999.0 -9999.0 -9999.0 -9999.0
418.302 418.299 418.296 418.293 418.289 418.285 418.281 418.276 418.272 418.266 418.261 418.255 -9999.0 418.241 418.234 -9999.0 -9999.0 -9999.0 -9999.0 -9999.0 -9999.0 -9999.0 -9999.0 -9999.0 -9999.0 -9999.0 -9999.0 -9999.0 -9999.0 -9999.0 -9999.0 -9999.0 -9999.0 -9999.0 -9999.0 -9999.0 -9999.0 -9999.0 -9999.0 -9999.0 -9999.0 -9999.0 -9999.0 -9999.0 -9999.0 -9999.0 -9999.0 -9999.0 -9999.0 -9999.0 -9999.0 -9999.0 -9999.0 -9999.0 -9999.0 -9999.0 -9999.0 -9999.0 -9999.0 -9999.0 -9999.0 -9999.0 -9999.0 -9999.0 -9999.0 -9999.0 -9999.0
418.291 418.288 418.284 418.281 418.277 418.272 418.268 418.263 418.258 418.252 418.246 418.24 418.233 418.226 418.218 -9999.0 -9999.0 -9999.0 -9999.0 -9999.0 -9999.0 -9999.0 -9999.0 -9999.0 -9999.0 -9999.0 -9999.0 -9999.0 -9999.0 -9999.0 -9999.0 -9999.0 -9999.0 -9999.0 -9999.0 -9999.0 -9999.0 -9999.0 -9999.0 -9999.0 -9999.0 -9999.0 -9999.0 -9999.0 -9999.0 -9999.0 -9999.0 -9999.0 -9999.0 -9999.0 -9999.0 -9999.0 -9999.0 -9999.0 -9999.0 -9999.0 -9999.0 -9999.0 -9999.0 -9999.0 -9999.0 -9999.0 -9999.0 -9999.0 -9999.0 -9999.0 -9999.0
418.281 418.277 418.273 418.269 418.265 418.26 418.255 418.25 418.244 418.239 418.232 418.225 418.218 418.21 418.202 418.193 418.183 -9999.0 -9999.0 -9999.0 -9999.0 -9999.0 -9999.0 -9999.0 -9999.0 -9999.0 -9999.0 -9999.0 -9999.0 -9999.0 -9999.0 -9999.0 -9999.0 -9999.0 -9999.0 -9999.0 -9999.0 -9999.0 -9999.0 -9999.0 -9999.0 -9999.0 -9999.0 -9999.0 -9999.0 -9999.0 -9999.0 -9999.0 -9999.0 -9999.0 -9999.0 -9999.0 -9999.0 -9999.0 -9999.0 -9999.0 -9999.0 -9999.0 -9999.0 -9999.0 -9999.0 -9999.0 -9999.0 -9999.0 -9999.0 -9999.0 -9999.0
418.27 418.266 418.262 418.257 418.253 418.248 418.243 418.237 418.231 418.225 418.219 418.211 418.204 418.196 418.187 418.178 418.168 418.157 418.146 -9999.0 -9999.0 -9999.0 -9999.0 -9999.0 -9999.0 -9999.0 -9999.0 -9999.0 -9999.0 -9999.0 -9999.0 -9999.0 -9999.0 -9999.0 -9999.0 -9999.0 -9999.0 -9999.0 -9999.0 -9999.0 -9999.0 -9999.0 -9999.0 -9999.0 -9999.0 -9999.0 -9999.0 -9999.0 -9999.0 -9999.0 -9999.0 -9999.0 -9999.0 -9999.0 -9999.0 -9999.0 -9999.0 -9999.0 -9999.0 -9999.0 -9999.0 -9999.0 -9999.0 -9999.0 -9999.0 -9999.0 -9999.0
418.26 418.255 418.251 418.246 418.241 418.236 418.231 418.225 418.219 418.212 418.205 418.198 418.19 418.181 418.172 418.163 418.153 418.142 418.13 418.118 418.105 -9999.0 418.076 418.06 -9999.0 -9999.0 -9999.0 -9999.0 -9999.0 -9999.0 -9999.0 -9999.0 -9999.0 -9999.0 -9999.0 -9999.0 -9999.0 -9999.0 -9999.0 -9999.0 -9999.0 -9999.0 -9999.0 -9999.0 -9999.0 -9999.0 -9999.0 -9999.0 -9999.0 -9999.0 -9999.0 -9999.0 -9999.0 -9999.0 -9999.0 -9999.0 -9999.0 -9999.0 -9999.0 -9999.0 -9999.0 -9999.0 -9999.0 -9999.0 -9999.0 -9999.0 -9999.0
418.249 418.245 418.24 418.235 418.23 418.225 418.219 418.213 418.206 418.2 418.192 418.185 418.176 418.168 418.158 418.149 418.138 418.127 418.115 418.103 418.089 418.075 418.06 418.044 418.027 -9999.0 -9999.0 -9999.0 -9999.0 -9999.0 -9999.0 -9999.0 -9999.0 -9999.0 -9999.0 -9999.0 -9999.0 -9999.0 -9999.0 -9999.0 -9999.0 -9999.0 -9999.0 -9999.0 -9999.0 -9999.0 -9999.0 -9999.0 -9999.0 -9999.0 -9999.0 -9999.0 -9999.0 -9999.0 -9999.0 -9999.0 -9999.0 -9999.0 -9999.0 -9999.0 -9999.0 -9999.0 -9999.0 -9999.0 -9999.0 -9999.0 -9999.0
418.24 418.235 418.23 418.225 418.219 418.214 418.208 418.201 418.195 418.187 418.18 418.172 418.163 418.155 418.145 418.135 418.124 418.113 418.101 418.088 418.074 418.06 418.045 418.029 418.012 417.994 -9999.0 -9999.0 -9999.0 -9999.0 -9999.0 -9999.0 -9999.0 -9999.0 -9999.0 -9999.0 -9999.0 -9999.0 -9999.0 -9999.0 -9999.0 -9999.0 -9999.0 -9999.0 -9999.0 -9999.0 -9999.0 -9999.0 -9999.0 -9999.0 -9999.0 -9999.0 -9999.0 -9999.0 -9999.0 -9999.0 -9999.0 -9999.0 -9999.0 -9999.0 -9999.0 -9999.0 -9999.0 -9999.0 -9999.0 -9999.0 -9999.0
418.23 418.225 418.22 418.214 418.209 418.203 418.197 418.19 418.183 418.176 418.168 418.16 418.151 418.142 418.132 418.122 418.111 418.099 418.087 418.074 418.06 418.046 418.031 418.015 417.997 417.979 417.96 417.941 -9999.0 -9999.0 -9999.0 -9999.0 -9999.0 -9999.0 -9999.0 -9999.0 -9999.0 -9999.0 -9999.0 -9999.0 -9999.0 -9999.0 -9999.0 -9999.0 -9999.0 -9999.0 -9999.0 -9999.0 -9999.0 -9999.0 -9999.0 -9999.0 -9999.0 -9999.0 -9999.0 -9999.0 -9999.0 -9999.0 -9999.0 -9999.0 -9999.0 -9999.0 -9999.0 -9999.0 -9999.0 -9999.0 -9999.0
418.221 418.216 418.21 418.205 418.199 418.192 418.186 418.179 418.172 418.164 418.156 418.148 418.139 418.13 418.12 418.109 418.098 418.087 418.074 418.061 418.047 418.033 418.017 418.001 417.984 417.966 417.947 417.927 417.906 417.884 -9999.0 -9999.0 -9999.0 -9999.0 -9999.0 -9999.0 -9999.0 -9999.0 -9999.0 -9999.0 -9999.0 -9999.0 -9999.0 -9999.0 -9999.0 -9999.0 -9999.0 -9999.0 -9999.0 -9999.0 -9999.0 -9999.0 -9999.0 -9999.0 -9999.0 -9999.0 -9999.0 -9999.0 -9999.0 -9999.0 -9999.0 -9999.0 -9999.0 -9999.0 -9999.0 -9999.0 -9999.0
418.212 418.206 418.201 418.195 418.189 418.183 418.176 418.169 418.161 418.154 418.145 418.137 418.128 418.118 418.108 418.097 418.086 418.074 418.062 418.049 418.035 418.02 418.005 417.988 417.971 417.953 417.934 417.915 417.894 417.872 417.849 -9999.0 -9999.0 -9999.0 -9999.0 -9999.0 -9999.0 -9999.0 -9999.0 -9999.0 -9999.0 -9999.0 -9999.0 -9999.0 -9999.0 -9999.0 -9999.0 -9999.0 -9999.0 -9999.0 -9999.0 -9999.0 -9999.0 -9999.0 -9999.0 -9999.0 -9999.0 -9999.0 -9999.0 -9999.0 -9999.0 -9999.0 -9999.0 -9999.0 -9999.0 -9999.0 -9999.0
418.203 418.197 418.192 418.186 418.179 418.173 418.166 418.159 418.151 418.143 418.135 418.126 418.117 418.107 418.097 418.086 418.075 418.063 418.05 418.037 418.023 418.008 417.993 417.977 417.96 417.942 417.923 417.903 417.883 417.861 417.838 417.815 -9999.0 -9999.0 -9999.0 -9999.0 -9999.0 -9999.0 -9999.0 -9999.0 -9999.0 -9999.0 -9999.0 -9999.0 -9999.0 -9999.0 -9999.0 -9999.0 -9999.0 -9999.0 -9999.0 -9999.0 -9999.0 -9999.0 -9999.0 -9999.0 -9999.0 -9999.0 -9999.0 -9999.0 -9999.0 -9999.0 -9999.0 -9999.0 -9999.0 -9999.0 -9999.0
418.195 418.189 418.183 418.177 418.171 418.164 418.157 418.149 418.142 418.134 418.125 418.116 418.107 418.097 418.087 418.076 418.064 418.052 418.039 418.026 418.012 417.997 417.982 417.966 417.949 417.931 417.912 417.893 417.872 417.851 417.829 417.805 -9999.0 -9999.0 -9999.0 -9999.0 -9999.0 -9999.0 -9999.0 -9999.0 -9999.0 -9999.0 -9999.0 -9999.0 -9999.0 -9999.0 -9999.0 -9999.0 -9999.0 -9999.0 -9999.0 -9999.0 -9999.0 -9999.0 -9999.0 -9999.0 -9999.0 -9999.0 -9999.0 -9999.0 -9999.0 -9999.0 -9999.0 -9999.0 -9999.0 -9999.0 -9999.0
418.187 418.181 418.175 418.168 418.162 418.155 418.148 418.14 418.133 418.124 418.116 418.107 418.097 418.087 418.077 418.066 418.054 418.042 418.029 418.016 418.002 417.987 417.972 417.956 417.939 417.921 417.903 417.883 417.863 417.842 417.82 417.797 -9999.0 -9999.0 -9999.0 -9999.0 -9999.0 -9999.0 -9999.0 -9999.0 -9999.0 -9999.0 -9999.0 -9999.0 -9999.0 -9999.0 -9999.0 -9999.0 -9999.0 -9999.0 -9999.0 -9999.0 -9999.0 -9999.0 -9999.0 -9999.0 -9999.0 -9999.0 -9999.0 -9999.0 -9999.0 -9999.0 -9999.0 -9999.0 -9999.0 -9999.0 -9999.0
418.179 418.173 418.167 418.16 418.154 418.147 418.139 418.132 418.124 418.116 418.107 418.098 418.088 418.078 418.068 418.056 418.045 418.033 418.02 418.007 417.993 417.978 417.963 417.947 417.93 417.912 417.894 417.875 417.855 417.834 417.812 417.789 417.766 -9999.0 -9999.0 -9999.0 417.662 -9999.0 -9999.0 -9999.0 -9999.0 -9999.0 -9999.0 -9999.0 -9999.0 -9999.0 -9999.0 -9999.0 -9999.0 -9999.0 -9999.0 -9999.0 -9999.0 -9999.0 -9999.0 -9999.0 -9999.0 -9999.0 -9999.0 -9999.0 -9999.0 -9999.0 -9999.0 -9999.0 -9999.0 -9999.0 -9999.0
418.172 418.166 418.159 418.153 418.146 418.139 418.132 418.124 418.116 418.107 418.099 418.089 418.08 418.07 418.059 418.048 418.036 418.024 418.011 417.998 417.984 417.97 417.954 417.938 417.922 417.904 417.886 417.867 417.847 417.827 417.805 417.783 417.76 -9999.0 -9999.0 -9999.0 417.658 417.63 417.598 -9999.0 -9999.0 -9999.0 -9999.0 -9999.0 -9999.0 -9999.0 -9999.0 -9999.0 -9999.0 -9999.0 -9999.0 -9999.0 -9999.0 -9999.0 -9999.0 -9999.0 -9999.0 -9999.0 -9999.0 -9999.0 -9999.0 -9999.0 -9999.0 -9999.0 -9999.0 -9999.0 -9999.0
418.165 418.158 418.152 418.146 418.139 418.132 418.124 418.116 418.108 418.1 418.091 418.082 418.072 418.062 418.051 418.04 418.028 418.016 418.004 417.99 417.976 417.962 417.947 417.931 417.914 417.897 417.879 417.861 417.841 417.821 417.8 417.778 417.755 417.731 417.707 417.682 417.655 417.627 417.595 417.562 417.528 417.494 417.458 -9999.0 -9999.0 -9999.0 -9999.0 -9999.0 -9999.0 -9999.0 -9999.0 -9999.0 -9999.0 -9999.0 -9999.0 -9999.0 -9999.0 -9999.0 -9999.0 -9999.0 -9999.0 -9999.0 -9999.0 -9999.0 -9999.0 -9999.0 -9999.0
418.158 418.152 418.145 418.139 418.132 418.125 418.117 418.109 418.101 418.092 418.084 418.074 418.065 418.054 418.044 418.033 418.021 418.009 417.996 417.983 417.969 417.955 417.94 417.924 417.908 417.891 417.873 417.855 417.836 417.816 417.795 417.774 417.751 417.728 417.704 417.679 417.654 417.624 417.593 417.561 417.528 417.494 417.459 417.424 417.387 -9999.0 -9999.0 -9999.0 -9999.0 -9999.0 -9999.0 -9999.0 -9999.0 -9999.0 -9999.0 -9999.0 -9999.0 -9999.0 -9999.0 -9999.0 -9999.0 -9999.0 -9999.0 -9999.0 -9999.0 -9999.0 -9999.0
418.152 418.145 418.139 418.132 418.125 418.118 418.111 418.103 418.094 418.086 418.077 418.068 418.058 418.048 418.037 418.026 418.015 418.003 417.99 417.977 417.963 417.949 417.934 417.919 417.903 417.886 417.869 417.85 417.832 417.812 417.792 417.771 417.749 417.726 417.703 417.678 417.652 417.623 417.593 417.562 417.529 417.497 417.463 417.428 417.392 -9999.0 -9999.0 -9999.0 -9999.0 -9999.0 -9999.0 -9999.0 -9999.0 -9999.0 -9999.0 -9999.0 -9999.0 -9999.0 -9999.0 -9999.0 -9999.0 -9999.0 -9999.0 -9999.0 -9999.0 -9999.0 -9999.0
418.146 418.14 418.133 418.126 418.119 418.112 418.104 418.097 418.088 418.08 418.071 418.062 418.052 418.042 418.031 418.02 418.009 417.997 417.984 417.971 417.958 417.944 417.929 417.914 417.898 417.882 417.865 417.847 417.828 417.809 417.789 417.769 417.747 417.725 417.702 417.679 417.651 417.623 417.593 417.563 417.532 417.5 417.467 417.433 417.399 417.363 417.326 417.289 -9999.0 -9999.0 -9999.0 -9999.0 -9999.0 -9999.0 -9999.0 -9999.0 -9999.0 -9999.0 -9999.0 -9999.0 -9999.0 -9999.0 -9999.0 -9999.0 -9999.0 -9999.0 -9999.0
418.14 418.134 418.128 418.121 418.114 418.106 418.099 418.091 418.083 418.074 418.065 418.056 418.046 418.036 418.026 418.015 418.004 417.992 417.98 417.967 417.953 417.94 417.925 417.91 417.895 417.878 417.862 417.844 417.826 417.807 417.788 417.768 417.747 417.725 417.703 417.678 417.651 417.624 417.595 417.566 417.536 417.505 417.473 417.44 417.406 417.372 417.337 417.301 417.264 417.226 -9999.0 -9999.0 -9999.0 -9999.0 -9999.0 -9999.0 -9999.0 -9999.0 -9999.0 -9999.0 -9999.0 -9999.0 -9999.0 -9999.0 -9999.0 -9999.0 -9999.0
418.135 418.129 418.122 418.116 418.109 418.101 418.094 418.086 418.078 418.069 418.06 418.051 418.042 418.032 418.021 418.011 417.999 417.988 417.975 417.963 417.95 417.936 417.922 417.907 417.892 417.876 417.859 417.842 417.825 417.806 417.787 417.768 417.747 417.726 417.704 417.679 417.653 417.626 417.598 417.57 417.541 417.511 417.48 417.448 417.416 417.382 417.348 417.313 417.278 417.242 -9999.0 -9999.0 -9999.0 -9999.0 -9999.0 -9999.0 -9999.0 -9999.0 -9999.0 -9999.0 -9999.0 -9999.0 -9999.0 -9999.0 -9999.0 -9999.0 -9999.0
418.13 418.124 418.118 418.111 418.104 418.097 418.089 418.081 418.073 418.065 418.056 418.047 418.037 418.028 418.017 418.007 417.996 417.984 417.972 417.96 417.947 417.933 417.919 417.905 417.89 417.874 417.858 417.841 417.824 417.806 417.788 417.768 417.749 417.728 417.706 417.681 417.656 417.63 417.603 417.575 417.547 417.518 417.488 417.457 417.426 417.394 417.361 417.327 417.293 417.258 -9999.0 -9999.0 -9999.0 -9999.0 -9999.0 -9999.0 -9999.0 -9999.0 -9999.0 -9999.0 -9999.0 -9999.0 -9999.0 -9999.0 -9999.0 -9999.0 -9999.0
418.126 418.12 418.113 418.107 418.1 418.093 418.085 418.077 418.069 418.061 418.052 418.043 418.034 418.024 418.014 418.003 417.992 417.981 417.969 417.957 417.944 417.931 417.918 417.903 417.889 417.874 417.858 417.841 417.825 417.807 417.789 417.77 417.751 417.731 417.708 417.684 417.66 417.634 417.608 417.582 417.554 417.526 417.497 417.468 417.438 417.407 417.375 417.343 417.31 -9999.0 -9999.0 -9999.0 -9999.0 -9999.0 -9999.0 -9999.0 -9999.0 -9999.0 -9999.0 -9999.0 -9999.0 -9999.0 -9999.0 -9999.0 -9999.0 -9999.0 -9999.0
418.122 418.116 418.11 418.103 418.096 418.089 418.082 418.074 418.066 418.058 418.049 418.04 418.031 418.021 418.011 418.001 417.99 417.979 417.967 417.955 417.943 417.93 417.917 417.903 417.888 417.874 417.858 417.842 417.826 417.809 417.791 417.773 417.755 417.734 417.712 417.688 417.665 417.64 417.615 417.589 417.563 417.536 417.508 417.479 417.45 417.42 417.39 417.359 -9999.0 -9999.0 -9999.0 -9999.0 -9999.0 -9999.0 -9999.0 -9999.0 -9999.0 -9999.0 -9999.0 -9999.0 -9999.0 -9999.0 -9999.0 -9999.0 -9999.0 -9999.0 -9999.0
418.119 418.112 418.106 418.1 418.093 418.086 418.078 418.071 418.063 418.055 418.046 418.037 418.028 418.019 418.009 417.999 417.988 417.977 417.966 417.954 417.942 417.93 417.917 417.903 417.889 417.875 417.86 417.844 417.828 417.812 417.795 417.777 417.759 417.738 417.716 417.694 417.671 417.647 417.623 417.598 417.573 417.546 417.52 417.492 417.464 417.436 417.406 417.376 -9999.0 -9999.0 -9999.0 -9999.0 -9999.0 -9999.0 -9999.0 -9999.0 -9999.0 -9999.0 -9999.0 -9999.0 -9999.0 -9999.0 -9999.0 -9999.0 -9999.0 -9999.0 -9999.0
418.115 418.109 418.103 418.097 418.09 418.083 418.076 418.068 418.06 418.052 418.044 418.035 418.027 418.017 418.008 417.998 417.987 417.977 417.966 417.954 417.942 417.93 417.917 417.904 417.89 417.876 417.862 417.847 417.831 417.815 417.799 417.782 417.763 417.743 417.722 417.7 417.678 417.655 417.632 417.608 417.583 417.558 417.533 417.506 417.479 417.452 417.424 417.395 -9999.0 -9999.0 -9999.0 -9999.0 -9999.0 -9999.0 -9999.0 -9999.0 -9999.0 -9999.0 -9999.0 -9999.0 -9999.0 -9999.0 -9999.0 -9999.0 -9999.0 -9999.0 -9999.0
418.113 418.107 418.1 418.094 418.087 418.081 418.074 418.066 418.059 418.051 418.042 418.034 418.025 418.016 418.007 417.997 417.987 417.977 417.966 417.955 417.943 417.931 417.919 417.906 417.893 417.879 417.865 417.85 417.835 417.82 417.804 417.787 417.768 417.749 417.728 417.708 417.686 417.664 417.642 417.619 417.595 417.571 417.546 417.521 417.495 417.469 417.442 417.415 -9999.0 -9999.0 -9999.0 -9999.0 -9999.0 -9999.0 -9999.0 -9999.0 -9999.0 -9999.0 -9999.0 -9999.0 -9999.0 -9999.0 -9999.0 -9999.0 -9999.0 -9999.0 -9999.0
418.11 418.104 418.098 418.092 418.085 418.079 418.072 418.065 418.057 418.049 418.041 418.033 418.025 418.016 418.007 417.997 417.987 417.977 417.966 417.956 417.944 417.933 417.921 417.908 417.896 417.882 417.869 417.855 417.84 417.825 417.81 417.793 417.774 417.755 417.736 417.716 417.696 417.675 417.653 417.631 417.608 417.585 417.561 417.537 417.513 417.487 417.462 417.436 417.409 -9999.0 -9999.0 -9999.0 -9999.0 -9999.0 -9999.0 -9999.0 -9999.0 -9999.0 -9999.0 -9999.0 -9999.0 -9999.0 -9999.0 -9999.0 -9999.0 -9999.0 -9999.0
