static/jobfarm/user_models/minyf/common/HOME-GBHM/输出文件/Output/Grids/snowDepth20020227.asc
ncols 221
nrows 204
xllcorner -627000.0
yllcorner 3955000.0
cellsize 900.0
NODATA_value -9999.0
[rows 120 to 149 of 204, columns 67 to 133 of 221]
418.205 418.237 418.268 418.296 418.324 418.351 418.377 418.402 418.427 418.452 418.476 418.499 418.521 418.542 418.562 418.881 418.902 418.923 418.944 418.962 418.981 419.038 419.058 419.076 419.093 419.112 419.129 419.145 419.161 419.176 419.19 419.206 419.221 419.235 419.246 419.26 419.275 419.288 419.3 419.311 419.323 419.333 419.232 419.241 419.249 419.258 419.266 419.275 419.369 419.374 419.377 419.379 419.389 419.395 419.4 419.404 419.408 419.412 419.413 419.411 419.417 419.423 419.423 419.423 419.369 419.419 419.429
418.18 418.212 418.244 418.273 418.301 418.328 418.354 418.38 418.405 418.43 418.454 418.478 418.501 418.522 418.542 418.864 418.885 418.906 418.926 418.946 418.965 419.022 419.042 419.06 419.078 419.096 419.113 419.13 419.147 419.161 419.174 419.14 419.206 419.22 419.232 419.246 419.26 419.273 419.286 419.299 419.309 419.319 419.329 419.228 419.236 419.244 419.34 419.349 419.355 419.312 419.368 419.371 419.372 419.382 419.388 419.393 419.396 419.398 419.396 419.404 419.408 419.411 419.411 419.409 419.356 419.415 419.419
418.156 418.188 418.22 418.25 418.278 418.305 418.332 418.358 418.383 418.408 418.433 418.456 418.479 418.502 418.824 418.846 418.868 418.89 418.91 418.93 418.95 419.006 419.025 419.044 419.063 419.081 419.099 419.116 419.132 419.147 419.16 419.175 419.191 419.205 419.218 419.232 419.246 419.259 419.271 419.285 419.294 419.305 419.316 419.326 419.313 419.32 419.326 419.334 419.341 419.299 419.355 419.359 419.36 419.37 419.376 419.381 419.385 419.386 419.385 419.393 419.397 419.398 419.398 419.344 419.401 419.405 419.406
418.132 418.164 418.195 418.226 418.256 418.283 418.31 418.336 418.362 418.387 418.411 418.435 418.458 418.481 418.807 418.83 418.851 418.873 418.894 418.915 418.934 418.991 419.01 419.029 419.048 419.067 419.085 419.102 419.118 419.132 419.146 419.161 419.175 419.19 419.203 419.217 419.231 419.244 419.256 419.27 419.279 419.403 419.413 419.422 419.299 419.307 419.313 419.32 419.327 419.284 419.341 419.346 419.347 419.355 419.363 419.369 419.373 419.375 419.373 419.38 419.384 419.385 419.385 419.382 419.388 419.393 419.395
418.108 418.139 418.171 418.202 418.233 418.261 418.289 418.314 418.341 418.366 418.39 418.414 418.437 418.46 418.788 418.812 418.835 418.856 418.877 418.898 418.919 418.976 418.995 419.014 419.032 419.051 419.069 419.087 419.104 419.12 419.134 419.147 419.162 419.176 419.189 419.203 419.217 419.231 419.243 419.369 419.379 419.39 419.399 419.408 419.418 419.294 419.3 419.307 419.314 419.319 419.324 419.329 419.34 419.345 419.35 419.306 419.361 419.363 419.362 419.37 419.324 419.376 419.376 419.372 419.376 419.38 419.383
418.084 418.115 418.147 418.178 418.209 418.239 418.267 418.294 418.32 418.345 418.37 418.393 418.417 418.44 418.77 418.794 418.817 418.84 418.861 418.882 418.903 418.961 418.981 418.999 419.017 419.035 419.054 419.072 419.09 419.106 419.121 419.134 419.148 419.161 419.175 419.189 419.321 419.333 419.345 419.356 419.367 419.377 419.386 419.394 419.405 419.413 419.287 419.294 419.301 419.306 419.31 419.32 419.328 419.333 419.338 419.343 419.348 419.349 419.351 419.309 419.314 419.365 419.316 419.361 419.365 419.369 419.372
418.059 418.093 418.125 418.155 418.186 418.216 418.245 418.273 418.299 418.324 418.349 418.373 418.396 418.726 418.751 418.775 418.799 418.822 418.845 418.866 418.887 418.907 418.965 418.984 419.003 419.021 419.039 419.057 419.075 419.091 419.107 419.121 419.135 419.269 419.281 419.294 419.307 419.32 419.333 419.345 419.355 419.364 419.373 419.382 419.392 419.401 419.275 419.282 419.289 419.295 419.298 419.308 419.315 419.321 419.326 419.331 419.334 419.335 419.29 419.298 419.303 419.355 419.357 419.351 419.354 419.358 419.362
418.037 418.07 418.102 418.133 418.164 418.194 418.223 418.252 418.279 418.304 418.329 418.353 418.376 418.708 418.732 418.756 418.781 418.806 418.829 418.851 418.871 418.891 418.95 418.969 418.988 419.007 419.025 419.042 419.059 419.076 419.216 419.23 419.243 419.256 419.268 419.281 419.294 419.306 419.319 419.332 419.342 419.351 419.361 419.37 419.38 419.389 419.397 419.27 419.277 419.283 419.286 419.296 419.303 419.308 419.313 419.318 419.321 419.324 419.33 419.336 419.341 419.344 419.347 419.348 419.292 419.347 419.351
418.015 418.048 418.08 418.111 418.141 418.172 418.201 418.23 418.259 418.284 418.309 418.333 418.356 418.689 418.713 418.739 418.764 418.789 418.812 418.835 418.856 418.876 418.935 418.955 418.974 418.992 419.138 419.154 419.171 419.187 419.201 419.216 419.23 419.243 419.255 419.268 419.281 419.293 419.307 419.318 419.329 419.34 419.349 419.359 419.368 419.376 419.385 419.393 419.264 419.271 419.274 419.282 419.291 419.296 419.301 419.306 419.309 419.313 419.321 419.324 419.328 419.332 419.336 419.339 419.334 419.284 419.287
417.993 418.026 418.057 418.088 418.119 418.149 418.179 418.209 418.238 418.264 418.289 418.313 418.337 418.67 418.697 418.724 418.748 418.772 418.795 418.818 418.84 418.861 419.055 419.073 419.091 419.107 419.124 419.14 419.156 419.172 419.187 419.201 419.215 419.229 419.243 419.255 419.268 419.281 419.293 419.304 419.315 419.328 419.336 419.346 419.355 419.364 419.373 419.381 419.201 419.257 419.263 419.27 419.278 419.284 419.289 419.293 419.297 419.302 419.308 419.313 419.317 419.321 419.325 419.328 419.327 419.327 419.326
-9999.0 418.004 418.036 418.066 418.097 418.128 418.158 418.187 418.216 418.244 418.27 418.293 418.316 418.655 418.682 418.708 418.732 418.755 418.859 418.882 418.904 418.925 419.042 419.06 419.077 419.093 419.11 419.127 419.142 419.158 419.173 419.187 419.202 419.217 419.23 419.243 419.256 419.268 419.279 419.291 419.302 419.314 419.324 419.335 419.344 419.353 419.362 419.37 419.377 419.245 419.252 419.258 419.266 419.273 419.278 419.282 419.287 419.292 419.297 419.301 419.305 419.31 419.314 419.317 419.318 419.318 419.318
-9999.0 -9999.0 418.015 418.046 418.076 418.108 418.138 418.166 418.195 418.223 418.249 418.273 418.611 418.721 418.748 418.774 418.798 418.821 418.843 418.866 418.889 418.91 419.027 419.046 419.063 419.08 419.098 419.114 419.13 419.145 419.16 419.175 419.189 419.203 419.217 419.23 419.243 419.256 419.267 419.279 419.29 419.301 419.312 419.322 419.331 419.341 419.351 419.359 419.366 419.373 419.241 419.247 419.255 419.261 419.266 419.271 419.277 419.282 419.287 419.29 419.293 419.298 419.302 419.306 419.308 419.31 419.312
-9999.0 -9999.0 -9999.0 418.026 418.057 418.087 418.152 418.182 418.21 418.236 418.261 418.289 418.677 418.704 418.731 418.758 418.782 418.806 418.828 418.851 418.873 418.895 418.963 419.033 419.051 419.068 419.086 419.102 419.118 419.133 419.148 419.162 419.177 419.19 419.204 419.217 419.23 419.243 419.255 419.267 419.278 419.289 419.3 419.31 419.32 419.33 419.34 419.348 419.356 419.364 419.231 419.236 419.243 419.249 419.255 419.26 419.267 419.272 419.276 419.279 419.28 419.286 419.292 419.295 419.298 419.3 419.301
-9999.0 -9999.0 -9999.0 -9999.0 -9999.0 418.103 418.133 418.162 418.19 418.216 418.241 418.269 418.664 418.689 418.716 418.742 418.767 418.79 418.813 418.836 418.858 418.88 418.999 419.019 419.038 419.055 419.074 419.09 419.105 419.122 419.136 419.15 419.165 419.179 419.192 419.205 419.218 419.231 419.243 419.255 419.266 419.277 419.288 419.298 419.308 419.318 419.328 419.337 419.345 419.353 419.36 419.225 419.231 419.237 419.243 419.249 419.256 419.261 419.265 419.269 419.219 419.276 419.281 419.284 419.287 419.289 419.291
-9999.0 -9999.0 -9999.0 -9999.0 -9999.0 -9999.0 418.113 418.142 418.169 418.196 418.221 418.249 418.647 418.677 418.703 418.729 418.752 418.775 418.796 418.82 418.843 418.865 418.985 419.005 419.025 419.043 419.063 419.08 419.094 419.112 419.126 419.139 419.154 419.167 419.18 419.194 419.206 419.219 419.231 419.243 419.255 419.266 419.227 419.287 419.246 419.305 419.315 419.324 419.333 419.341 419.349 419.356 419.22 419.226 419.232 419.237 419.245 419.25 419.253 419.255 419.259 419.266 419.27 419.274 419.277 419.279 419.281
-9999.0 -9999.0 -9999.0 -9999.0 -9999.0 -9999.0 418.092 418.121 418.149 418.176 418.202 418.227 418.627 418.66 418.689 418.715 418.739 418.762 418.784 418.808 418.829 418.85 418.97 418.99 419.011 419.032 419.052 419.071 419.086 419.104 419.118 419.13 419.144 419.156 419.169 419.182 419.195 419.208 419.22 419.232 419.243 419.254 419.265 419.275 419.285 419.294 419.303 419.313 419.322 419.33 419.338 419.345 419.352 419.215 419.221 419.227 419.232 419.237 419.241 419.244 419.249 419.255 419.259 419.262 419.266 419.27 419.271
-9999.0 -9999.0 -9999.0 -9999.0 -9999.0 -9999.0 418.071 418.101 418.129 418.157 418.184 418.575 418.602 418.637 418.671 418.7 418.725 418.748 418.771 418.795 418.818 418.837 418.956 418.976 418.996 419.016 419.036 419.056 419.075 419.093 419.108 419.123 419.136 419.148 419.158 419.171 419.184 419.196 419.209 419.22 419.232 419.243 419.254 419.264 419.274 419.284 419.293 419.302 419.311 419.319 419.327 419.335 419.342 419.349 419.21 419.216 419.221 419.226 419.23 419.234 419.239 419.244 419.248 419.252 419.256 419.259 419.261
-9999.0 -9999.0 -9999.0 -9999.0 -9999.0 -9999.0 -9999.0 -9999.0 418.11 418.138 418.165 418.563 418.588 418.613 418.648 418.681 418.71 418.735 418.759 418.781 418.803 418.826 418.943 418.962 418.982 419.001 419.021 419.04 419.059 419.08 419.098 419.11 419.125 419.137 419.148 419.16 419.173 419.185 419.198 419.21 419.221 419.232 419.243 419.254 419.264 419.273 419.282 419.291 419.3 419.309 419.317 419.324 419.332 419.339 419.199 419.205 419.211 419.216 419.219 419.224 419.229 419.234 419.238 419.242 419.246 419.249 419.251
-9999.0 -9999.0 -9999.0 -9999.0 -9999.0 -9999.0 -9999.0 -9999.0 418.092 418.119 418.146 418.549 418.579 418.602 418.625 418.659 418.691 418.72 418.745 418.768 418.79 418.812 418.931 418.95 418.968 418.988 419.007 419.025 419.044 419.064 419.084 419.102 419.116 419.127 419.137 419.149 419.162 419.174 419.137 419.199 419.21 419.222 419.233 419.243 419.253 419.263 419.272 419.281 419.29 419.299 419.307 419.315 419.322 419.329 419.336 419.195 419.201 419.206 419.21 419.214 419.22 419.224 419.228 419.232 419.236 419.239 419.241
-9999.0 -9999.0 -9999.0 -9999.0 -9999.0 -9999.0 -9999.0 -9999.0 -9999.0 418.101 418.128 418.534 418.563 418.591 418.611 418.636 418.675 418.705 418.73 418.753 418.776 418.798 418.918 418.936 418.956 418.976 418.996 419.012 419.03 419.048 419.066 419.088 419.103 419.114 419.125 419.138 419.151 419.164 419.176 419.188 419.2 419.211 419.222 419.233 419.243 419.253 419.262 419.271 419.28 419.289 419.297 419.305 419.313 419.32 419.327 419.333 419.191 419.195 419.2 419.205 419.211 419.215 419.219 419.223 419.227 419.23 419.232
-9999.0 -9999.0 -9999.0 -9999.0 -9999.0 -9999.0 -9999.0 -9999.0 -9999.0 418.083 418.111 418.518 418.547 418.577 418.602 418.62 418.66 418.689 418.713 418.736 418.761 418.781 418.901 418.922 418.943 418.965 418.985 419.001 419.017 419.033 419.05 419.069 419.087 419.103 419.114 419.125 419.09 419.153 419.165 419.178 419.19 419.201 419.212 419.223 419.233 419.243 419.253 419.262 419.271 419.279 419.287 419.296 419.303 419.311 419.318 419.324 419.331 419.187 419.192 419.195 419.201 419.205 419.21 419.213 419.217 419.221 419.223
-9999.0 -9999.0 -9999.0 -9999.0 -9999.0 -9999.0 -9999.0 -9999.0 -9999.0 418.065 418.093 418.503 418.533 418.562 418.589 418.604 418.643 418.671 418.697 418.724 418.744 418.764 418.889 418.909 418.932 418.955 418.977 418.99 419.005 419.02 419.036 419.053 419.069 419.087 419.102 419.116 419.128 419.141 419.154 419.167 419.179 419.191 419.202 419.213 419.223 419.233 419.243 419.252 419.261 419.27 419.278 419.286 419.294 419.302 419.309 419.316 419.322 419.328 419.183 419.186 419.191 419.196 419.2 419.204 419.208 419.212 419.214
-9999.0 -9999.0 -9999.0 -9999.0 -9999.0 -9999.0 -9999.0 -9999.0 -9999.0 -9999.0 -9999.0 -9999.0 418.517 -9999.0 418.571 418.588 418.628 418.653 418.679 418.705 418.73 418.751 418.877 418.898 418.922 418.943 418.962 418.975 418.996 419.011 419.025 419.04 419.055 419.072 419.09 419.104 419.117 419.129 419.142 419.155 419.168 419.18 419.192 419.203 419.214 419.224 419.233 419.243 419.252 419.26 419.269 419.277 419.285 419.293 419.3 419.307 419.313 419.319 419.324 419.177 419.182 419.187 419.191 419.195 419.198 419.202 419.204
-9999.0 -9999.0 -9999.0 -9999.0 -9999.0 -9999.0 -9999.0 -9999.0 -9999.0 -9999.0 -9999.0 -9999.0 -9999.0 -9999.0 418.544 418.575 418.612 418.64 418.664 418.69 418.713 418.737 418.864 418.886 418.911 418.932 418.95 418.965 418.984 419.002 419.016 419.03 419.044 419.06 419.076 419.091 419.104 419.117 419.131 419.144 419.156 419.169 419.181 419.192 419.203 419.214 419.224 419.233 419.242 419.251 419.26 419.268 419.276 419.284 419.291 419.298 419.305 419.311 419.316 419.32 419.172 419.176 419.181 419.185 419.188 419.191 419.194
-9999.0 -9999.0 -9999.0 -9999.0 -9999.0 -9999.0 -9999.0 -9999.0 -9999.0 -9999.0 -9999.0 -9999.0 -9999.0 -9999.0 -9999.0 -9999.0 418.599 418.625 418.651 418.676 418.699 418.724 418.854 418.875 418.895 418.919 418.939 418.955 418.973 418.991 419.005 419.02 419.034 419.049 419.064 419.079 419.093 419.106 419.12 419.133 419.145 419.158 419.17 419.181 419.192 419.203 419.213 419.223 419.232 419.241 419.25 419.258 419.266 419.274 419.282 419.289 419.295 419.301 419.306 419.311 419.162 419.166 419.17 419.174 419.178 419.181 419.184
-9999.0 -9999.0 -9999.0 -9999.0 -9999.0 -9999.0 -9999.0 -9999.0 -9999.0 -9999.0 -9999.0 -9999.0 -9999.0 -9999.0 -9999.0 -9999.0 -9999.0 418.612 418.638 418.662 418.687 418.711 418.839 418.864 418.883 418.904 418.927 418.945 418.962 418.978 418.993 419.009 419.025 419.039 419.053 419.068 419.083 419.096 419.109 419.122 419.085 419.147 419.159 419.17 419.181 419.192 419.202 419.212 419.222 419.231 419.24 419.248 419.256 419.264 419.272 419.279 419.286 419.292 419.298 419.303 419.307 419.156 419.161 419.165 419.168 419.172 419.175
-9999.0 -9999.0 -9999.0 -9999.0 -9999.0 -9999.0 -9999.0 -9999.0 -9999.0 -9999.0 -9999.0 -9999.0 -9999.0 -9999.0 -9999.0 -9999.0 -9999.0 -9999.0 418.625 418.65 418.674 418.699 418.828 418.849 418.87 418.894 418.915 418.935 418.951 418.966 418.982 418.997 419.014 419.028 419.043 419.058 419.073 419.086 419.099 419.112 419.124 419.137 419.148 419.16 419.171 419.182 419.192 419.202 419.212 419.221 419.23 419.238 419.247 419.255 419.262 419.269 419.276 419.283 419.289 419.294 419.299 419.304 419.151 419.155 419.159 419.162 419.166
-9999.0 -9999.0 -9999.0 -9999.0 -9999.0 -9999.0 -9999.0 -9999.0 -9999.0 -9999.0 -9999.0 -9999.0 -9999.0 -9999.0 -9999.0 -9999.0 -9999.0 -9999.0 -9999.0 418.637 418.662 418.687 418.817 418.835 418.859 418.881 418.902 418.924 418.943 418.958 418.973 418.988 419.003 419.017 419.032 419.048 419.063 419.075 419.088 419.101 419.114 419.076 419.138 419.149 419.161 419.172 419.182 419.192 419.202 419.211 419.22 419.229 419.237 419.245 419.253 419.26 419.267 419.274 419.28 419.286 419.291 419.296 419.3 419.146 419.15 419.153 419.157
-9999.0 -9999.0 -9999.0 -9999.0 -9999.0 -9999.0 -9999.0 -9999.0 -9999.0 -9999.0 -9999.0 -9999.0 -9999.0 -9999.0 -9999.0 -9999.0 -9999.0 -9999.0 -9999.0 -9999.0 -9999.0 -9999.0 -9999.0 418.826 418.848 418.869 418.89 418.912 418.929 418.948 418.961 418.977 418.993 419.006 419.023 419.039 419.054 419.067 419.029 419.09 419.103 419.115 419.127 419.139 419.151 419.162 419.172 419.183 419.192 419.202 419.211 419.22 419.228 419.236 419.244 419.251 419.258 419.265 419.271 419.277 419.283 419.288 419.292 419.296 419.141 419.144 419.148
-9999.0 -9999.0 -9999.0 -9999.0 -9999.0 -9999.0 -9999.0 -9999.0 -9999.0 -9999.0 -9999.0 -9999.0 -9999.0 -9999.0 -9999.0 -9999.0 -9999.0 -9999.0 -9999.0 -9999.0 -9999.0 -9999.0 -9999.0 -9999.0 -9999.0 -9999.0 -9999.0 418.899 418.918 418.934 418.951 418.968 418.985 419.001 419.017 419.031 419.045 419.058 419.07 419.082 419.093 419.105 419.117 419.129 419.141 419.152 419.163 419.173 419.183 419.192 419.202 419.211 419.22 419.228 419.235 419.242 419.249 419.256 419.262 419.269 419.275 419.279 419.284 419.288 419.292 419.136 419.139
