static/jobfarm/user_models/minyf/common/HOME-GBHM/输出文件/Output/Grids/snowmelt20020224.asc
ncols 221
nrows 204
xllcorner -627000.0
yllcorner 3955000.0
cellsize 900.0
NODATA_value -9999.0
[rows 66 to 98 of 204, columns 74 to 147 of 221]
3.26 3.256 3.251 3.247 3.243 3.238 3.234 3.23 3.226 3.222 3.218 3.214 3.209 3.205 3.201 3.197 3.193 3.189 3.186 3.182 3.178 3.174 3.17 3.166 3.162 3.158 3.154 3.15 3.146 3.142 3.138 3.135 3.131 3.127 3.123 3.119 3.115 3.111 3.108 3.104 3.1 3.096 3.092 3.089 3.085 3.081 3.077 3.074 3.07 3.066 3.063 3.059 3.055 3.052 3.048 3.045 3.041 3.038 3.034 3.031 3.027 3.024 3.021 3.017 3.014 3.01 3.007 3.004 3.0 2.997 2.993 2.99 2.986 2.983
3.268 3.264 3.259 3.255 3.25 3.246 3.242 3.237 3.233 3.229 3.225 3.221 3.216 3.212 3.208 3.204 3.2 3.196 3.192 3.188 3.184 3.18 3.176 3.172 3.168 3.164 3.16 3.156 3.152 3.148 3.144 3.141 3.137 3.133 3.129 3.125 3.121 3.117 3.113 3.11 3.106 3.102 3.098 3.094 3.091 3.087 3.083 3.079 3.076 3.072 3.068 3.065 3.061 3.057 3.054 3.05 3.047 3.043 3.04 3.036 3.033 3.029 3.026 3.023 3.019 3.016 3.012 3.009 3.005 3.002 2.998 2.995 2.991 2.988
3.276 3.272 3.267 3.262 3.258 3.254 3.249 3.245 3.24 3.236 3.232 3.228 3.223 3.219 3.215 3.211 3.207 3.203 3.199 3.195 3.191 3.187 3.182 3.178 3.174 3.17 3.166 3.162 3.159 3.155 3.151 3.147 3.143 3.139 3.135 3.131 3.127 3.123 3.119 3.115 3.112 3.108 3.104 3.1 3.096 3.093 3.089 3.085 3.081 3.078 3.074 3.07 3.067 3.063 3.06 3.056 3.052 3.049 3.045 3.042 3.038 3.035 3.032 3.028 3.025 3.021 3.018 3.014 3.011 3.007 3.004 3.0 2.997 2.993
3.282 3.277 3.273 3.268 3.264 3.259 3.254 3.25 3.246 3.241 3.237 3.233 3.228 3.224 3.22 3.216 3.211 3.207 3.203 3.199 3.195 3.191 3.187 3.183 3.179 3.175 3.171 3.167 3.163 3.159 3.155 3.151 3.147 3.143 3.139 3.135 3.131 3.127 3.123 3.119 3.115 3.112 3.108 3.104 3.1 3.096 3.093 3.089 3.085 3.081 3.078 3.074 3.07 3.067 3.063 3.06 3.056 3.053 3.049 3.045 3.042 3.038 3.035 3.032 3.028 3.025 3.021 3.018 3.014 3.011 3.007 3.003 3.0 2.996
3.29 3.286 3.281 3.276 3.271 3.267 3.262 3.258 3.253 3.249 3.244 3.24 3.235 3.231 3.227 3.223 3.218 3.214 3.21 3.206 3.202 3.197 3.193 3.189 3.185 3.181 3.177 3.173 3.169 3.165 3.161 3.157 3.153 3.149 3.145 3.141 3.137 3.133 3.129 3.125 3.121 3.118 3.114 3.11 3.106 3.102 3.099 3.095 3.091 3.087 3.084 3.08 3.076 3.073 3.069 3.066 3.062 3.059 3.055 3.051 3.048 3.044 3.041 3.037 3.034 3.03 3.027 3.023 3.02 3.016 3.013 3.009 3.006 3.002
3.299 3.294 3.289 3.284 3.279 3.275 3.27 3.265 3.261 3.256 3.252 3.247 3.243 3.238 3.234 3.23 3.225 3.221 3.217 3.213 3.208 3.204 3.2 3.196 3.192 3.188 3.183 3.179 3.175 3.171 3.167 3.163 3.159 3.155 3.151 3.147 3.143 3.139 3.136 3.132 3.128 3.124 3.12 3.116 3.112 3.109 3.105 3.101 3.097 3.094 3.09 3.086 3.083 3.079 3.075 3.072 3.068 3.065 3.061 3.058 3.054 3.051 3.047 3.044 3.04 3.037 3.033 3.03 3.026 3.022 3.019 3.015 3.012 3.008
3.305 3.3 3.295 3.29 3.285 3.28 3.275 3.271 3.266 3.261 3.257 3.252 3.248 3.243 3.239 3.235 3.23 3.226 3.222 3.217 3.213 3.209 3.205 3.2 3.196 3.192 3.188 3.184 3.18 3.176 3.172 3.168 3.164 3.16 3.156 3.152 3.148 3.144 3.14 3.136 3.132 3.128 3.124 3.12 3.117 3.113 3.109 3.105 3.102 3.098 3.094 3.091 3.087 3.083 3.08 3.076 3.073 3.069 3.065 3.062 3.058 3.055 3.051 3.048 3.044 3.041 3.037 3.034 3.03 3.027 3.023 3.019 3.016 3.012
3.313 3.308 3.303 3.298 3.293 3.288 3.283 3.278 3.274 3.269 3.264 3.26 3.255 3.251 3.246 3.242 3.237 3.233 3.229 3.224 3.22 3.216 3.211 3.207 3.203 3.199 3.195 3.19 3.186 3.182 3.178 3.174 3.17 3.166 3.162 3.158 3.154 3.15 3.146 3.142 3.138 3.135 3.131 3.127 3.123 3.119 3.116 3.112 3.108 3.104 3.101 3.097 3.093 3.09 3.086 3.083 3.079 3.076 3.072 3.068 3.065 3.061 3.058 3.054 3.051 3.047 3.044 3.04 3.037 3.033 3.03 3.026 3.022 3.019
3.322 3.316 3.311 3.306 3.301 3.296 3.291 3.286 3.281 3.277 3.272 3.267 3.263 3.258 3.253 3.249 3.244 3.24 3.236 3.231 3.227 3.223 3.218 3.214 3.21 3.206 3.201 3.197 3.193 3.189 3.185 3.181 3.177 3.173 3.169 3.165 3.161 3.157 3.153 3.149 3.145 3.141 3.137 3.134 3.13 3.126 3.122 3.118 3.115 3.111 3.107 3.104 3.1 3.097 3.093 3.089 3.086 3.082 3.079 3.075 3.072 3.068 3.065 3.061 3.058 3.054 3.051 3.047 3.044 3.04 3.037 3.033 3.029 3.026
3.33 3.325 3.319 3.314 3.309 3.304 3.299 3.294 3.289 3.284 3.279 3.275 3.27 3.265 3.261 3.256 3.252 3.247 3.243 3.238 3.234 3.23 3.225 3.221 3.217 3.212 3.208 3.204 3.2 3.196 3.192 3.188 3.183 3.179 3.175 3.171 3.167 3.163 3.16 3.156 3.152 3.148 3.144 3.14 3.136 3.133 3.129 3.125 3.122 3.118 3.114 3.111 3.107 3.103 3.1 3.096 3.093 3.089 3.086 3.082 3.079 3.075 3.072 3.068 3.065 3.061 3.058 3.054 3.051 3.047 3.044 3.04 3.036 3.033
3.336 3.331 3.326 3.32 3.315 3.31 3.305 3.3 3.295 3.29 3.285 3.28 3.275 3.271 3.266 3.261 3.257 3.252 3.248 3.243 3.239 3.235 3.23 3.226 3.222 3.217 3.213 3.209 3.205 3.201 3.196 3.192 3.188 3.184 3.18 3.176 3.172 3.168 3.164 3.16 3.157 3.153 3.149 3.145 3.141 3.138 3.134 3.13 3.126 3.123 3.119 3.115 3.112 3.108 3.105 3.101 3.098 3.094 3.091 3.087 3.084 3.08 3.077 3.073 3.07 3.066 3.063 3.06 3.056 3.053 3.049 3.045 3.042 3.038
3.345 3.339 3.334 3.329 3.323 3.318 3.313 3.308 3.303 3.298 3.293 3.288 3.283 3.278 3.274 3.269 3.264 3.26 3.255 3.251 3.246 3.242 3.237 3.233 3.229 3.224 3.22 3.216 3.212 3.207 3.203 3.199 3.195 3.191 3.187 3.183 3.179 3.175 3.171 3.167 3.163 3.16 3.156 3.152 3.148 3.145 3.141 3.137 3.133 3.13 3.126 3.123 3.119 3.115 3.112 3.108 3.105 3.101 3.098 3.095 3.091 3.088 3.084 3.081 3.077 3.074 3.071 3.067 3.064 3.06 3.057 3.053 3.05 3.046
3.353 3.348 3.342 3.337 3.331 3.326 3.321 3.316 3.311 3.305 3.3 3.296 3.291 3.286 3.281 3.276 3.272 3.267 3.262 3.258 3.253 3.249 3.245 3.24 3.236 3.231 3.227 3.223 3.219 3.215 3.21 3.206 3.202 3.198 3.194 3.19 3.186 3.182 3.178 3.174 3.171 3.167 3.163 3.159 3.155 3.152 3.148 3.144 3.141 3.137 3.133 3.13 3.126 3.123 3.119 3.116 3.112 3.109 3.105 3.102 3.099 3.095 3.092 3.088 3.085 3.082 3.078 3.075 3.071 3.068 3.065 3.061 3.058 3.054
3.36 3.354 3.349 3.343 3.338 3.332 3.327 3.322 3.316 3.311 3.306 3.301 3.296 3.291 3.287 3.282 3.277 3.272 3.268 3.263 3.259 3.254 3.25 3.245 3.241 3.237 3.232 3.228 3.224 3.22 3.216 3.211 3.207 3.203 3.199 3.195 3.191 3.187 3.183 3.18 3.176 3.172 3.168 3.164 3.161 3.157 3.153 3.15 3.146 3.142 3.139 3.135 3.132 3.128 3.125 3.121 3.118 3.114 3.111 3.108 3.104 3.101 3.098 3.094 3.091 3.088 3.084 3.081 3.078 3.074 3.071 3.067 3.064 3.06
3.369 3.363 3.357 3.351 3.346 3.34 3.335 3.33 3.324 3.319 3.314 3.309 3.304 3.299 3.294 3.289 3.285 3.28 3.275 3.271 3.266 3.262 3.257 3.253 3.248 3.244 3.24 3.235 3.231 3.227 3.223 3.219 3.214 3.21 3.206 3.202 3.198 3.195 3.191 3.187 3.183 3.179 3.175 3.172 3.168 3.164 3.161 3.157 3.153 3.15 3.146 3.143 3.139 3.136 3.132 3.129 3.126 3.122 3.119 3.116 3.112 3.109 3.106 3.102 3.099 3.096 3.092 3.089 3.086 3.083 3.079 3.076 3.072 3.069
3.377 3.371 3.365 3.36 3.354 3.349 3.343 3.338 3.332 3.327 3.322 3.317 3.312 3.307 3.302 3.297 3.292 3.287 3.283 3.278 3.274 3.269 3.264 3.26 3.256 3.251 3.247 3.243 3.238 3.234 3.23 3.226 3.222 3.218 3.214 3.21 3.206 3.202 3.198 3.194 3.19 3.187 3.183 3.179 3.175 3.172 3.168 3.165 3.161 3.157 3.154 3.151 3.147 3.144 3.14 3.137 3.134 3.13 3.127 3.124 3.12 3.117 3.114 3.111 3.107 3.104 3.101 3.098 3.094 3.091 3.088 3.085 3.081 3.078
3.386 3.38 3.374 3.368 3.362 3.357 3.351 3.346 3.34 3.335 3.33 3.325 3.32 3.315 3.31 3.305 3.3 3.295 3.29 3.286 3.281 3.276 3.272 3.267 3.263 3.259 3.254 3.25 3.246 3.242 3.237 3.233 3.229 3.225 3.221 3.217 3.213 3.209 3.205 3.202 3.198 3.194 3.19 3.187 3.183 3.179 3.176 3.172 3.169 3.165 3.162 3.158 3.155 3.152 3.148 3.145 3.142 3.138 3.135 3.132 3.129 3.125 3.122 3.119 3.116 3.113 3.11 3.106 3.103 3.1 3.097 3.094 3.09 3.087
3.392 3.386 3.38 3.375 3.369 3.363 3.358 3.352 3.347 3.341 3.336 3.331 3.326 3.32 3.315 3.311 3.306 3.301 3.296 3.291 3.287 3.282 3.278 3.273 3.269 3.264 3.26 3.256 3.251 3.247 3.243 3.239 3.235 3.231 3.227 3.223 3.219 3.215 3.211 3.207 3.203 3.2 3.196 3.192 3.189 3.185 3.182 3.178 3.175 3.171 3.168 3.164 3.161 3.158 3.154 3.151 3.148 3.145 3.141 3.138 3.135 3.132 3.129 3.126 3.123 3.12 3.116 3.113 3.11 3.107 3.104 3.101 3.098 3.095
3.401 3.395 3.389 3.383 3.377 3.371 3.366 3.36 3.355 3.349 3.344 3.339 3.333 3.328 3.323 3.318 3.313 3.308 3.304 3.299 3.294 3.29 3.285 3.281 3.276 3.272 3.267 3.263 3.259 3.255 3.25 3.246 3.242 3.238 3.234 3.23 3.226 3.222 3.219 3.215 3.211 3.207 3.204 3.2 3.197 3.193 3.19 3.186 3.183 3.179 3.176 3.173 3.169 3.166 3.163 3.159 3.156 3.153 3.15 3.147 3.144 3.141 3.138 3.135 3.132 3.129 3.126 3.123 3.119 3.116 3.113 3.11 3.107 3.104
3.41 3.404 3.397 3.391 3.386 3.38 3.374 3.368 3.363 3.357 3.352 3.347 3.341 3.336 3.331 3.326 3.321 3.316 3.311 3.307 3.302 3.297 3.293 3.288 3.284 3.279 3.275 3.271 3.266 3.262 3.258 3.254 3.25 3.246 3.242 3.238 3.234 3.23 3.226 3.223 3.219 3.215 3.212 3.208 3.204 3.201 3.198 3.194 3.191 3.187 3.184 3.181 3.178 3.174 3.171 3.168 3.165 3.162 3.159 3.156 3.153 3.15 3.147 3.144 3.141 3.138 3.135 3.132 3.129 3.126 3.123 3.12 3.117 3.114
3.417 3.41 3.404 3.398 3.392 3.386 3.38 3.375 3.369 3.364 3.358 3.353 3.347 3.342 3.337 3.332 3.327 3.322 3.317 3.313 3.308 3.303 3.299 3.294 3.29 3.285 3.281 3.276 3.272 3.268 3.264 3.26 3.256 3.252 3.248 3.244 3.24 3.236 3.232 3.229 3.225 3.221 3.218 3.214 3.211 3.207 3.204 3.2 3.197 3.194 3.191 3.187 3.184 3.181 3.178 3.175 3.172 3.169 3.166 3.163 3.16 3.157 3.154 3.151 3.148 3.145 3.142 3.14 3.137 3.134 3.131 3.128 3.125 3.123
3.425 3.419 3.413 3.407 3.401 3.395 3.389 3.383 3.377 3.372 3.366 3.361 3.355 3.35 3.345 3.34 3.335 3.33 3.325 3.32 3.316 3.311 3.306 3.302 3.297 3.293 3.288 3.284 3.28 3.276 3.271 3.267 3.263 3.259 3.255 3.252 3.248 3.244 3.24 3.237 3.233 3.229 3.226 3.222 3.219 3.215 3.212 3.209 3.205 3.202 3.199 3.196 3.193 3.19 3.187 3.184 3.181 3.178 3.175 3.172 3.169 3.166 3.163 3.16 3.158 3.155 3.152 3.149 3.147 3.144 3.141 3.139 3.136 3.133
3.434 3.428 3.421 3.415 3.409 3.403 3.397 3.391 3.386 3.38 3.374 3.369 3.364 3.358 3.353 3.348 3.343 3.338 3.333 3.328 3.323 3.319 3.314 3.309 3.305 3.301 3.296 3.292 3.288 3.283 3.279 3.275 3.271 3.267 3.263 3.259 3.256 3.252 3.248 3.245 3.241 3.237 3.234 3.23 3.227 3.224 3.22 3.217 3.214 3.211 3.208 3.204 3.201 3.198 3.195 3.192 3.19 3.187 3.184 3.181 3.178 3.175 3.173 3.17 3.167 3.165 3.162 3.159 3.157 3.154 3.152 3.149 3.146 3.144
3.443 3.436 3.43 3.424 3.417 3.411 3.405 3.4 3.394 3.388 3.382 3.377 3.372 3.366 3.361 3.356 3.351 3.346 3.341 3.336 3.331 3.326 3.322 3.317 3.313 3.308 3.304 3.3 3.295 3.291 3.287 3.283 3.279 3.275 3.271 3.267 3.264 3.26 3.256 3.253 3.249 3.246 3.242 3.239 3.235 3.232 3.229 3.226 3.222 3.219 3.216 3.213 3.21 3.207 3.204 3.201 3.199 3.196 3.193 3.19 3.188 3.185 3.182 3.18 3.177 3.175 3.172 3.17 3.167 3.165 3.162 3.16 3.157 3.155
3.451 3.445 3.438 3.432 3.426 3.42 3.414 3.408 3.402 3.396 3.391 3.385 3.38 3.374 3.369 3.364 3.359 3.354 3.349 3.344 3.339 3.334 3.33 3.325 3.321 3.316 3.312 3.308 3.303 3.299 3.295 3.291 3.287 3.283 3.279 3.275 3.272 3.268 3.264 3.261 3.257 3.254 3.25 3.247 3.244 3.24 3.237 3.234 3.231 3.228 3.225 3.222 3.219 3.216 3.213 3.211 3.208 3.205 3.202 3.2 3.197 3.195 3.192 3.19 3.187 3.185 3.182 3.18 3.178 3.175 3.173 3.171 3.168 3.166
3.459 3.452 3.445 3.439 3.433 3.426 3.42 3.414 3.409 3.403 3.397 3.392 3.386 3.381 3.375 3.37 3.365 3.36 3.355 3.35 3.345 3.341 3.336 3.331 3.327 3.322 3.318 3.314 3.31 3.305 3.301 3.297 3.293 3.289 3.286 3.282 3.278 3.274 3.271 3.267 3.264 3.26 3.257 3.254 3.251 3.247 3.244 3.241 3.238 3.235 3.232 3.229 3.226 3.224 3.221 3.218 3.216 3.213 3.21 3.208 3.205 3.203 3.2 3.198 3.196 3.193 3.191 3.189 3.187 3.184 3.182 3.18 3.178 3.176
3.467 3.461 3.454 3.447 3.441 3.435 3.429 3.423 3.417 3.411 3.405 3.4 3.394 3.389 3.383 3.378 3.373 3.368 3.363 3.358 3.353 3.348 3.344 3.339 3.335 3.33 3.326 3.322 3.317 3.313 3.309 3.305 3.301 3.297 3.294 3.29 3.286 3.283 3.279 3.276 3.272 3.269 3.266 3.262 3.259 3.256 3.253 3.25 3.247 3.244 3.241 3.238 3.236 3.233 3.23 3.228 3.225 3.223 3.22 3.218 3.215 3.213 3.211 3.208 3.206 3.204 3.202 3.2 3.198 3.195 3.193 3.191 3.189 3.187
3.476 3.469 3.463 3.456 3.45 3.443 3.437 3.431 3.425 3.419 3.413 3.408 3.402 3.397 3.391 3.386 3.381 3.376 3.371 3.366 3.361 3.356 3.352 3.347 3.343 3.338 3.334 3.33 3.326 3.321 3.317 3.313 3.309 3.306 3.302 3.298 3.295 3.291 3.287 3.284 3.281 3.277 3.274 3.271 3.268 3.265 3.262 3.259 3.256 3.253 3.25 3.248 3.245 3.242 3.24 3.237 3.235 3.232 3.23 3.228 3.225 3.223 3.221 3.219 3.217 3.215 3.213 3.211 3.209 3.207 3.205 3.203 3.201 3.199
3.485 3.478 3.471 3.465 3.458 3.452 3.446 3.439 3.433 3.428 3.422 3.416 3.41 3.405 3.4 3.394 3.389 3.384 3.379 3.374 3.369 3.365 3.36 3.355 3.351 3.346 3.342 3.338 3.334 3.329 3.325 3.322 3.318 3.314 3.31 3.306 3.303 3.299 3.296 3.292 3.289 3.286 3.283 3.28 3.277 3.274 3.271 3.268 3.265 3.262 3.259 3.257 3.254 3.252 3.249 3.247 3.244 3.242 3.24 3.238 3.236 3.233 3.231 3.229 3.227 3.225 3.224 3.222 3.22 3.218 3.216 3.215 3.213 3.211
3.492 3.485 3.478 3.471 3.465 3.459 3.452 3.446 3.44 3.434 3.428 3.423 3.417 3.412 3.406 3.401 3.396 3.39 3.385 3.381 3.376 3.371 3.366 3.362 3.357 3.353 3.349 3.344 3.34 3.336 3.332 3.328 3.324 3.321 3.317 3.313 3.31 3.306 3.303 3.299 3.296 3.293 3.29 3.287 3.284 3.281 3.278 3.275 3.272 3.27 3.267 3.265 3.262 3.26 3.257 3.255 3.253 3.251 3.248 3.246 3.244 3.242 3.24 3.238 3.237 3.235 3.233 3.231 3.23 3.228 3.227 3.225 3.224 3.222
3.5 3.494 3.487 3.48 3.473 3.467 3.461 3.455 3.448 3.442 3.437 3.431 3.425 3.42 3.414 3.409 3.404 3.399 3.394 3.389 3.384 3.379 3.374 3.37 3.365 3.361 3.357 3.352 3.348 3.344 3.34 3.336 3.333 3.329 3.325 3.322 3.318 3.315 3.311 3.308 3.305 3.302 3.299 3.296 3.293 3.29 3.287 3.284 3.282 3.279 3.277 3.274 3.272 3.269 3.267 3.265 3.263 3.261 3.259 3.257 3.255 3.253 3.251 3.249 3.248 3.246 3.244 3.243 3.241 3.24 3.239 3.237 3.236 3.235
3.509 3.502 3.495 3.489 3.482 3.475 3.469 3.463 3.457 3.451 3.445 3.439 3.433 3.428 3.422 3.417 3.412 3.407 3.402 3.397 3.392 3.387 3.383 3.378 3.374 3.369 3.365 3.361 3.357 3.352 3.349 3.345 3.341 3.337 3.334 3.33 3.327 3.323 3.32 3.317 3.314 3.31 3.307 3.305 3.302 3.299 3.296 3.294 3.291 3.288 3.286 3.284 3.281 3.279 3.277 3.275 3.273 3.271 3.269 3.267 3.265 3.264 3.262 3.26 3.259 3.257 3.256 3.255 3.253 3.252 3.251 3.249 3.248 3.247
3.518 3.511 3.504 3.497 3.49 3.484 3.478 3.471 3.465 3.459 3.453 3.447 3.442 3.436 3.431 3.425 3.42 3.415 3.41 3.405 3.4 3.395 3.391 3.386 3.382 3.377 3.373 3.369 3.365 3.361 3.357 3.353 3.349 3.346 3.342 3.339 3.335 3.332 3.329 3.325 3.322 3.319 3.316 3.313 3.311 3.308 3.305 3.303 3.3 3.298 3.296 3.293 3.291 3.289 3.287 3.285 3.283 3.281 3.279 3.278 3.276 3.274 3.273 3.271 3.27 3.269 3.267 3.266 3.265 3.264 3.263 3.262 3.261 3.26
