static/jobfarm/user_models/minyf/common/HOME-GBHM/输出文件/Output/Grids/snowmelt20020225.asc
ncols 221
nrows 204
xllcorner -627000.0
yllcorner 3955000.0
cellsize 900.0
NODATA_value -9999.0
[rows 99 to 131 of 204, columns 74 to 147 of 221]
1.158 1.15 1.142 1.134 1.127 1.119 1.112 1.104 1.097 1.09 1.083 1.076 1.069 1.062 1.055 1.048 1.041 1.035 1.028 1.022 1.016 1.009 1.003 0.997 0.991 0.986 0.98 0.976 0.971 0.967 0.963 0.96 0.956 0.952 0.948 0.945 0.941 0.938 0.935 0.932 0.928 0.925 0.923 0.92 0.917 0.915 0.912 0.91 0.908 0.906 0.904 0.902 0.9 0.898 0.897 0.896 0.894 0.893 0.892 0.892 0.891 0.89 0.89 0.89 0.89 0.89 0.89 0.89 0.891 0.891 0.892 0.893 0.894 0.895
1.166 1.158 1.15 1.142 1.134 1.127 1.119 1.112 1.105 1.098 1.09 1.083 1.076 1.07 1.063 1.056 1.049 1.043 1.037 1.03 1.024 1.018 1.012 1.006 1.0 0.994 0.989 0.983 0.978 0.974 0.97 0.966 0.962 0.959 0.955 0.952 0.948 0.945 0.942 0.939 0.936 0.933 0.93 0.927 0.925 0.922 0.92 0.918 0.916 0.914 0.912 0.91 0.908 0.907 0.905 0.904 0.903 0.902 0.901 0.9 0.9 0.899 0.899 0.899 0.899 0.899 0.899 0.9 0.9 0.901 0.902 0.903 0.904 0.905
1.171 1.163 1.155 1.147 1.14 1.132 1.125 1.117 1.11 1.103 1.096 1.089 1.082 1.075 1.068 1.062 1.055 1.049 1.042 1.036 1.03 1.024 1.018 1.012 1.006 1.001 0.995 0.99 0.984 0.979 0.975 0.971 0.968 0.964 0.961 0.957 0.954 0.951 0.948 0.945 0.942 0.939 0.936 0.934 0.931 0.929 0.927 0.924 0.922 0.92 0.919 0.917 0.915 0.914 0.913 0.912 0.911 0.91 0.909 0.908 0.908 0.907 0.907 0.907 0.907 0.907 0.908 0.908 0.909 0.909 0.91 0.911 0.913 0.914
1.179 1.171 1.163 1.155 1.148 1.14 1.133 1.125 1.118 1.111 1.104 1.097 1.09 1.083 1.077 1.07 1.064 1.057 1.051 1.045 1.039 1.033 1.027 1.021 1.015 1.01 1.004 0.999 0.994 0.988 0.983 0.979 0.975 0.971 0.968 0.965 0.961 0.958 0.955 0.952 0.95 0.947 0.944 0.942 0.939 0.937 0.935 0.933 0.931 0.929 0.927 0.926 0.924 0.923 0.922 0.921 0.92 0.919 0.918 0.917 0.917 0.917 0.917 0.917 0.917 0.917 0.917 0.918 0.919 0.919 0.92 0.921 0.923 0.924
1.184 1.176 1.168 1.16 1.153 1.145 1.138 1.131 1.123 1.116 1.109 1.102 1.096 1.089 1.082 1.076 1.069 1.063 1.057 1.051 1.044 1.039 1.033 1.027 1.021 1.016 1.011 1.005 1.0 0.995 0.99 0.985 0.981 0.976 0.973 0.969 0.966 0.963 0.96 0.957 0.955 0.952 0.949 0.947 0.945 0.943 0.94 0.938 0.937 0.935 0.933 0.932 0.93 0.929 0.928 0.927 0.926 0.925 0.925 0.924 0.924 0.924 0.924 0.924 0.924 0.924 0.925 0.925 0.926 0.927 0.928 0.929 0.93 0.932
1.189 1.181 1.173 1.166 1.158 1.151 1.143 1.136 1.129 1.122 1.115 1.108 1.101 1.094 1.088 1.081 1.075 1.069 1.062 1.056 1.05 1.045 1.039 1.033 1.028 1.022 1.017 1.012 1.007 1.002 0.997 0.992 0.987 0.983 0.979 0.974 0.971 0.968 0.965 0.963 0.96 0.957 0.955 0.953 0.95 0.948 0.946 0.944 0.943 0.941 0.939 0.938 0.937 0.935 0.934 0.933 0.933 0.932 0.931 0.931 0.931 0.931 0.931 0.931 0.931 0.931 0.932 0.933 0.933 0.934 0.935 0.937 0.938 0.94
1.196 1.189 1.181 1.173 1.166 1.158 1.151 1.144 1.136 1.129 1.122 1.116 1.109 1.102 1.096 1.089 1.083 1.077 1.071 1.065 1.059 1.053 1.047 1.042 1.036 1.031 1.026 1.02 1.015 1.011 1.006 1.001 0.997 0.992 0.988 0.984 0.98 0.976 0.973 0.971 0.968 0.965 0.963 0.961 0.959 0.956 0.955 0.953 0.951 0.949 0.948 0.947 0.945 0.944 0.943 0.942 0.942 0.941 0.941 0.94 0.94 0.94 0.94 0.94 0.941 0.941 0.942 0.943 0.943 0.944 0.946 0.947 0.948 0.95
1.204 1.196 1.189 1.181 1.173 1.166 1.159 1.152 1.144 1.137 1.13 1.124 1.117 1.11 1.104 1.098 1.091 1.085 1.079 1.073 1.067 1.061 1.056 1.05 1.045 1.04 1.034 1.029 1.025 1.02 1.015 1.01 1.006 1.002 0.998 0.994 0.99 0.986 0.982 0.979 0.976 0.974 0.972 0.969 0.967 0.965 0.963 0.962 0.96 0.958 0.957 0.956 0.955 0.954 0.953 0.952 0.951 0.951 0.95 0.95 0.95 0.95 0.95 0.95 0.951 0.951 0.952 0.953 0.954 0.955 0.956 0.957 0.959 0.961
1.209 1.202 1.194 1.186 1.179 1.171 1.164 1.157 1.15 1.143 1.136 1.129 1.122 1.116 1.109 1.103 1.097 1.091 1.085 1.079 1.073 1.067 1.062 1.056 1.051 1.046 1.041 1.036 1.031 1.026 1.022 1.017 1.013 1.009 1.005 1.001 0.997 0.993 0.99 0.986 0.983 0.98 0.977 0.975 0.973 0.971 0.969 0.967 0.966 0.964 0.963 0.962 0.961 0.96 0.959 0.958 0.958 0.957 0.957 0.957 0.957 0.957 0.957 0.957 0.958 0.958 0.959 0.96 0.961 0.962 0.963 0.965 0.966 0.968
1.215 1.207 1.199 1.191 1.184 1.177 1.169 1.162 1.155 1.148 1.141 1.135 1.128 1.121 1.115 1.109 1.103 1.096 1.091 1.085 1.079 1.073 1.068 1.062 1.057 1.052 1.047 1.042 1.037 1.033 1.028 1.024 1.02 1.015 1.011 1.008 1.004 1.0 0.997 0.993 0.99 0.987 0.984 0.982 0.979 0.977 0.974 0.973 0.971 0.97 0.969 0.968 0.967 0.966 0.965 0.964 0.964 0.964 0.963 0.963 0.963 0.963 0.964 0.964 0.965 0.965 0.966 0.967 0.968 0.969 0.971 0.973 0.975 0.977
1.22 1.212 1.204 1.197 1.189 1.182 1.175 1.167 1.16 1.154 1.147 1.14 1.133 1.127 1.121 1.114 1.108 1.102 1.096 1.09 1.085 1.079 1.074 1.069 1.063 1.058 1.053 1.048 1.044 1.039 1.035 1.03 1.026 1.022 1.018 1.015 1.011 1.007 1.004 1.001 0.998 0.995 0.992 0.989 0.987 0.985 0.982 0.98 0.979 0.977 0.975 0.974 0.973 0.972 0.971 0.97 0.97 0.969 0.969 0.969 0.969 0.97 0.97 0.971 0.972 0.973 0.974 0.975 0.977 0.979 0.981 0.983 0.985 0.988
1.227 1.219 1.212 1.204 1.197 1.189 1.182 1.175 1.168 1.161 1.154 1.148 1.141 1.135 1.128 1.122 1.116 1.11 1.104 1.099 1.093 1.087 1.082 1.077 1.072 1.067 1.062 1.057 1.052 1.048 1.043 1.039 1.035 1.031 1.027 1.024 1.02 1.017 1.013 1.01 1.007 1.004 1.002 0.999 0.997 0.995 0.993 0.991 0.989 0.987 0.986 0.985 0.983 0.982 0.982 0.981 0.981 0.98 0.98 0.98 0.981 0.981 0.982 0.982 0.983 0.985 0.986 0.987 0.989 0.991 0.993 0.995 0.998 1.0
1.235 1.227 1.219 1.212 1.204 1.197 1.19 1.183 1.176 1.169 1.162 1.156 1.149 1.143 1.136 1.13 1.124 1.118 1.113 1.107 1.101 1.096 1.091 1.085 1.08 1.075 1.071 1.066 1.061 1.057 1.053 1.048 1.044 1.04 1.037 1.033 1.03 1.026 1.023 1.02 1.017 1.014 1.012 1.009 1.007 1.005 1.003 1.001 0.999 0.998 0.997 0.995 0.994 0.993 0.993 0.992 0.992 0.992 0.992 0.992 0.992 0.993 0.994 0.994 0.995 0.997 0.998 1.0 1.001 1.003 1.005 1.008 1.01 1.013
1.24 1.232 1.225 1.217 1.21 1.202 1.195 1.188 1.181 1.174 1.168 1.161 1.155 1.148 1.142 1.136 1.13 1.124 1.118 1.113 1.107 1.102 1.096 1.091 1.086 1.081 1.077 1.072 1.068 1.063 1.059 1.055 1.051 1.047 1.043 1.04 1.036 1.033 1.03 1.027 1.024 1.022 1.019 1.017 1.015 1.013 1.011 1.009 1.007 1.006 1.005 1.004 1.003 1.002 1.001 1.001 1.001 1.0 1.001 1.001 1.001 1.002 1.003 1.004 1.005 1.006 1.008 1.009 1.011 1.013 1.015 1.018 1.02 1.023
1.245 1.237 1.23 1.222 1.215 1.208 1.201 1.193 1.187 1.18 1.173 1.167 1.16 1.154 1.148 1.141 1.136 1.13 1.124 1.118 1.113 1.108 1.102 1.097 1.092 1.088 1.083 1.078 1.074 1.07 1.065 1.061 1.058 1.054 1.05 1.047 1.043 1.04 1.037 1.034 1.032 1.029 1.027 1.024 1.022 1.02 1.018 1.017 1.015 1.014 1.013 1.012 1.011 1.01 1.01 1.009 1.009 1.009 1.009 1.01 1.01 1.011 1.012 1.013 1.014 1.015 1.017 1.019 1.021 1.023 1.025 1.027 1.03 1.033
1.25 1.243 1.235 1.228 1.22 1.213 1.206 1.199 1.192 1.185 1.178 1.172 1.166 1.159 1.153 1.147 1.141 1.135 1.13 1.124 1.119 1.114 1.108 1.103 1.098 1.094 1.089 1.085 1.08 1.076 1.072 1.068 1.064 1.06 1.057 1.054 1.05 1.047 1.044 1.041 1.039 1.036 1.034 1.032 1.03 1.028 1.026 1.024 1.023 1.022 1.021 1.02 1.019 1.018 1.018 1.018 1.018 1.018 1.018 1.018 1.019 1.02 1.021 1.022 1.023 1.025 1.026 1.028 1.03 1.032 1.035 1.037 1.04 1.043
1.258 1.25 1.243 1.235 1.228 1.221 1.214 1.207 1.2 1.193 1.186 1.18 1.174 1.167 1.161 1.155 1.149 1.144 1.138 1.132 1.127 1.122 1.117 1.112 1.107 1.102 1.098 1.093 1.089 1.085 1.081 1.077 1.073 1.07 1.066 1.063 1.06 1.057 1.054 1.051 1.048 1.046 1.044 1.042 1.04 1.038 1.036 1.035 1.033 1.032 1.031 1.03 1.03 1.029 1.029 1.029 1.029 1.029 1.029 1.03 1.03 1.031 1.032 1.033 1.035 1.036 1.038 1.04 1.042 1.044 1.047 1.049 1.052 1.055
1.265 1.256 1.248 1.241 1.233 1.226 1.219 1.212 1.205 1.198 1.192 1.185 1.179 1.173 1.167 1.161 1.155 1.149 1.144 1.138 1.133 1.128 1.123 1.118 1.113 1.108 1.104 1.099 1.095 1.091 1.087 1.083 1.08 1.076 1.073 1.069 1.066 1.063 1.061 1.058 1.055 1.053 1.051 1.049 1.047 1.045 1.044 1.042 1.041 1.04 1.039 1.038 1.038 1.037 1.037 1.037 1.037 1.037 1.038 1.038 1.039 1.04 1.041 1.042 1.044 1.045 1.047 1.049 1.051 1.054 1.056 1.059 1.062 1.065
1.273 1.263 1.255 1.248 1.24 1.233 1.226 1.219 1.212 1.206 1.199 1.193 1.186 1.18 1.174 1.168 1.163 1.157 1.151 1.146 1.141 1.136 1.131 1.126 1.121 1.116 1.112 1.108 1.103 1.099 1.096 1.092 1.088 1.085 1.081 1.078 1.075 1.072 1.07 1.067 1.065 1.062 1.06 1.058 1.056 1.055 1.053 1.052 1.051 1.05 1.049 1.048 1.048 1.047 1.047 1.047 1.047 1.048 1.048 1.049 1.05 1.051 1.052 1.053 1.055 1.056 1.058 1.06 1.063 1.065 1.068 1.07 1.073 1.076
1.28 1.27 1.26 1.253 1.246 1.239 1.231 1.225 1.218 1.211 1.205 1.198 1.192 1.186 1.18 1.174 1.168 1.163 1.157 1.152 1.147 1.141 1.137 1.132 1.127 1.123 1.118 1.114 1.11 1.106 1.102 1.098 1.095 1.091 1.088 1.085 1.082 1.079 1.076 1.074 1.072 1.069 1.067 1.065 1.064 1.062 1.061 1.059 1.058 1.057 1.057 1.056 1.056 1.055 1.055 1.055 1.055 1.056 1.056 1.057 1.058 1.059 1.06 1.062 1.064 1.065 1.067 1.069 1.072 1.074 1.077 1.08 1.083 1.086
1.289 1.279 1.27 1.261 1.253 1.246 1.239 1.232 1.225 1.219 1.212 1.206 1.2 1.194 1.188 1.182 1.176 1.171 1.165 1.16 1.155 1.15 1.145 1.14 1.135 1.131 1.127 1.122 1.118 1.114 1.111 1.107 1.103 1.1 1.097 1.094 1.091 1.088 1.086 1.083 1.081 1.079 1.077 1.075 1.073 1.072 1.07 1.069 1.068 1.067 1.067 1.066 1.066 1.066 1.065 1.066 1.066 1.066 1.067 1.068 1.069 1.07 1.071 1.073 1.075 1.076 1.079 1.081 1.083 1.086 1.088 1.091 1.094 1.098
1.296 1.287 1.277 1.268 1.259 1.251 1.244 1.238 1.231 1.224 1.218 1.211 1.205 1.199 1.193 1.187 1.182 1.176 1.171 1.166 1.16 1.155 1.151 1.146 1.141 1.137 1.133 1.128 1.124 1.121 1.117 1.113 1.11 1.107 1.103 1.1 1.098 1.095 1.092 1.09 1.088 1.086 1.084 1.082 1.08 1.079 1.078 1.077 1.076 1.075 1.074 1.074 1.074 1.073 1.073 1.074 1.074 1.075 1.075 1.076 1.077 1.079 1.08 1.082 1.083 1.085 1.087 1.09 1.092 1.095 1.097 1.1 1.104 1.107
1.303 1.294 1.284 1.275 1.266 1.257 1.25 1.243 1.236 1.23 1.223 1.217 1.211 1.205 1.199 1.193 1.187 1.182 1.177 1.171 1.166 1.161 1.157 1.152 1.147 1.143 1.139 1.135 1.131 1.127 1.123 1.12 1.116 1.113 1.11 1.107 1.104 1.102 1.099 1.097 1.095 1.093 1.091 1.089 1.088 1.086 1.085 1.084 1.083 1.082 1.082 1.081 1.081 1.081 1.081 1.082 1.082 1.083 1.083 1.084 1.086 1.087 1.088 1.09 1.092 1.094 1.096 1.098 1.101 1.104 1.106 1.11 1.113 1.116
1.31 1.301 1.291 1.282 1.273 1.264 1.255 1.248 1.242 1.235 1.229 1.222 1.216 1.21 1.204 1.199 1.193 1.188 1.182 1.177 1.172 1.167 1.162 1.158 1.153 1.149 1.145 1.141 1.137 1.133 1.129 1.126 1.123 1.12 1.117 1.114 1.111 1.108 1.106 1.104 1.102 1.1 1.098 1.096 1.095 1.094 1.092 1.091 1.091 1.09 1.089 1.089 1.089 1.089 1.089 1.09 1.09 1.091 1.092 1.093 1.094 1.095 1.097 1.099 1.1 1.103 1.105 1.107 1.11 1.113 1.115 1.119 1.122 1.125
1.32 1.31 1.3 1.291 1.282 1.273 1.264 1.256 1.249 1.243 1.236 1.23 1.224 1.218 1.212 1.206 1.201 1.195 1.19 1.185 1.18 1.175 1.171 1.166 1.162 1.157 1.153 1.149 1.145 1.142 1.138 1.135 1.131 1.128 1.125 1.122 1.12 1.117 1.115 1.113 1.111 1.109 1.107 1.106 1.104 1.103 1.102 1.101 1.1 1.1 1.099 1.099 1.099 1.099 1.099 1.1 1.1 1.101 1.102 1.103 1.104 1.106 1.107 1.109 1.111 1.113 1.116 1.118 1.121 1.124 1.127 1.13 1.133 1.137
1.326 1.317 1.307 1.298 1.289 1.28 1.271 1.263 1.255 1.248 1.242 1.235 1.229 1.223 1.218 1.212 1.207 1.201 1.196 1.191 1.186 1.181 1.176 1.172 1.167 1.163 1.159 1.155 1.151 1.148 1.144 1.141 1.138 1.135 1.132 1.129 1.126 1.124 1.122 1.12 1.118 1.116 1.114 1.113 1.111 1.11 1.109 1.108 1.108 1.107 1.107 1.106 1.106 1.107 1.107 1.107 1.108 1.109 1.11 1.111 1.112 1.114 1.116 1.117 1.119 1.122 1.124 1.127 1.129 1.132 1.135 1.139 1.142 1.145
1.333 1.324 1.314 1.305 1.296 1.287 1.278 1.27 1.262 1.253 1.247 1.241 1.235 1.229 1.223 1.218 1.212 1.207 1.202 1.197 1.192 1.187 1.182 1.178 1.173 1.169 1.165 1.161 1.158 1.154 1.15 1.147 1.144 1.141 1.138 1.135 1.133 1.131 1.128 1.126 1.124 1.123 1.121 1.12 1.118 1.117 1.116 1.115 1.115 1.114 1.114 1.114 1.114 1.114 1.115 1.115 1.116 1.117 1.118 1.119 1.12 1.122 1.124 1.126 1.128 1.13 1.133 1.135 1.138 1.141 1.144 1.147 1.151 1.154
1.34 1.331 1.321 1.312 1.303 1.294 1.285 1.277 1.269 1.261 1.253 1.246 1.24 1.235 1.229 1.223 1.218 1.212 1.207 1.202 1.197 1.193 1.188 1.184 1.179 1.175 1.171 1.167 1.164 1.16 1.157 1.154 1.15 1.147 1.145 1.142 1.14 1.137 1.135 1.133 1.131 1.129 1.128 1.127 1.125 1.124 1.123 1.123 1.122 1.122 1.121 1.121 1.121 1.122 1.122 1.123 1.124 1.125 1.126 1.127 1.128 1.13 1.132 1.134 1.136 1.138 1.141 1.144 1.146 1.149 1.153 1.156 1.16 1.163
1.347 1.337 1.328 1.319 1.31 1.301 1.292 1.284 1.276 1.268 1.26 1.252 1.246 1.24 1.234 1.229 1.223 1.218 1.213 1.208 1.203 1.199 1.194 1.19 1.185 1.181 1.177 1.174 1.17 1.166 1.163 1.16 1.157 1.154 1.151 1.149 1.146 1.144 1.142 1.14 1.138 1.136 1.135 1.133 1.132 1.131 1.13 1.13 1.129 1.129 1.129 1.129 1.129 1.129 1.13 1.13 1.131 1.132 1.134 1.135 1.136 1.138 1.14 1.142 1.144 1.147 1.149 1.152 1.155 1.158 1.161 1.165 1.168 1.172
1.356 1.346 1.337 1.328 1.319 1.31 1.301 1.293 1.285 1.277 1.269 1.261 1.254 1.248 1.242 1.237 1.231 1.226 1.221 1.216 1.211 1.206 1.202 1.198 1.193 1.189 1.185 1.182 1.178 1.175 1.171 1.168 1.165 1.162 1.16 1.157 1.155 1.152 1.15 1.148 1.147 1.145 1.144 1.142 1.141 1.14 1.14 1.139 1.139 1.138 1.138 1.138 1.138 1.139 1.139 1.14 1.141 1.142 1.143 1.145 1.146 1.148 1.15 1.152 1.154 1.157 1.159 1.162 1.165 1.168 1.172 1.175 1.179 1.183
1.365 1.353 1.344 1.335 1.326 1.317 1.308 1.3 1.292 1.284 1.276 1.268 1.261 1.253 1.248 1.242 1.237 1.232 1.227 1.222 1.217 1.212 1.208 1.204 1.199 1.195 1.191 1.188 1.184 1.181 1.178 1.174 1.171 1.169 1.166 1.164 1.161 1.159 1.157 1.155 1.153 1.152 1.151 1.149 1.148 1.147 1.147 1.146 1.146 1.145 1.145 1.146 1.146 1.146 1.147 1.148 1.149 1.15 1.151 1.153 1.154 1.156 1.158 1.16 1.162 1.165 1.168 1.17 1.174 1.177 1.18 1.184 1.187 1.191
1.373 1.362 1.35 1.341 1.332 1.324 1.315 1.307 1.298 1.29 1.283 1.275 1.268 1.26 1.253 1.248 1.242 1.237 1.232 1.227 1.223 1.218 1.214 1.209 1.205 1.201 1.198 1.194 1.19 1.187 1.184 1.181 1.178 1.175 1.172 1.17 1.168 1.166 1.164 1.162 1.16 1.159 1.157 1.156 1.155 1.154 1.154 1.153 1.153 1.153 1.153 1.153 1.153 1.154 1.154 1.155 1.156 1.157 1.159 1.16 1.162 1.164 1.166 1.168 1.17 1.173 1.176 1.179 1.182 1.185 1.188 1.192 1.196 1.2
1.382 1.37 1.359 1.348 1.339 1.33 1.322 1.313 1.305 1.297 1.289 1.282 1.275 1.267 1.26 1.253 1.247 1.242 1.237 1.232 1.227 1.223 1.218 1.214 1.21 1.206 1.202 1.199 1.195 1.192 1.189 1.186 1.183 1.18 1.177 1.175 1.173 1.171 1.169 1.167 1.165 1.164 1.163 1.162 1.161 1.16 1.159 1.159 1.159 1.158 1.158 1.159 1.159 1.16 1.16 1.161 1.162 1.164 1.165 1.167 1.168 1.17 1.172 1.175 1.177 1.18 1.182 1.185 1.188 1.192 1.195 1.199 1.203 1.207
