static/jobfarm/user_models/minyf/common/HOME-GBHM/输出文件/Output/Grids/snowmelt20020222.asc
ncols 221
nrows 204
xllcorner -627000.0
yllcorner 3955000.0
cellsize 900.0
NODATA_value -9999.0
[rows 33 to 65 of 204, columns 74 to 147 of 221]
0.104 0.103 0.103 0.103 0.103 0.103 0.103 0.103 0.152 0.152 0.151 0.151 0.113 0.113 0.113 0.112 0.112 0.112 0.111 0.111 0.145 0.133 0.132 0.132 0.131 0.131 0.13 0.129 0.128 0.128 0.127 0.126 0.125 0.124 0.123 0.122 0.121 0.12 0.119 0.118 0.117 0.115 0.114 0.113 0.111 0.11 -9999.0 -9999.0 -9999.0 -9999.0 -9999.0 -9999.0 -9999.0 -9999.0 -9999.0 -9999.0 -9999.0 -9999.0 -9999.0 -9999.0 -9999.0 -9999.0 -9999.0 -9999.0 -9999.0 -9999.0 -9999.0 -9999.0 -9999.0 -9999.0 -9999.0 -9999.0 -9999.0 -9999.0
0.085 0.085 0.084 0.084 0.084 0.084 0.084 0.084 0.154 0.117 0.117 0.116 0.116 0.151 0.151 0.095 0.094 0.148 0.148 0.123 0.123 0.122 0.122 0.121 0.121 0.12 0.119 0.119 0.118 0.134 0.132 0.13 0.128 0.126 0.124 0.089 0.088 0.087 0.086 0.085 0.084 0.082 0.081 0.08 0.078 -9999.0 -9999.0 -9999.0 -9999.0 -9999.0 -9999.0 -9999.0 -9999.0 -9999.0 -9999.0 -9999.0 -9999.0 -9999.0 -9999.0 -9999.0 -9999.0 -9999.0 -9999.0 -9999.0 -9999.0 -9999.0 -9999.0 -9999.0 -9999.0 -9999.0 -9999.0 -9999.0 -9999.0 -9999.0
0.088 0.088 0.088 0.088 0.088 0.088 0.088 0.087 0.087 0.087 0.087 0.087 0.086 0.153 0.125 0.125 0.125 0.124 0.124 0.124 0.123 0.123 0.122 0.121 0.121 0.12 0.119 0.119 0.118 0.117 0.133 0.131 0.087 0.086 0.085 0.084 0.083 0.082 0.081 0.08 0.078 0.077 0.107 0.104 0.101 -9999.0 -9999.0 -9999.0 -9999.0 -9999.0 -9999.0 -9999.0 -9999.0 -9999.0 -9999.0 -9999.0 -9999.0 -9999.0 -9999.0 -9999.0 -9999.0 -9999.0 -9999.0 -9999.0 -9999.0 -9999.0 -9999.0 -9999.0 -9999.0 -9999.0 -9999.0 -9999.0 -9999.0 -9999.0
0.16 0.159 0.159 0.154 0.154 0.154 0.154 0.153 0.153 0.153 0.153 0.152 0.152 0.152 0.152 0.151 0.151 0.15 0.15 0.15 0.149 0.149 0.148 0.147 0.143 0.14 0.139 0.139 0.137 0.136 0.134 0.132 0.13 0.113 0.112 0.111 0.11 0.109 0.107 0.106 0.105 0.104 0.103 0.101 0.1 0.099 -9999.0 -9999.0 -9999.0 -9999.0 -9999.0 -9999.0 -9999.0 -9999.0 -9999.0 -9999.0 -9999.0 -9999.0 -9999.0 -9999.0 -9999.0 -9999.0 -9999.0 -9999.0 -9999.0 -9999.0 -9999.0 -9999.0 -9999.0 -9999.0 -9999.0 -9999.0 -9999.0 -9999.0
0.153 0.153 0.153 0.153 0.153 0.153 0.152 0.152 0.152 0.152 0.151 0.151 0.156 0.125 0.125 0.125 0.124 0.124 0.123 0.123 0.122 0.122 0.121 0.121 0.12 0.119 0.119 0.118 0.117 0.116 0.116 0.115 0.114 0.113 0.112 0.111 0.11 0.109 0.108 0.106 0.114 0.112 0.109 0.061 0.06 0.059 -9999.0 -9999.0 -9999.0 -9999.0 -9999.0 -9999.0 -9999.0 -9999.0 -9999.0 -9999.0 -9999.0 -9999.0 -9999.0 -9999.0 -9999.0 -9999.0 -9999.0 -9999.0 -9999.0 -9999.0 -9999.0 -9999.0 -9999.0 -9999.0 -9999.0 -9999.0 -9999.0 -9999.0
0.137 0.137 0.136 0.136 0.136 0.136 0.136 0.135 0.135 0.135 0.134 0.134 0.134 0.157 0.128 0.127 0.127 0.126 0.126 0.125 0.125 0.124 0.124 0.123 0.145 0.139 0.139 0.138 0.137 0.136 0.136 0.135 0.134 0.133 0.132 0.131 0.13 0.129 0.128 0.126 0.125 0.124 0.123 0.122 0.12 0.119 0.118 0.116 0.115 0.114 0.112 0.111 -9999.0 -9999.0 -9999.0 -9999.0 -9999.0 -9999.0 -9999.0 -9999.0 -9999.0 -9999.0 -9999.0 -9999.0 -9999.0 -9999.0 -9999.0 -9999.0 -9999.0 -9999.0 -9999.0 -9999.0 -9999.0 -9999.0
0.094 0.094 0.094 0.093 0.093 0.093 0.093 0.092 0.092 0.092 0.092 0.091 0.091 0.091 0.09 0.09 0.089 0.089 0.088 0.088 0.087 0.15 0.136 0.136 0.135 0.134 0.134 0.133 0.132 0.131 0.131 0.13 0.129 0.128 0.127 0.128 0.126 0.097 0.121 0.119 0.117 0.108 0.106 0.105 0.104 0.103 0.101 0.1 0.096 0.093 0.091 0.088 0.057 -9999.0 -9999.0 -9999.0 -9999.0 -9999.0 -9999.0 -9999.0 -9999.0 -9999.0 -9999.0 -9999.0 -9999.0 -9999.0 -9999.0 -9999.0 -9999.0 -9999.0 -9999.0 -9999.0 -9999.0 -9999.0
0.098 0.098 0.097 0.097 0.097 0.097 0.096 0.096 0.096 0.095 0.095 0.095 0.094 0.094 0.094 0.093 0.093 0.092 0.092 0.091 0.091 0.09 0.09 0.089 0.088 0.088 0.087 0.086 0.085 0.085 0.084 0.083 0.082 0.081 0.08 0.079 0.078 0.077 0.076 0.075 0.074 0.116 0.113 0.111 0.063 0.062 0.06 0.059 0.098 0.095 0.092 0.09 0.087 -9999.0 -9999.0 -9999.0 -9999.0 -9999.0 -9999.0 -9999.0 -9999.0 -9999.0 -9999.0 -9999.0 -9999.0 -9999.0 -9999.0 -9999.0 -9999.0 -9999.0 -9999.0 -9999.0 -9999.0 -9999.0
0.107 0.107 0.107 0.107 0.106 0.106 0.106 0.105 0.105 0.105 0.105 0.104 0.104 0.103 0.103 0.103 0.102 0.102 0.101 0.155 0.136 0.136 0.135 0.134 0.134 0.133 0.132 0.145 0.143 0.092 0.091 0.09 0.089 0.134 0.132 0.13 0.079 0.077 0.076 0.075 0.074 0.073 0.072 0.071 0.11 0.107 0.105 0.074 0.073 0.072 0.07 0.069 0.089 0.086 -9999.0 -9999.0 -9999.0 -9999.0 -9999.0 -9999.0 -9999.0 -9999.0 -9999.0 -9999.0 -9999.0 -9999.0 -9999.0 -9999.0 -9999.0 -9999.0 -9999.0 -9999.0 -9999.0 -9999.0
0.172 0.171 0.171 0.171 0.17 0.17 0.17 0.169 0.169 0.169 0.168 0.168 0.168 0.167 0.167 0.166 0.166 0.165 0.165 0.157 0.137 0.154 0.153 0.147 0.146 0.149 0.147 0.137 0.136 0.143 0.141 0.139 0.082 0.081 0.08 0.079 0.078 0.077 0.076 0.075 0.074 0.072 0.071 0.07 0.069 0.068 0.106 0.104 0.101 0.081 0.08 0.079 0.077 -9999.0 -9999.0 -9999.0 -9999.0 -9999.0 -9999.0 -9999.0 -9999.0 -9999.0 -9999.0 -9999.0 -9999.0 -9999.0 -9999.0 -9999.0 -9999.0 -9999.0 -9999.0 -9999.0 -9999.0 -9999.0
0.174 0.11 0.11 0.109 0.109 0.109 0.108 0.108 0.108 0.107 0.167 0.127 0.127 0.126 0.126 0.162 0.161 0.111 0.111 0.158 0.157 0.156 0.154 0.153 0.146 0.145 0.144 0.143 0.143 0.142 0.141 0.14 0.139 0.138 0.137 0.136 0.135 0.134 0.127 0.125 0.102 0.101 0.1 0.099 0.098 0.097 0.095 0.094 0.093 0.092 0.09 0.089 0.088 -9999.0 -9999.0 -9999.0 -9999.0 -9999.0 -9999.0 -9999.0 -9999.0 -9999.0 -9999.0 -9999.0 -9999.0 -9999.0 -9999.0 -9999.0 -9999.0 -9999.0 -9999.0 -9999.0 -9999.0 -9999.0
0.128 0.128 0.128 0.127 0.127 0.127 0.126 0.126 0.126 0.125 0.125 0.124 0.124 0.124 0.123 0.123 0.122 0.122 0.121 0.121 0.12 0.119 0.119 0.118 0.117 0.117 0.116 0.115 0.114 0.114 0.113 0.112 0.111 0.138 0.136 0.092 0.091 0.09 0.089 0.088 0.087 0.086 0.085 0.084 0.083 0.082 0.08 0.079 0.078 0.077 0.076 0.098 0.095 -9999.0 -9999.0 -9999.0 -9999.0 -9999.0 -9999.0 -9999.0 -9999.0 -9999.0 -9999.0 -9999.0 -9999.0 -9999.0 -9999.0 -9999.0 -9999.0 -9999.0 -9999.0 -9999.0 -9999.0 -9999.0
0.178 0.178 0.178 0.177 0.177 0.177 0.173 0.12 0.12 0.119 0.119 0.119 0.118 0.118 0.117 0.117 0.116 0.116 0.115 0.115 0.114 0.113 0.113 0.112 0.111 0.111 0.11 0.109 0.108 0.108 0.107 0.106 0.105 0.104 0.103 0.102 0.101 0.1 0.099 0.098 0.097 0.096 0.095 0.094 0.093 0.092 0.09 0.089 0.088 0.087 0.086 0.085 0.083 0.082 -9999.0 -9999.0 -9999.0 -9999.0 -9999.0 -9999.0 -9999.0 -9999.0 -9999.0 -9999.0 -9999.0 -9999.0 -9999.0 -9999.0 -9999.0 -9999.0 -9999.0 -9999.0 -9999.0 -9999.0
0.124 0.123 0.123 0.123 0.122 0.176 0.121 0.121 0.12 0.12 0.119 0.119 0.119 0.118 0.118 0.117 0.117 0.165 0.139 0.139 0.138 0.137 0.137 0.136 0.135 0.135 0.134 0.151 0.15 0.1 0.099 0.098 0.097 0.097 0.096 0.095 0.094 0.093 0.092 0.091 0.09 0.089 0.088 0.086 0.085 0.084 0.083 0.082 0.081 0.08 0.078 0.077 0.076 0.075 0.074 -9999.0 -9999.0 0.07 0.069 -9999.0 -9999.0 -9999.0 -9999.0 -9999.0 -9999.0 -9999.0 -9999.0 -9999.0 -9999.0 -9999.0 -9999.0 -9999.0 -9999.0 -9999.0
0.116 0.116 0.116 0.115 0.115 0.114 0.114 0.114 0.113 0.113 0.174 0.129 0.128 0.128 0.127 0.127 0.126 0.126 0.125 0.125 0.124 0.123 0.123 0.122 0.122 0.121 0.154 0.147 0.147 0.146 0.145 0.144 0.143 0.142 0.141 0.141 0.14 0.139 0.138 0.137 0.136 0.135 0.134 0.132 0.131 0.13 0.129 0.128 0.127 0.126 0.125 0.124 0.122 0.121 0.12 -9999.0 -9999.0 0.117 0.116 -9999.0 -9999.0 -9999.0 -9999.0 -9999.0 -9999.0 -9999.0 -9999.0 -9999.0 -9999.0 -9999.0 -9999.0 -9999.0 -9999.0 -9999.0
0.163 0.162 0.162 0.161 0.161 0.16 0.16 0.16 0.159 0.159 0.158 0.158 0.157 0.157 0.156 0.156 0.155 0.155 0.154 0.154 0.153 0.152 0.152 0.151 0.15 0.15 0.149 0.148 0.147 0.147 0.146 0.145 0.144 0.143 0.142 0.141 0.139 0.137 0.097 0.096 0.095 0.094 0.093 0.092 0.091 0.09 0.089 0.088 0.087 0.086 0.085 0.084 0.082 0.081 0.08 0.079 0.078 0.094 0.091 -9999.0 -9999.0 -9999.0 -9999.0 -9999.0 -9999.0 -9999.0 -9999.0 -9999.0 -9999.0 -9999.0 -9999.0 -9999.0 -9999.0 -9999.0
0.151 0.151 0.151 0.15 0.15 0.149 0.149 0.148 0.179 0.128 0.128 0.127 0.127 0.126 0.126 0.125 0.124 0.124 0.123 0.123 0.122 0.164 0.144 0.162 0.16 0.159 0.093 0.092 0.091 0.09 0.09 0.089 0.088 0.087 0.086 0.142 0.14 0.094 0.093 0.092 0.091 0.09 0.089 0.088 0.087 0.086 0.085 0.084 0.083 0.082 0.08 0.079 0.078 0.077 0.076 0.075 0.074 0.073 0.072 -9999.0 -9999.0 -9999.0 -9999.0 -9999.0 -9999.0 -9999.0 -9999.0 -9999.0 -9999.0 -9999.0 -9999.0 -9999.0 -9999.0 -9999.0
0.118 0.118 0.117 0.117 0.116 0.116 0.115 0.115 0.115 0.18 0.13 0.13 0.129 0.129 0.128 0.127 0.127 0.126 0.126 0.125 0.124 0.124 0.165 0.145 0.144 0.144 0.143 0.142 0.141 0.141 0.14 0.139 0.138 0.137 0.136 0.136 0.135 0.134 0.133 0.132 0.131 0.13 0.129 0.128 0.127 0.126 0.122 0.12 0.118 0.116 0.114 0.112 0.11 0.107 0.105 0.103 0.101 0.099 0.097 0.069 0.068 0.092 -9999.0 -9999.0 -9999.0 -9999.0 -9999.0 -9999.0 -9999.0 -9999.0 -9999.0 -9999.0 -9999.0 -9999.0
0.196 0.196 0.195 0.195 0.195 0.194 0.194 0.193 0.193 0.192 0.192 0.191 0.191 0.19 0.189 0.189 0.188 0.188 0.187 0.187 0.186 0.185 0.185 0.184 0.183 0.182 0.182 0.181 0.157 0.156 0.154 0.153 0.151 0.11 0.11 0.109 0.108 0.107 0.106 0.105 0.104 0.103 0.132 0.13 0.109 0.108 0.107 0.106 0.105 0.104 0.103 0.102 0.101 0.1 0.099 0.098 0.097 0.096 0.095 0.094 0.093 0.093 -9999.0 -9999.0 -9999.0 -9999.0 -9999.0 -9999.0 -9999.0 -9999.0 -9999.0 -9999.0 -9999.0 -9999.0
0.14 0.14 0.14 0.139 0.139 0.138 0.138 0.137 0.137 0.136 0.135 0.135 0.134 0.134 0.133 0.133 0.132 0.132 0.131 0.13 0.13 0.129 0.128 0.128 0.127 0.126 0.126 0.125 0.124 0.123 0.123 0.122 0.121 0.12 0.119 0.118 0.117 0.117 0.116 0.115 0.114 0.113 0.112 0.111 0.11 0.109 0.108 0.107 0.106 0.105 0.104 0.103 0.102 0.101 0.1 0.099 0.099 0.098 0.097 0.102 0.1 0.098 -9999.0 -9999.0 -9999.0 -9999.0 -9999.0 -9999.0 -9999.0 -9999.0 -9999.0 -9999.0 -9999.0 -9999.0
0.106 0.106 0.105 0.105 0.104 0.104 0.103 0.103 0.102 0.102 0.101 0.101 0.1 0.1 0.099 0.099 0.098 0.097 0.097 0.096 0.095 0.095 0.094 0.093 0.093 0.092 0.091 0.091 0.09 0.089 0.088 0.087 0.087 0.086 0.085 0.084 0.083 0.082 0.081 0.081 0.08 0.079 0.078 0.077 0.076 0.075 0.074 0.073 0.072 0.071 0.07 0.069 0.068 0.068 0.067 0.112 0.11 0.091 0.09 0.089 0.088 -9999.0 -9999.0 -9999.0 -9999.0 -9999.0 -9999.0 -9999.0 -9999.0 -9999.0 -9999.0 -9999.0 -9999.0 -9999.0
0.134 0.134 0.133 0.133 0.132 0.132 0.131 0.131 0.13 0.129 0.129 0.128 0.128 0.127 0.127 0.126 0.125 0.125 0.124 0.124 0.123 0.122 0.122 0.121 0.12 0.119 0.119 0.164 0.151 0.15 0.149 0.149 0.148 0.147 0.146 0.145 0.145 0.144 0.143 0.142 0.141 0.14 0.138 0.108 0.107 0.107 0.106 0.105 0.104 0.103 0.124 0.122 0.12 0.118 0.117 0.115 0.113 0.111 0.11 0.108 0.107 -9999.0 -9999.0 -9999.0 -9999.0 -9999.0 -9999.0 -9999.0 -9999.0 -9999.0 -9999.0 -9999.0 -9999.0 -9999.0
0.158 0.158 0.157 0.157 0.156 0.156 0.155 0.154 0.154 0.153 0.153 0.152 0.152 0.151 0.15 0.15 0.149 0.149 0.148 0.147 0.147 0.146 0.145 0.145 0.144 0.143 0.143 0.142 0.141 0.14 0.14 0.159 0.154 0.156 0.154 0.153 0.095 0.095 0.094 0.093 0.092 0.091 0.09 0.089 0.089 0.088 0.087 0.086 0.085 0.084 0.083 0.082 0.082 0.081 0.08 0.079 0.078 0.077 0.077 0.076 0.075 0.075 -9999.0 -9999.0 -9999.0 -9999.0 -9999.0 -9999.0 -9999.0 -9999.0 -9999.0 -9999.0 -9999.0 -9999.0
0.088 0.087 0.087 0.086 0.086 0.085 0.084 0.084 0.083 0.083 0.082 0.082 0.081 0.08 0.08 0.079 0.079 0.078 0.077 0.077 0.076 0.075 0.075 0.074 0.073 0.073 0.072 0.071 0.133 0.121 0.12 0.12 0.119 0.118 0.117 0.116 0.116 0.115 0.114 0.113 0.112 0.111 0.111 0.11 0.109 0.108 0.107 0.106 0.105 0.105 0.104 0.103 0.102 0.101 0.101 0.1 0.099 0.098 0.098 0.097 0.096 0.096 0.095 0.094 0.094 -9999.0 -9999.0 -9999.0 -9999.0 -9999.0 -9999.0 -9999.0 -9999.0 -9999.0
0.141 0.141 0.14 0.139 0.139 0.138 0.138 0.137 0.136 0.136 0.135 0.135 0.134 0.133 0.133 0.132 0.152 0.151 0.15 0.149 0.084 0.083 0.082 0.082 0.081 0.08 0.08 0.079 0.078 0.077 0.077 0.076 0.075 0.074 0.073 0.073 0.072 0.071 0.07 0.069 0.069 0.068 0.067 0.066 0.065 0.108 0.094 0.093 0.092 0.092 0.091 0.09 0.089 0.088 0.088 0.087 0.086 0.085 0.085 0.084 0.083 0.083 0.082 0.082 0.081 0.081 -9999.0 -9999.0 -9999.0 -9999.0 -9999.0 -9999.0 -9999.0 -9999.0
0.128 0.127 0.127 0.126 0.125 0.125 0.124 0.124 0.123 0.122 0.122 0.121 0.121 0.12 0.119 0.119 0.118 0.118 0.117 0.116 0.116 0.115 0.114 0.113 0.113 0.112 0.111 0.111 0.11 0.109 0.108 0.108 0.107 0.106 0.105 0.105 0.104 0.103 0.102 0.101 0.101 0.1 0.099 0.098 0.097 0.097 0.096 0.095 0.094 0.093 0.093 0.092 0.091 0.09 0.09 0.089 0.088 0.088 0.087 0.086 0.086 0.085 0.085 0.084 0.084 0.083 -9999.0 -9999.0 -9999.0 -9999.0 -9999.0 -9999.0 -9999.0 -9999.0
0.13 0.129 0.128 0.128 0.127 0.126 0.126 0.125 0.125 0.124 0.123 0.123 0.122 0.122 0.121 0.12 0.12 0.119 0.118 0.118 0.117 0.15 0.149 0.095 0.095 0.094 0.093 0.142 0.14 0.085 0.084 0.084 0.083 0.082 0.081 0.08 0.08 0.079 0.078 0.077 0.077 0.076 0.075 0.074 0.073 0.073 0.072 0.071 0.07 0.07 0.069 0.068 0.067 0.067 0.066 0.065 0.065 0.064 0.063 0.063 0.062 0.062 0.061 0.061 0.06 0.06 -9999.0 -9999.0 -9999.0 -9999.0 -9999.0 -9999.0 -9999.0 -9999.0
0.106 0.105 0.104 0.104 0.103 0.102 0.102 0.101 0.101 0.1 0.099 0.099 0.098 0.097 0.097 0.096 0.095 0.095 0.094 0.093 0.093 0.092 0.091 0.091 0.09 0.089 0.089 0.088 0.087 0.086 0.086 0.085 0.084 0.083 0.083 0.082 0.081 0.129 0.128 0.063 0.063 0.062 0.061 0.06 0.118 0.091 0.09 0.09 0.089 0.088 0.087 0.087 0.086 0.085 0.085 0.084 0.083 0.083 0.082 0.082 0.081 0.081 0.08 0.08 0.093 0.093 -9999.0 -9999.0 0.061 -9999.0 -9999.0 -9999.0 -9999.0 -9999.0
0.104 0.103 0.102 0.102 0.101 0.1 0.1 0.099 0.098 0.098 0.097 0.097 0.096 0.095 0.095 0.094 0.093 0.093 0.092 0.091 0.091 0.09 0.151 0.15 0.107 0.107 0.106 0.105 0.105 0.104 0.103 0.102 0.102 0.101 0.1 0.099 0.099 0.098 0.097 0.096 0.096 0.123 0.087 0.087 0.086 0.085 0.084 0.084 0.083 0.082 0.082 0.081 0.08 0.08 0.079 0.078 0.078 0.077 0.077 0.076 0.076 0.075 0.075 0.075 0.074 0.074 0.094 0.094 0.06 0.06 0.06 -9999.0 -9999.0 -9999.0
0.105 0.104 0.103 0.103 0.102 0.101 0.101 0.1 0.099 0.099 0.098 0.097 0.097 0.096 0.095 0.095 0.094 0.093 0.093 0.092 0.091 0.091 0.09 0.089 0.089 0.088 0.087 0.087 0.086 0.085 0.084 0.084 0.083 0.082 0.081 0.081 0.08 0.079 0.079 0.078 0.077 0.076 0.076 0.075 0.074 0.073 0.073 0.072 0.071 0.071 0.07 0.069 0.069 0.068 0.108 0.102 0.101 0.101 0.1 0.1 0.099 0.099 0.098 0.098 0.098 0.098 0.097 0.097 0.097 0.097 0.097 0.097 -9999.0 0.098
0.141 0.14 0.14 0.139 0.138 0.138 0.137 0.136 0.136 0.135 0.134 0.134 0.133 0.132 0.132 0.131 0.13 0.13 0.129 0.128 0.128 0.127 0.126 0.125 0.125 0.124 0.123 0.123 0.122 0.121 0.12 0.12 0.119 0.118 0.118 0.117 0.116 0.115 0.115 0.114 0.113 0.113 0.112 0.111 0.111 0.11 0.109 0.108 0.108 0.107 0.107 0.106 0.105 0.105 0.104 0.104 0.103 0.109 0.105 0.105 0.104 0.104 0.103 0.103 0.103 0.103 0.103 0.103 0.102 0.102 0.103 0.103 0.103 0.103
0.146 0.145 0.144 0.143 0.143 0.142 0.141 0.141 0.14 0.139 0.139 0.138 0.137 0.137 0.136 0.135 0.135 0.134 0.133 0.132 0.132 0.131 0.13 0.13 0.129 0.128 0.128 0.127 0.126 0.125 0.125 0.124 0.123 0.123 0.141 0.134 0.134 0.133 0.132 0.132 0.131 0.13 0.129 0.129 0.128 0.127 0.127 0.126 0.126 0.125 0.124 0.124 0.123 0.123 0.122 0.122 0.121 0.121 0.12 0.12 0.119 0.119 0.119 0.108 0.108 0.05 0.05 0.05 0.05 0.05 0.05 0.05 0.05 0.05
0.09 0.089 0.088 0.088 0.087 0.086 0.085 0.085 0.084 0.083 0.083 0.082 0.081 0.081 0.08 0.079 0.079 0.078 0.077 0.076 0.076 0.075 0.074 0.074 0.073 0.072 0.072 0.071 0.07 0.069 0.069 0.068 0.067 0.067 0.066 0.14 0.135 0.137 0.136 0.135 0.133 0.132 0.131 0.129 0.128 0.127 0.125 0.124 0.07 0.069 0.069 0.068 0.068 0.067 0.067 0.066 0.066 0.065 0.065 0.064 0.064 0.064 0.064 0.063 0.063 0.063 0.063 0.063 0.063 0.063 0.063 0.063 0.064 0.111
