static/jobfarm/user_models/minyf/common/HOME-GBHM/输出文件/Output/Grids/snowDepth20020227.asc
ncols 221
nrows 204
xllcorner -627000.0
yllcorner 3955000.0
cellsize 900.0
NODATA_value -9999.0
[rows 60 to 89 of 204, columns 0 to 66 of 221]
-9999.0 -9999.0 -9999.0 -9999.0 -9999.0 -9999.0 -9999.0 -9999.0 418.311 418.357 418.401 418.446 418.49 418.534 418.577 418.619 418.66 418.7 418.725 418.762 418.797 418.831 418.864 418.897 418.928 418.959 418.991 419.019 419.047 419.074 419.1 419.125 419.149 419.173 419.197 419.221 419.243 419.265 419.286 419.306 419.326 419.346 419.365 419.383 419.401 419.419 419.435 419.452 419.468 419.484 419.499 419.513 419.527 419.541 419.554 419.567 419.58 419.593 419.606 419.618 419.63 419.642 419.653 419.664 419.674 419.685 419.695
-9999.0 -9999.0 -9999.0 -9999.0 -9999.0 -9999.0 -9999.0 -9999.0 -9999.0 418.301 418.346 418.391 418.436 418.48 418.523 418.566 418.608 418.649 418.676 418.714 418.751 418.786 418.82 418.853 418.885 418.916 418.947 418.978 419.007 419.034 419.061 419.087 419.112 419.136 419.16 419.184 419.207 419.229 419.25 419.271 419.292 419.311 419.331 419.35 419.368 419.386 419.403 419.42 419.437 419.453 419.468 419.483 419.497 419.511 419.525 419.538 419.551 419.564 419.577 419.59 419.602 419.614 419.626 419.637 419.648 419.659 419.669
-9999.0 -9999.0 -9999.0 -9999.0 -9999.0 -9999.0 -9999.0 -9999.0 -9999.0 -9999.0 418.29 418.336 418.381 418.425 418.469 418.512 418.555 418.596 418.624 418.665 418.702 418.739 418.776 418.809 418.842 418.873 418.904 418.935 418.966 418.994 419.021 419.048 419.074 419.099 419.123 419.147 419.17 419.193 419.215 419.236 419.257 419.277 419.297 419.316 419.335 419.353 419.37 419.388 419.405 419.421 419.436 419.452 419.467 419.481 419.495 419.509 419.522 419.535 419.548 419.561 419.574 419.586 419.598 419.61 419.621 419.633 419.643
-9999.0 -9999.0 -9999.0 -9999.0 -9999.0 -9999.0 -9999.0 -9999.0 -9999.0 -9999.0 -9999.0 418.28 418.325 418.371 418.415 418.458 418.501 418.543 418.585 418.613 418.653 418.691 418.728 418.764 418.798 418.83 418.862 418.893 418.923 418.954 418.981 419.009 419.035 419.06 419.085 419.109 419.133 419.157 419.179 419.201 419.222 419.243 419.263 419.282 419.301 419.319 419.338 419.356 419.373 419.389 419.406 419.422 419.437 419.452 419.466 419.48 419.494 419.507 419.52 419.533 419.546 419.559 419.571 419.583 419.595 419.606 419.618
-9999.0 -9999.0 -9999.0 -9999.0 -9999.0 -9999.0 -9999.0 -9999.0 -9999.0 -9999.0 -9999.0 418.224 418.27 418.316 418.36 418.404 418.448 418.49 418.533 418.561 418.602 418.642 418.68 418.717 418.753 418.787 418.819 418.851 418.882 418.913 418.943 418.969 418.996 419.021 419.047 419.071 419.095 419.12 419.143 419.166 419.188 419.208 419.229 419.249 419.268 419.286 419.306 419.324 419.341 419.358 419.375 419.392 419.407 419.422 419.437 419.451 419.465 419.479 419.492 419.505 419.518 419.531 419.544 419.556 419.568 419.58 419.592
-9999.0 -9999.0 -9999.0 -9999.0 -9999.0 -9999.0 -9999.0 -9999.0 -9999.0 -9999.0 -9999.0 -9999.0 418.215 418.26 418.306 418.35 418.394 418.437 418.48 418.508 418.55 418.591 418.632 418.669 418.705 418.741 418.776 418.809 418.841 418.872 418.902 418.931 418.959 418.985 419.011 419.035 419.06 419.083 419.107 419.13 419.153 419.174 419.195 419.215 419.235 419.253 419.273 419.292 419.309 419.327 419.344 419.361 419.377 419.392 419.407 419.422 419.436 419.45 419.464 419.477 419.49 419.503 419.516 419.529 419.542 419.554 419.566
-9999.0 -9999.0 -9999.0 -9999.0 -9999.0 -9999.0 -9999.0 -9999.0 -9999.0 -9999.0 -9999.0 -9999.0 418.157 418.205 418.251 418.296 418.34 418.384 418.427 418.47 418.497 418.539 418.58 418.621 418.658 418.694 418.73 418.765 418.799 418.83 418.861 418.891 418.92 418.948 418.974 418.999 419.024 419.048 419.07 419.093 419.117 419.139 419.161 419.181 419.201 419.22 419.241 419.26 419.277 419.295 419.313 419.33 419.346 419.362 419.378 419.393 419.408 419.422 419.436 419.45 419.463 419.476 419.489 419.502 419.515 419.528 419.54
-9999.0 -9999.0 -9999.0 -9999.0 -9999.0 -9999.0 -9999.0 -9999.0 -9999.0 -9999.0 -9999.0 -9999.0 418.098 418.147 418.195 418.241 418.286 418.331 418.374 418.417 418.445 418.487 418.529 418.57 418.61 418.647 418.684 418.719 418.754 418.787 418.819 418.85 418.88 418.91 418.936 418.962 418.987 419.011 419.035 419.059 419.081 419.104 419.126 419.148 419.168 419.189 419.209 419.228 419.246 419.263 419.283 419.3 419.316 419.332 419.348 419.364 419.379 419.394 419.408 419.422 419.436 419.449 419.462 419.475 419.488 419.501 419.514
-9999.0 -9999.0 -9999.0 -9999.0 -9999.0 -9999.0 -9999.0 -9999.0 -9999.0 -9999.0 -9999.0 -9999.0 418.039 418.088 418.137 418.185 418.232 418.277 418.322 418.365 418.393 418.435 418.477 418.519 418.56 418.6 418.637 418.672 418.707 418.741 418.775 418.808 418.839 418.87 418.899 418.925 418.951 418.975 418.999 419.023 419.046 419.069 419.092 419.114 419.135 419.156 419.177 419.196 419.215 419.232 419.252 419.268 419.286 419.303 419.319 419.335 419.35 419.365 419.38 419.394 419.408 419.422 419.436 419.449 419.462 419.475 419.488
-9999.0 -9999.0 -9999.0 -9999.0 -9999.0 -9999.0 -9999.0 -9999.0 -9999.0 -9999.0 -9999.0 -9999.0 417.98 418.03 418.079 418.128 418.176 418.223 418.269 418.313 418.356 418.383 418.425 418.468 418.509 418.55 418.59 418.626 418.66 418.694 418.729 418.764 418.799 418.829 418.859 418.888 418.914 418.939 418.964 418.989 419.012 419.034 419.057 419.08 419.102 419.123 419.144 419.164 419.183 419.201 419.219 419.237 419.256 419.273 419.29 419.306 419.322 419.337 419.352 419.366 419.381 419.395 419.409 419.422 419.436 419.449 419.462
-9999.0 -9999.0 -9999.0 -9999.0 -9999.0 -9999.0 -9999.0 -9999.0 -9999.0 -9999.0 -9999.0 -9999.0 -9999.0 417.971 418.021 418.07 418.119 418.167 418.215 418.261 418.304 418.332 418.374 418.415 418.458 418.5 418.54 418.579 418.613 418.648 418.684 418.719 418.755 418.788 418.819 418.849 418.878 418.904 418.929 418.954 418.978 419.0 419.022 419.046 419.068 419.09 419.111 419.132 419.152 419.168 419.187 419.206 419.226 419.244 419.26 419.277 419.293 419.309 419.324 419.338 419.353 419.368 419.382 419.395 419.41 419.422 419.436
-9999.0 -9999.0 -9999.0 -9999.0 -9999.0 -9999.0 -9999.0 -9999.0 -9999.0 -9999.0 -9999.0 -9999.0 -9999.0 -9999.0 -9999.0 418.013 418.062 418.11 418.159 418.206 418.252 418.28 418.323 418.364 418.406 418.449 418.49 418.527 418.57 418.603 418.638 418.675 418.71 418.744 418.777 418.809 418.839 418.867 418.893 418.918 418.943 418.966 418.989 419.011 419.034 419.057 419.078 419.1 419.12 419.137 419.155 419.175 419.196 419.214 419.231 419.248 419.264 419.28 419.295 419.312 419.326 419.341 419.355 419.369 419.383 419.396 419.41
-9999.0 -9999.0 -9999.0 -9999.0 -9999.0 -9999.0 -9999.0 -9999.0 -9999.0 -9999.0 -9999.0 -9999.0 -9999.0 -9999.0 -9999.0 417.955 418.005 418.054 418.102 418.151 418.198 418.245 418.271 418.313 418.355 418.397 418.438 418.478 418.518 418.557 418.595 418.631 418.666 418.7 418.734 418.767 418.798 418.829 418.857 418.882 418.907 418.932 418.955 418.978 419.0 419.023 419.045 419.067 419.088 419.108 419.125 419.145 419.165 419.184 419.202 419.219 419.236 419.251 419.267 419.284 419.299 419.314 419.329 419.343 419.357 419.371 419.384
-9999.0 -9999.0 -9999.0 -9999.0 -9999.0 -9999.0 -9999.0 -9999.0 -9999.0 -9999.0 -9999.0 -9999.0 -9999.0 -9999.0 -9999.0 -9999.0 417.947 417.997 418.046 418.095 418.143 418.19 418.219 418.261 418.304 418.346 418.388 418.429 418.469 418.509 418.551 418.586 418.622 418.656 418.69 418.724 418.756 418.788 418.819 418.847 418.872 418.897 418.921 418.944 418.967 418.99 419.012 419.035 419.056 419.077 419.097 419.116 419.133 419.153 419.172 419.188 419.206 419.223 419.24 419.256 419.272 419.288 419.303 419.317 419.332 419.346 419.36
-9999.0 -9999.0 -9999.0 -9999.0 -9999.0 -9999.0 -9999.0 -9999.0 -9999.0 -9999.0 -9999.0 -9999.0 -9999.0 -9999.0 -9999.0 417.839 417.89 417.94 -9999.0 418.039 418.088 418.136 418.165 418.211 418.253 418.296 418.338 418.38 418.421 418.461 418.5 418.542 418.578 418.613 418.647 418.681 418.714 418.746 418.778 418.808 418.837 418.862 418.886 418.91 418.934 418.957 418.98 419.002 419.024 419.043 419.066 419.086 419.105 419.122 419.142 419.161 419.177 419.195 419.212 419.229 419.245 419.261 419.276 419.291 419.306 419.32 419.335
-9999.0 -9999.0 -9999.0 -9999.0 -9999.0 -9999.0 -9999.0 -9999.0 -9999.0 -9999.0 -9999.0 -9999.0 -9999.0 -9999.0 -9999.0 -9999.0 -9999.0 -9999.0 -9999.0 417.984 418.033 418.081 418.128 418.157 418.201 418.246 418.289 418.331 418.372 418.412 418.452 418.493 418.534 418.569 418.604 418.638 418.672 418.705 418.737 418.768 418.798 418.828 418.853 418.877 418.901 418.924 418.947 418.969 418.992 419.013 419.033 419.053 419.075 419.094 419.112 419.13 419.148 419.166 419.183 419.201 419.218 419.235 419.25 419.266 419.281 419.294 419.309
-9999.0 -9999.0 -9999.0 -9999.0 -9999.0 -9999.0 -9999.0 -9999.0 -9999.0 -9999.0 -9999.0 -9999.0 -9999.0 -9999.0 -9999.0 -9999.0 -9999.0 -9999.0 417.877 417.928 417.978 418.026 418.074 418.103 418.148 418.194 418.239 418.282 418.324 418.364 418.405 418.447 418.487 418.526 418.561 418.596 418.63 418.663 418.696 418.727 418.758 418.789 418.818 418.844 418.868 418.891 418.914 418.937 418.96 418.982 419.002 419.025 419.043 419.065 419.084 419.103 419.122 419.139 419.156 419.173 419.191 419.208 419.224 419.24 419.254 419.27 419.285
-9999.0 -9999.0 -9999.0 -9999.0 -9999.0 -9999.0 -9999.0 -9999.0 -9999.0 -9999.0 -9999.0 -9999.0 -9999.0 -9999.0 -9999.0 -9999.0 -9999.0 -9999.0 -9999.0 417.872 417.922 417.971 418.02 418.049 418.096 418.141 418.187 418.232 418.276 418.318 418.358 418.4 418.441 418.48 418.518 418.554 418.588 418.622 418.655 418.687 418.719 418.749 418.78 418.809 418.835 418.859 418.882 418.905 418.928 418.95 418.971 418.994 419.015 419.034 419.054 419.074 419.093 419.112 419.129 419.146 419.164 419.181 419.198 419.213 419.228 419.244 419.26
-9999.0 -9999.0 -9999.0 -9999.0 -9999.0 -9999.0 -9999.0 -9999.0 -9999.0 -9999.0 -9999.0 -9999.0 -9999.0 -9999.0 -9999.0 -9999.0 -9999.0 -9999.0 417.765 417.816 417.867 417.917 417.966 418.015 418.043 418.089 418.135 418.181 418.227 418.271 418.311 418.351 418.394 418.434 418.473 418.511 418.546 418.58 418.614 418.647 418.679 418.71 418.741 418.771 418.799 418.825 418.85 418.874 418.897 418.919 418.941 418.962 418.985 419.004 419.025 419.045 419.064 419.083 419.102 419.118 419.136 419.154 419.172 419.188 419.202 419.22 419.235
-9999.0 -9999.0 -9999.0 -9999.0 -9999.0 -9999.0 -9999.0 -9999.0 -9999.0 -9999.0 -9999.0 -9999.0 -9999.0 -9999.0 -9999.0 -9999.0 -9999.0 -9999.0 417.709 417.761 417.812 417.862 417.912 417.961 417.989 418.036 418.083 418.129 418.175 418.22 418.264 418.305 418.345 418.387 418.428 418.466 418.504 418.539 418.573 418.606 418.639 418.671 418.702 418.733 418.763 418.79 418.816 418.842 418.865 418.888 418.91 418.933 418.954 418.974 418.995 419.016 419.036 419.055 419.074 419.092 419.109 419.127 419.145 419.162 419.178 419.193 419.21
-9999.0 -9999.0 -9999.0 -9999.0 -9999.0 -9999.0 -9999.0 -9999.0 -9999.0 -9999.0 -9999.0 -9999.0 -9999.0 -9999.0 -9999.0 -9999.0 -9999.0 417.601 417.654 417.706 417.757 417.808 417.858 417.907 417.956 417.984 418.033 418.079 418.124 418.17 418.214 418.258 418.301 418.34 418.382 418.422 418.46 418.497 418.532 418.566 418.599 418.631 418.663 418.695 418.725 418.755 418.781 418.808 418.833 418.857 418.88 418.902 418.924 418.945 418.967 418.987 419.007 419.027 419.046 419.065 419.082 419.1 419.118 419.136 419.153 419.167 419.185
-9999.0 -9999.0 -9999.0 -9999.0 -9999.0 -9999.0 -9999.0 -9999.0 -9999.0 -9999.0 -9999.0 -9999.0 -9999.0 -9999.0 -9999.0 -9999.0 -9999.0 -9999.0 417.599 -9999.0 417.703 417.754 417.805 417.855 417.904 417.933 417.981 418.028 418.074 418.12 418.165 418.21 418.254 418.294 418.335 418.377 418.416 418.454 418.491 418.526 418.559 418.592 418.624 418.656 418.687 418.718 418.746 418.774 418.8 418.825 418.849 418.872 418.894 418.916 418.937 418.958 418.978 418.999 419.018 419.037 419.056 419.073 419.092 419.11 419.127 419.142 419.159
-9999.0 -9999.0 -9999.0 -9999.0 -9999.0 -9999.0 -9999.0 -9999.0 -9999.0 -9999.0 -9999.0 -9999.0 -9999.0 -9999.0 -9999.0 -9999.0 -9999.0 -9999.0 -9999.0 -9999.0 -9999.0 417.701 417.752 417.802 417.852 417.881 417.929 417.977 418.024 418.071 418.116 418.161 418.205 418.248 418.29 418.332 418.371 418.41 418.449 418.485 418.519 418.553 418.586 418.618 418.649 418.68 418.709 418.739 418.766 418.792 418.817 418.841 418.865 418.887 418.908 418.929 418.95 418.97 418.991 419.01 419.029 419.047 419.065 419.083 419.1 419.118 419.135
-9999.0 -9999.0 -9999.0 -9999.0 -9999.0 -9999.0 -9999.0 -9999.0 -9999.0 -9999.0 -9999.0 -9999.0 -9999.0 -9999.0 -9999.0 -9999.0 -9999.0 -9999.0 -9999.0 -9999.0 -9999.0 -9999.0 -9999.0 417.75 417.8 417.85 417.878 417.927 417.975 418.021 418.067 418.113 418.157 418.202 418.244 418.285 418.326 418.367 418.406 418.444 418.48 418.514 418.547 418.58 418.611 418.643 418.672 418.703 418.732 418.759 418.784 418.809 418.834 418.858 418.88 418.901 418.922 418.943 418.963 418.982 419.002 419.021 419.039 419.057 419.075 419.093 419.11
-9999.0 -9999.0 -9999.0 -9999.0 -9999.0 -9999.0 -9999.0 -9999.0 -9999.0 -9999.0 -9999.0 -9999.0 -9999.0 -9999.0 -9999.0 -9999.0 -9999.0 -9999.0 -9999.0 -9999.0 -9999.0 -9999.0 -9999.0 -9999.0 417.749 417.799 417.828 417.877 417.925 417.972 418.018 418.064 418.11 418.154 418.198 418.24 418.282 418.322 418.363 418.402 418.439 418.474 418.509 418.541 418.574 418.605 418.636 418.666 418.697 418.726 418.751 418.777 418.802 418.826 418.85 418.873 418.894 418.915 418.935 418.955 418.975 418.994 419.013 419.031 419.049 419.067 419.085
-9999.0 -9999.0 -9999.0 -9999.0 -9999.0 -9999.0 -9999.0 -9999.0 -9999.0 -9999.0 -9999.0 -9999.0 -9999.0 -9999.0 -9999.0 -9999.0 -9999.0 -9999.0 -9999.0 -9999.0 -9999.0 -9999.0 -9999.0 -9999.0 417.698 417.748 417.799 417.827 417.875 417.923 417.97 418.017 418.062 418.107 418.151 418.195 418.238 418.279 418.318 418.357 418.396 418.433 418.47 418.503 418.536 418.568 418.6 418.631 418.662 418.691 418.719 418.745 418.77 418.795 418.819 418.843 418.866 418.887 418.908 418.929 418.948 418.968 418.987 419.005 419.024 419.042 419.059
-9999.0 -9999.0 -9999.0 -9999.0 -9999.0 -9999.0 -9999.0 -9999.0 -9999.0 -9999.0 -9999.0 -9999.0 -9999.0 -9999.0 -9999.0 -9999.0 -9999.0 -9999.0 -9999.0 -9999.0 -9999.0 -9999.0 -9999.0 -9999.0 -9999.0 417.698 417.749 417.777 417.826 417.874 417.922 417.969 418.015 418.06 418.105 418.15 418.193 418.236 418.277 418.317 418.356 418.393 418.43 418.465 418.499 418.531 418.563 418.595 418.626 418.656 418.685 418.713 418.739 418.764 418.788 418.812 418.836 418.859 418.881 418.902 418.922 418.942 418.961 418.98 418.999 419.017 419.034
-9999.0 -9999.0 -9999.0 -9999.0 -9999.0 -9999.0 -9999.0 -9999.0 -9999.0 -9999.0 -9999.0 -9999.0 -9999.0 -9999.0 -9999.0 -9999.0 -9999.0 -9999.0 -9999.0 -9999.0 -9999.0 -9999.0 -9999.0 -9999.0 -9999.0 417.647 417.699 417.749 417.776 417.826 417.874 417.922 417.968 418.014 418.059 418.104 418.148 418.191 418.233 418.274 418.315 418.353 418.391 418.426 418.46 418.494 418.527 418.559 418.591 418.622 418.651 418.68 418.707 418.733 418.758 418.782 418.806 418.83 418.853 418.875 418.896 418.916 418.936 418.955 418.974 418.992 419.01
-9999.0 -9999.0 -9999.0 -9999.0 -9999.0 -9999.0 -9999.0 -9999.0 -9999.0 -9999.0 -9999.0 -9999.0 -9999.0 -9999.0 -9999.0 -9999.0 -9999.0 -9999.0 -9999.0 -9999.0 -9999.0 -9999.0 -9999.0 -9999.0 -9999.0 -9999.0 417.649 417.699 -9999.0 -9999.0 417.826 417.874 417.922 417.968 418.014 418.059 418.103 418.146 418.189 418.231 418.272 418.313 418.352 418.389 418.425 418.457 418.491 418.523 418.555 418.587 418.617 418.647 418.676 418.702 418.727 418.752 418.777 418.8 418.823 418.846 418.869 418.89 418.91 418.929 418.948 418.967 418.986
-9999.0 -9999.0 -9999.0 -9999.0 -9999.0 -9999.0 -9999.0 -9999.0 -9999.0 -9999.0 -9999.0 -9999.0 -9999.0 -9999.0 -9999.0 -9999.0 -9999.0 -9999.0 -9999.0 -9999.0 -9999.0 -9999.0 -9999.0 -9999.0 -9999.0 -9999.0 -9999.0 -9999.0 -9999.0 -9999.0 417.778 417.827 417.875 417.922 417.968 418.014 418.058 418.102 418.145 418.187 418.229 418.271 418.311 418.35 418.387 418.422 418.454 418.487 418.52 418.552 418.583 418.613 418.642 418.671 418.697 418.722 418.747 418.771 418.794 418.818 418.841 418.863 418.884 418.904 418.924 418.943 418.961
