static/jobfarm/user_models/minyf/common/HOME-GBHM/输出文件/Output/Grids/snowDepth20020224.asc
ncols 221
nrows 204
xllcorner -627000.0
yllcorner 3955000.0
cellsize 900.0
NODATA_value -9999.0
[rows 120 to 149 of 204, columns 134 to 200 of 221]
432.976 432.976 432.976 432.975 432.975 432.975 432.974 432.973 432.972 432.971 432.97 432.969 432.968 432.967 432.965 432.964 432.962 432.961 432.959 432.957 432.955 432.952 432.949 432.946 432.943 432.94 432.937 432.934 432.931 432.928 432.925 432.922 432.918 432.915 432.912 432.909 432.906 432.903 432.9 432.898 432.895 432.892 432.889 432.887 432.884 432.882 432.88 432.878 432.875 432.874 432.872 432.87 432.868 -9999.0 -9999.0 -9999.0 -9999.0 -9999.0 -9999.0 -9999.0 -9999.0 -9999.0 -9999.0 -9999.0 -9999.0 -9999.0 -9999.0
432.971 432.971 432.971 432.971 432.971 432.97 432.97 432.969 432.968 432.968 432.967 432.966 432.965 432.964 432.962 432.961 432.96 432.958 432.956 432.954 432.952 432.949 432.947 432.944 432.941 432.939 432.936 432.933 432.93 432.928 432.925 432.922 432.919 432.916 432.914 432.911 432.908 432.906 432.903 432.901 432.898 432.896 432.894 432.892 432.89 432.888 432.886 432.884 432.882 432.881 432.879 432.878 432.877 -9999.0 -9999.0 -9999.0 -9999.0 -9999.0 -9999.0 -9999.0 -9999.0 -9999.0 -9999.0 -9999.0 -9999.0 -9999.0 -9999.0
432.966 432.966 432.966 432.966 432.966 432.966 432.966 432.965 432.965 432.964 432.963 432.963 432.962 432.961 432.96 432.959 432.957 432.955 432.953 432.951 432.949 432.947 432.945 432.942 432.94 432.937 432.935 432.932 432.93 432.927 432.925 432.922 432.92 432.918 432.915 432.913 432.911 432.908 432.906 432.904 432.902 432.9 432.898 432.897 432.895 432.893 432.892 432.891 432.889 432.888 432.887 432.886 432.885 -9999.0 -9999.0 -9999.0 -9999.0 -9999.0 -9999.0 -9999.0 -9999.0 -9999.0 -9999.0 -9999.0 -9999.0 -9999.0 -9999.0
432.961 432.961 432.962 432.962 432.962 432.962 432.962 432.961 432.961 432.961 432.96 432.96 432.959 432.958 432.957 432.955 432.953 432.952 432.95 432.948 432.946 432.944 432.942 432.94 432.938 432.936 432.934 432.932 432.93 432.927 432.925 432.923 432.921 432.919 432.917 432.915 432.913 432.911 432.909 432.908 432.906 432.904 432.903 432.901 432.9 432.899 432.898 432.897 432.896 432.895 432.894 432.894 432.893 432.892 -9999.0 -9999.0 -9999.0 -9999.0 -9999.0 -9999.0 -9999.0 -9999.0 -9999.0 -9999.0 -9999.0 -9999.0 -9999.0
432.956 432.957 432.957 432.958 432.958 432.958 432.958 432.958 432.958 432.958 432.957 432.957 432.955 432.954 432.953 432.952 432.95 432.949 432.947 432.945 432.944 432.942 432.94 432.939 432.937 432.935 432.933 432.931 432.929 432.928 432.926 432.924 432.922 432.92 432.919 432.917 432.915 432.914 432.912 432.911 432.909 432.908 432.907 432.906 432.905 432.904 432.903 432.902 432.901 432.901 432.9 432.9 432.9 432.899 -9999.0 -9999.0 -9999.0 -9999.0 -9999.0 -9999.0 -9999.0 -9999.0 -9999.0 -9999.0 -9999.0 -9999.0 -9999.0
432.952 432.952 432.953 432.953 432.954 432.954 432.954 432.954 432.954 432.954 432.953 432.952 432.951 432.95 432.949 432.948 432.947 432.946 432.944 432.943 432.941 432.94 432.938 432.937 432.935 432.934 432.932 432.93 432.929 432.927 432.926 432.924 432.923 432.921 432.92 432.918 432.917 432.916 432.914 432.913 432.912 432.911 432.91 432.909 432.909 432.908 432.907 432.907 432.907 432.906 432.906 432.906 432.906 -9999.0 -9999.0 -9999.0 -9999.0 -9999.0 -9999.0 -9999.0 -9999.0 -9999.0 -9999.0 -9999.0 -9999.0 -9999.0 -9999.0
432.947 432.948 432.949 432.949 432.95 432.95 432.951 432.951 432.95 432.95 432.949 432.948 432.948 432.947 432.946 432.945 432.944 432.943 432.942 432.94 432.939 432.938 432.937 432.935 432.934 432.932 432.931 432.93 432.928 432.927 432.926 432.924 432.923 432.922 432.921 432.92 432.919 432.918 432.917 432.916 432.915 432.914 432.914 432.913 432.913 432.912 432.912 432.912 432.912 432.912 432.912 432.912 432.912 -9999.0 -9999.0 -9999.0 -9999.0 -9999.0 -9999.0 -9999.0 -9999.0 -9999.0 -9999.0 -9999.0 -9999.0 -9999.0 -9999.0
432.943 432.944 432.945 432.946 432.946 432.946 432.946 432.946 432.946 432.945 432.945 432.945 432.944 432.943 432.943 432.942 432.941 432.94 432.939 432.938 432.937 432.936 432.935 432.934 432.933 432.931 432.93 432.929 432.928 432.927 432.926 432.925 432.924 432.923 432.922 432.921 432.92 432.92 432.919 432.918 432.918 432.917 432.917 432.917 432.917 432.916 432.917 432.917 432.917 432.917 432.918 432.918 -9999.0 -9999.0 -9999.0 -9999.0 -9999.0 -9999.0 -9999.0 -9999.0 -9999.0 -9999.0 -9999.0 -9999.0 -9999.0 -9999.0 -9999.0
432.938 432.94 432.94 432.941 432.941 432.941 432.942 432.942 432.942 432.941 432.941 432.941 432.94 432.94 432.939 432.939 432.938 432.937 432.937 432.936 432.935 432.934 432.933 432.932 432.931 432.931 432.93 432.929 432.928 432.927 432.926 432.925 432.925 432.924 432.923 432.923 432.922 432.922 432.921 432.921 432.921 432.92 432.92 432.92 432.92 432.921 432.921 432.921 432.922 432.923 -9999.0 -9999.0 -9999.0 -9999.0 -9999.0 -9999.0 -9999.0 -9999.0 -9999.0 -9999.0 -9999.0 -9999.0 -9999.0 -9999.0 -9999.0 -9999.0 -9999.0
432.933 432.934 432.935 432.936 432.936 432.937 432.937 432.937 432.937 432.937 432.937 432.937 432.937 432.937 432.936 432.936 432.935 432.935 432.934 432.934 432.933 432.932 432.932 432.931 432.93 432.93 432.929 432.928 432.928 432.927 432.926 432.926 432.925 432.925 432.925 432.924 432.924 432.924 432.924 432.923 432.923 432.924 432.924 432.924 432.924 432.925 432.925 432.926 -9999.0 -9999.0 -9999.0 -9999.0 -9999.0 -9999.0 -9999.0 -9999.0 -9999.0 -9999.0 -9999.0 -9999.0 -9999.0 -9999.0 -9999.0 -9999.0 -9999.0 -9999.0 -9999.0
432.927 432.929 432.93 432.931 432.932 432.932 432.933 432.933 432.933 432.934 432.934 432.934 432.934 432.934 432.933 432.933 432.933 432.933 432.932 432.932 432.931 432.931 432.93 432.93 432.929 432.929 432.929 432.928 432.928 432.927 432.927 432.927 432.926 432.926 432.926 432.926 432.926 432.926 432.926 432.926 432.926 432.927 432.927 432.928 432.928 432.929 -9999.0 -9999.0 -9999.0 -9999.0 -9999.0 -9999.0 -9999.0 -9999.0 -9999.0 -9999.0 -9999.0 -9999.0 -9999.0 -9999.0 -9999.0 -9999.0 -9999.0 -9999.0 -9999.0 -9999.0 -9999.0
432.922 432.923 432.925 432.926 432.927 432.928 432.929 432.929 432.93 432.93 432.93 432.93 432.931 432.931 432.931 432.931 432.93 432.93 432.93 432.93 432.93 432.929 432.929 432.929 432.929 432.928 432.928 432.928 432.928 432.927 432.927 432.927 432.927 432.927 432.927 432.927 432.928 432.928 432.928 432.929 432.929 432.93 432.93 432.931 432.932 -9999.0 -9999.0 -9999.0 -9999.0 -9999.0 -9999.0 -9999.0 -9999.0 -9999.0 -9999.0 -9999.0 -9999.0 -9999.0 -9999.0 -9999.0 -9999.0 -9999.0 -9999.0 -9999.0 -9999.0 -9999.0 -9999.0
432.917 432.918 432.92 432.921 432.922 432.923 432.924 432.925 432.926 432.926 432.927 432.927 432.927 432.928 432.928 432.928 432.928 432.928 432.928 432.928 432.928 432.928 432.928 432.928 432.928 432.928 432.928 432.928 432.928 432.928 432.928 432.928 432.928 432.928 432.929 432.929 432.929 432.93 432.931 432.931 432.932 432.933 432.934 432.935 432.936 -9999.0 -9999.0 -9999.0 -9999.0 -9999.0 -9999.0 -9999.0 -9999.0 -9999.0 -9999.0 -9999.0 -9999.0 -9999.0 -9999.0 -9999.0 -9999.0 -9999.0 -9999.0 -9999.0 -9999.0 -9999.0 -9999.0
432.912 432.913 432.915 432.916 432.918 432.919 432.92 432.921 432.922 432.923 432.924 432.924 432.925 432.925 432.925 432.926 432.926 432.926 432.926 432.926 432.927 432.927 432.927 432.927 432.927 432.927 432.927 432.928 432.928 432.928 432.928 432.929 432.929 432.93 432.93 432.931 432.931 432.932 432.933 432.934 432.935 432.936 432.937 432.938 432.94 -9999.0 -9999.0 -9999.0 -9999.0 -9999.0 -9999.0 -9999.0 -9999.0 -9999.0 -9999.0 -9999.0 -9999.0 -9999.0 -9999.0 -9999.0 -9999.0 -9999.0 -9999.0 -9999.0 -9999.0 -9999.0 -9999.0
432.907 432.909 432.91 432.912 432.914 432.915 432.916 432.918 432.919 432.92 432.92 432.921 432.922 432.922 432.923 432.923 432.924 432.924 432.925 432.925 432.925 432.926 432.926 432.926 432.927 432.927 432.927 432.928 432.928 432.929 432.929 432.93 432.93 432.931 432.932 432.932 432.933 432.934 432.935 432.936 432.938 432.939 432.94 432.942 -9999.0 -9999.0 -9999.0 -9999.0 -9999.0 -9999.0 -9999.0 -9999.0 -9999.0 -9999.0 -9999.0 -9999.0 -9999.0 -9999.0 -9999.0 -9999.0 -9999.0 -9999.0 -9999.0 -9999.0 -9999.0 -9999.0 -9999.0
432.902 432.904 432.906 432.908 432.909 432.911 432.912 432.914 432.915 432.916 432.917 432.918 432.919 432.92 432.92 432.921 432.922 432.922 432.923 432.923 432.924 432.924 432.925 432.925 432.926 432.927 432.927 432.928 432.928 432.929 432.93 432.93 432.931 432.932 432.933 432.934 432.935 432.936 432.938 432.939 432.94 432.942 432.944 432.945 -9999.0 -9999.0 -9999.0 -9999.0 -9999.0 -9999.0 -9999.0 -9999.0 -9999.0 -9999.0 -9999.0 -9999.0 -9999.0 -9999.0 -9999.0 -9999.0 -9999.0 -9999.0 -9999.0 -9999.0 -9999.0 -9999.0 -9999.0
432.897 432.899 432.901 432.903 432.905 432.907 432.909 432.91 432.912 432.913 432.914 432.915 432.916 432.917 432.918 432.919 432.92 432.92 432.921 432.922 432.923 432.923 432.924 432.925 432.925 432.926 432.927 432.928 432.929 432.929 432.93 432.931 432.932 432.933 432.935 432.936 432.937 432.938 432.94 432.941 432.943 432.945 432.947 432.949 -9999.0 -9999.0 -9999.0 -9999.0 -9999.0 -9999.0 -9999.0 -9999.0 -9999.0 -9999.0 -9999.0 -9999.0 -9999.0 -9999.0 -9999.0 -9999.0 -9999.0 -9999.0 -9999.0 -9999.0 -9999.0 -9999.0 -9999.0
432.892 432.895 432.897 432.899 432.901 432.903 432.905 432.907 432.909 432.91 432.911 432.913 432.914 432.915 432.916 432.917 432.918 432.919 432.92 432.921 432.921 432.922 432.923 432.924 432.925 432.926 432.927 432.928 432.929 432.93 432.931 432.932 432.933 432.935 432.936 432.937 432.939 432.941 432.942 432.944 432.946 432.948 432.95 432.952 -9999.0 -9999.0 -9999.0 -9999.0 -9999.0 -9999.0 -9999.0 -9999.0 -9999.0 -9999.0 -9999.0 -9999.0 -9999.0 -9999.0 -9999.0 -9999.0 -9999.0 -9999.0 -9999.0 -9999.0 -9999.0 -9999.0 -9999.0
432.888 432.891 432.893 432.895 432.897 432.9 432.902 432.904 432.906 432.907 432.909 432.91 432.911 432.913 432.914 432.915 432.916 432.917 432.918 432.919 432.92 432.921 432.922 432.924 432.925 432.926 432.927 432.928 432.929 432.931 432.932 432.933 432.935 432.936 432.938 432.939 432.941 432.943 432.944 432.946 432.948 432.951 432.953 -9999.0 -9999.0 -9999.0 -9999.0 -9999.0 -9999.0 -9999.0 -9999.0 -9999.0 -9999.0 -9999.0 -9999.0 -9999.0 -9999.0 -9999.0 -9999.0 -9999.0 -9999.0 -9999.0 -9999.0 -9999.0 -9999.0 -9999.0 -9999.0
432.884 432.886 432.889 432.891 432.894 432.896 432.898 432.9 432.902 432.904 432.906 432.908 432.909 432.91 432.912 432.913 432.914 432.916 432.917 432.918 432.919 432.921 432.922 432.923 432.924 432.926 432.927 432.928 432.93 432.931 432.933 432.934 432.936 432.937 432.939 432.941 432.943 432.945 432.947 432.949 432.951 432.953 432.956 -9999.0 -9999.0 -9999.0 -9999.0 -9999.0 -9999.0 -9999.0 -9999.0 -9999.0 -9999.0 -9999.0 -9999.0 -9999.0 -9999.0 -9999.0 -9999.0 -9999.0 -9999.0 -9999.0 -9999.0 -9999.0 -9999.0 -9999.0 -9999.0
432.879 432.882 432.885 432.888 432.89 432.893 432.895 432.897 432.9 432.902 432.903 432.905 432.907 432.908 432.91 432.911 432.913 432.914 432.916 432.917 432.918 432.92 432.921 432.923 432.924 432.925 432.927 432.928 432.93 432.932 432.933 432.935 432.937 432.939 432.94 432.942 432.944 432.947 432.949 432.951 432.953 432.956 432.959 -9999.0 -9999.0 -9999.0 -9999.0 -9999.0 -9999.0 -9999.0 -9999.0 -9999.0 -9999.0 -9999.0 -9999.0 -9999.0 -9999.0 -9999.0 -9999.0 -9999.0 -9999.0 -9999.0 -9999.0 -9999.0 -9999.0 -9999.0 -9999.0
432.875 432.878 432.881 432.884 432.887 432.889 432.892 432.894 432.897 432.899 432.901 432.903 432.904 432.906 432.908 432.909 432.911 432.913 432.914 432.916 432.917 432.919 432.92 432.922 432.924 432.925 432.927 432.929 432.93 432.932 432.934 432.936 432.938 432.94 432.942 432.944 432.946 432.949 432.951 432.953 432.956 -9999.0 -9999.0 -9999.0 -9999.0 -9999.0 -9999.0 -9999.0 -9999.0 -9999.0 -9999.0 -9999.0 -9999.0 -9999.0 -9999.0 -9999.0 -9999.0 -9999.0 -9999.0 -9999.0 -9999.0 -9999.0 -9999.0 -9999.0 -9999.0 -9999.0 -9999.0
432.871 432.874 432.877 432.88 432.883 432.886 432.889 432.891 432.894 432.896 432.898 432.9 432.902 432.904 432.906 432.908 432.909 432.911 432.913 432.915 432.916 432.918 432.92 432.922 432.923 432.925 432.927 432.929 432.931 432.933 432.935 432.937 432.939 432.941 432.943 432.946 432.948 432.95 432.953 432.956 -9999.0 -9999.0 -9999.0 -9999.0 -9999.0 -9999.0 -9999.0 -9999.0 -9999.0 -9999.0 -9999.0 -9999.0 -9999.0 -9999.0 -9999.0 -9999.0 -9999.0 -9999.0 -9999.0 -9999.0 -9999.0 -9999.0 -9999.0 -9999.0 -9999.0 -9999.0 -9999.0
432.867 432.87 432.874 432.877 432.88 432.883 432.886 432.888 432.891 432.894 432.896 432.898 432.9 432.902 432.904 432.906 432.908 432.91 432.912 432.914 432.916 432.917 432.919 432.921 432.923 432.925 432.927 432.929 432.931 432.933 432.935 432.938 432.94 432.942 432.945 432.947 432.95 432.952 432.955 -9999.0 -9999.0 -9999.0 -9999.0 -9999.0 -9999.0 -9999.0 -9999.0 -9999.0 -9999.0 -9999.0 -9999.0 -9999.0 -9999.0 -9999.0 -9999.0 -9999.0 -9999.0 -9999.0 -9999.0 -9999.0 -9999.0 -9999.0 -9999.0 -9999.0 -9999.0 -9999.0 -9999.0
432.863 432.867 432.87 432.873 432.876 432.88 432.883 432.886 432.889 432.891 432.894 432.896 432.898 432.9 432.902 432.904 432.907 432.909 432.911 432.913 432.915 432.917 432.919 432.921 432.923 432.925 432.927 432.929 432.932 432.934 432.936 432.939 432.941 432.943 432.946 432.949 432.951 432.954 -9999.0 -9999.0 -9999.0 -9999.0 -9999.0 -9999.0 -9999.0 -9999.0 -9999.0 -9999.0 -9999.0 -9999.0 -9999.0 -9999.0 -9999.0 -9999.0 -9999.0 -9999.0 -9999.0 -9999.0 -9999.0 -9999.0 -9999.0 -9999.0 -9999.0 -9999.0 -9999.0 -9999.0 -9999.0
432.859 432.863 432.866 432.87 432.873 432.877 432.88 432.883 432.886 432.889 432.891 432.894 432.896 432.898 432.901 432.903 432.905 432.907 432.909 432.912 432.914 432.916 432.918 432.92 432.923 432.925 432.927 432.93 432.932 432.934 432.937 432.939 432.942 432.945 432.947 432.95 432.953 -9999.0 -9999.0 -9999.0 -9999.0 -9999.0 -9999.0 -9999.0 -9999.0 -9999.0 -9999.0 -9999.0 -9999.0 -9999.0 -9999.0 -9999.0 -9999.0 -9999.0 -9999.0 -9999.0 -9999.0 -9999.0 -9999.0 -9999.0 -9999.0 -9999.0 -9999.0 -9999.0 -9999.0 -9999.0 -9999.0
432.856 432.859 432.863 432.867 432.87 432.874 432.877 432.88 432.883 432.887 432.889 432.892 432.894 432.897 432.899 432.901 432.904 432.906 432.908 432.911 432.913 432.915 432.918 432.92 432.922 432.925 432.927 432.93 432.932 432.935 432.937 432.94 432.943 432.946 432.948 432.951 -9999.0 -9999.0 -9999.0 -9999.0 -9999.0 -9999.0 -9999.0 -9999.0 -9999.0 -9999.0 -9999.0 -9999.0 -9999.0 -9999.0 -9999.0 -9999.0 -9999.0 -9999.0 -9999.0 -9999.0 -9999.0 -9999.0 -9999.0 -9999.0 -9999.0 -9999.0 -9999.0 -9999.0 -9999.0 -9999.0 -9999.0
432.852 432.856 432.86 432.863 432.867 432.871 432.874 432.878 432.881 432.884 432.887 432.89 432.892 432.895 432.897 432.9 432.902 432.905 432.907 432.91 432.912 432.915 432.917 432.92 432.922 432.925 432.927 432.93 432.933 432.935 432.938 432.941 432.944 432.947 432.95 432.953 -9999.0 -9999.0 -9999.0 -9999.0 -9999.0 -9999.0 -9999.0 -9999.0 -9999.0 -9999.0 -9999.0 -9999.0 -9999.0 -9999.0 -9999.0 -9999.0 -9999.0 -9999.0 -9999.0 -9999.0 -9999.0 -9999.0 -9999.0 -9999.0 -9999.0 -9999.0 -9999.0 -9999.0 -9999.0 -9999.0 -9999.0
432.848 432.852 432.856 432.86 432.864 432.868 432.871 432.875 432.879 432.882 432.885 432.888 432.89 432.893 432.896 432.898 432.901 432.904 432.906 432.909 432.911 432.914 432.917 432.919 432.922 432.925 432.927 432.93 432.933 432.936 432.939 432.942 432.945 432.948 432.951 -9999.0 -9999.0 -9999.0 -9999.0 -9999.0 -9999.0 -9999.0 -9999.0 -9999.0 -9999.0 -9999.0 -9999.0 -9999.0 -9999.0 -9999.0 -9999.0 -9999.0 -9999.0 -9999.0 -9999.0 -9999.0 -9999.0 -9999.0 -9999.0 -9999.0 -9999.0 -9999.0 -9999.0 -9999.0 -9999.0 -9999.0 -9999.0
432.845 432.849 432.853 432.857 432.861 432.865 432.869 432.873 432.876 432.88 432.883 432.886 432.888 432.891 432.894 432.897 432.9 432.902 432.905 432.908 432.911 432.913 432.916 432.919 432.922 432.925 432.927 432.93 432.933 432.936 432.939 432.942 432.945 432.949 432.952 432.955 -9999.0 -9999.0 -9999.0 -9999.0 -9999.0 -9999.0 -9999.0 -9999.0 -9999.0 -9999.0 -9999.0 -9999.0 -9999.0 -9999.0 -9999.0 -9999.0 -9999.0 -9999.0 -9999.0 -9999.0 -9999.0 -9999.0 -9999.0 -9999.0 -9999.0 -9999.0 -9999.0 -9999.0 -9999.0 -9999.0 -9999.0
