static/jobfarm/user_models/minyf/common/HOME-GBHM/输出文件/Output/Grids/snowmelt20020224.asc
ncols 221
nrows 204
xllcorner -627000.0
yllcorner 3955000.0
cellsize 900.0
NODATA_value -9999.0
[rows 33 to 65 of 204, columns 74 to 147 of 221]
3.072 3.071 3.071 3.07 3.069 3.068 3.067 3.066 3.065 3.064 3.063 3.062 3.061 3.059 3.058 3.057 3.055 3.054 3.052 3.051 3.049 3.047 3.045 3.044 3.042 3.04 3.038 3.035 3.033 3.031 3.029 3.027 3.024 3.022 3.019 3.017 3.015 3.013 3.01 3.008 3.006 3.004 3.002 2.999 2.997 2.995 -9999.0 -9999.0 -9999.0 -9999.0 -9999.0 -9999.0 -9999.0 -9999.0 -9999.0 -9999.0 -9999.0 -9999.0 -9999.0 -9999.0 -9999.0 -9999.0 -9999.0 -9999.0 -9999.0 -9999.0 -9999.0 -9999.0 -9999.0 -9999.0 -9999.0 -9999.0 -9999.0 -9999.0
3.077 3.076 3.075 3.074 3.073 3.072 3.071 3.07 3.069 3.068 3.066 3.065 3.064 3.063 3.061 3.06 3.058 3.057 3.055 3.053 3.052 3.05 3.048 3.046 3.044 3.042 3.04 3.038 3.035 3.033 3.031 3.028 3.026 3.023 3.021 3.019 3.017 3.014 3.012 3.01 3.008 3.005 3.003 3.001 2.998 -9999.0 -9999.0 -9999.0 -9999.0 -9999.0 -9999.0 -9999.0 -9999.0 -9999.0 -9999.0 -9999.0 -9999.0 -9999.0 -9999.0 -9999.0 -9999.0 -9999.0 -9999.0 -9999.0 -9999.0 -9999.0 -9999.0 -9999.0 -9999.0 -9999.0 -9999.0 -9999.0 -9999.0 -9999.0
3.081 3.08 3.079 3.078 3.077 3.076 3.075 3.074 3.072 3.071 3.07 3.069 3.067 3.066 3.064 3.063 3.061 3.06 3.058 3.056 3.054 3.052 3.05 3.048 3.046 3.044 3.042 3.04 3.038 3.034 3.032 3.03 3.028 3.026 3.023 3.021 3.019 3.016 3.014 3.012 3.009 3.007 3.004 3.002 3.0 -9999.0 -9999.0 -9999.0 -9999.0 -9999.0 -9999.0 -9999.0 -9999.0 -9999.0 -9999.0 -9999.0 -9999.0 -9999.0 -9999.0 -9999.0 -9999.0 -9999.0 -9999.0 -9999.0 -9999.0 -9999.0 -9999.0 -9999.0 -9999.0 -9999.0 -9999.0 -9999.0 -9999.0 -9999.0
3.086 3.084 3.083 3.082 3.081 3.08 3.079 3.077 3.076 3.075 3.074 3.072 3.071 3.069 3.068 3.066 3.064 3.063 3.061 3.059 3.057 3.055 3.053 3.051 3.049 3.047 3.044 3.041 3.039 3.037 3.035 3.032 3.03 3.028 3.025 3.023 3.021 3.018 3.016 3.013 3.011 3.009 3.006 3.004 3.001 2.999 -9999.0 -9999.0 -9999.0 -9999.0 -9999.0 -9999.0 -9999.0 -9999.0 -9999.0 -9999.0 -9999.0 -9999.0 -9999.0 -9999.0 -9999.0 -9999.0 -9999.0 -9999.0 -9999.0 -9999.0 -9999.0 -9999.0 -9999.0 -9999.0 -9999.0 -9999.0 -9999.0 -9999.0
3.09 3.089 3.088 3.086 3.085 3.084 3.083 3.081 3.08 3.079 3.077 3.076 3.074 3.072 3.071 3.069 3.067 3.066 3.064 3.062 3.06 3.058 3.056 3.053 3.05 3.048 3.046 3.043 3.041 3.039 3.037 3.035 3.032 3.03 3.028 3.025 3.023 3.02 3.018 3.015 3.013 3.01 3.008 3.005 3.003 3.0 -9999.0 -9999.0 -9999.0 -9999.0 -9999.0 -9999.0 -9999.0 -9999.0 -9999.0 -9999.0 -9999.0 -9999.0 -9999.0 -9999.0 -9999.0 -9999.0 -9999.0 -9999.0 -9999.0 -9999.0 -9999.0 -9999.0 -9999.0 -9999.0 -9999.0 -9999.0 -9999.0 -9999.0
3.093 3.092 3.091 3.089 3.088 3.086 3.085 3.084 3.082 3.081 3.079 3.078 3.076 3.074 3.073 3.071 3.069 3.067 3.065 3.063 3.061 3.059 3.056 3.054 3.053 3.05 3.048 3.046 3.044 3.042 3.039 3.037 3.035 3.032 3.03 3.027 3.025 3.022 3.02 3.017 3.015 3.012 3.01 3.007 3.005 3.002 3.0 2.997 2.995 2.993 2.99 2.988 -9999.0 -9999.0 -9999.0 -9999.0 -9999.0 -9999.0 -9999.0 -9999.0 -9999.0 -9999.0 -9999.0 -9999.0 -9999.0 -9999.0 -9999.0 -9999.0 -9999.0 -9999.0 -9999.0 -9999.0 -9999.0 -9999.0
3.097 3.096 3.094 3.093 3.091 3.09 3.088 3.087 3.085 3.084 3.082 3.08 3.079 3.077 3.075 3.073 3.071 3.069 3.067 3.065 3.063 3.062 3.06 3.058 3.056 3.053 3.051 3.049 3.047 3.044 3.042 3.04 3.037 3.035 3.032 3.03 3.027 3.024 3.022 3.019 3.017 3.014 3.011 3.009 3.006 3.004 3.001 2.999 2.996 2.994 2.992 2.99 2.987 -9999.0 -9999.0 -9999.0 -9999.0 -9999.0 -9999.0 -9999.0 -9999.0 -9999.0 -9999.0 -9999.0 -9999.0 -9999.0 -9999.0 -9999.0 -9999.0 -9999.0 -9999.0 -9999.0 -9999.0 -9999.0
3.102 3.1 3.099 3.097 3.096 3.094 3.092 3.091 3.089 3.088 3.086 3.084 3.082 3.08 3.079 3.077 3.074 3.072 3.071 3.069 3.067 3.065 3.063 3.061 3.059 3.057 3.054 3.052 3.05 3.047 3.045 3.042 3.04 3.037 3.035 3.032 3.029 3.027 3.024 3.021 3.019 3.016 3.013 3.011 3.008 3.005 3.003 3.0 2.998 2.996 2.993 2.991 2.989 -9999.0 -9999.0 -9999.0 -9999.0 -9999.0 -9999.0 -9999.0 -9999.0 -9999.0 -9999.0 -9999.0 -9999.0 -9999.0 -9999.0 -9999.0 -9999.0 -9999.0 -9999.0 -9999.0 -9999.0 -9999.0
3.106 3.105 3.103 3.101 3.1 3.098 3.096 3.095 3.093 3.091 3.089 3.087 3.085 3.083 3.082 3.08 3.078 3.076 3.074 3.072 3.07 3.068 3.066 3.064 3.062 3.06 3.057 3.055 3.052 3.05 3.047 3.045 3.042 3.04 3.037 3.034 3.032 3.029 3.026 3.023 3.021 3.018 3.015 3.013 3.01 3.007 3.005 3.002 3.0 2.997 2.995 2.992 2.99 2.988 -9999.0 -9999.0 -9999.0 -9999.0 -9999.0 -9999.0 -9999.0 -9999.0 -9999.0 -9999.0 -9999.0 -9999.0 -9999.0 -9999.0 -9999.0 -9999.0 -9999.0 -9999.0 -9999.0 -9999.0
3.11 3.109 3.107 3.105 3.103 3.102 3.1 3.098 3.096 3.094 3.093 3.091 3.089 3.088 3.086 3.084 3.082 3.08 3.078 3.076 3.074 3.072 3.07 3.068 3.065 3.063 3.06 3.058 3.055 3.053 3.05 3.048 3.045 3.042 3.04 3.037 3.034 3.031 3.028 3.026 3.023 3.02 3.017 3.015 3.012 3.009 3.006 3.004 3.001 2.999 2.996 2.994 2.992 -9999.0 -9999.0 -9999.0 -9999.0 -9999.0 -9999.0 -9999.0 -9999.0 -9999.0 -9999.0 -9999.0 -9999.0 -9999.0 -9999.0 -9999.0 -9999.0 -9999.0 -9999.0 -9999.0 -9999.0 -9999.0
3.115 3.113 3.111 3.11 3.108 3.106 3.104 3.103 3.101 3.099 3.097 3.096 3.094 3.092 3.09 3.088 3.086 3.084 3.082 3.08 3.078 3.076 3.073 3.071 3.069 3.066 3.064 3.061 3.059 3.056 3.053 3.051 3.048 3.045 3.042 3.039 3.037 3.034 3.031 3.028 3.025 3.022 3.019 3.017 3.014 3.011 3.008 3.006 3.003 3.0 2.998 2.995 2.993 -9999.0 -9999.0 -9999.0 -9999.0 -9999.0 -9999.0 -9999.0 -9999.0 -9999.0 -9999.0 -9999.0 -9999.0 -9999.0 -9999.0 -9999.0 -9999.0 -9999.0 -9999.0 -9999.0 -9999.0 -9999.0
3.12 3.118 3.117 3.115 3.113 3.111 3.11 3.108 3.106 3.104 3.102 3.1 3.098 3.097 3.095 3.092 3.09 3.088 3.086 3.084 3.082 3.079 3.077 3.074 3.072 3.069 3.067 3.064 3.062 3.059 3.056 3.053 3.051 3.048 3.045 3.042 3.039 3.036 3.033 3.03 3.028 3.025 3.022 3.019 3.016 3.013 3.01 3.008 3.005 3.002 3.0 2.997 2.995 -9999.0 -9999.0 -9999.0 -9999.0 -9999.0 -9999.0 -9999.0 -9999.0 -9999.0 -9999.0 -9999.0 -9999.0 -9999.0 -9999.0 -9999.0 -9999.0 -9999.0 -9999.0 -9999.0 -9999.0 -9999.0
3.126 3.124 3.122 3.12 3.119 3.117 3.115 3.113 3.111 3.109 3.107 3.105 3.103 3.101 3.099 3.097 3.095 3.092 3.09 3.088 3.085 3.083 3.081 3.078 3.076 3.073 3.07 3.068 3.065 3.062 3.059 3.056 3.054 3.051 3.048 3.045 3.042 3.039 3.036 3.033 3.03 3.027 3.024 3.021 3.018 3.015 3.013 3.01 3.007 3.004 3.002 2.999 2.996 2.994 -9999.0 -9999.0 -9999.0 -9999.0 -9999.0 -9999.0 -9999.0 -9999.0 -9999.0 -9999.0 -9999.0 -9999.0 -9999.0 -9999.0 -9999.0 -9999.0 -9999.0 -9999.0 -9999.0 -9999.0
3.132 3.13 3.128 3.126 3.124 3.122 3.12 3.118 3.116 3.114 3.112 3.11 3.108 3.106 3.103 3.101 3.099 3.097 3.094 3.092 3.089 3.087 3.084 3.082 3.079 3.076 3.074 3.071 3.068 3.065 3.062 3.06 3.057 3.054 3.051 3.048 3.045 3.042 3.039 3.036 3.033 3.03 3.027 3.024 3.021 3.018 3.015 3.012 3.009 3.006 3.004 3.001 2.998 2.996 2.993 -9999.0 -9999.0 2.986 2.984 -9999.0 -9999.0 -9999.0 -9999.0 -9999.0 -9999.0 -9999.0 -9999.0 -9999.0 -9999.0 -9999.0 -9999.0 -9999.0 -9999.0 -9999.0
3.138 3.136 3.134 3.132 3.13 3.128 3.126 3.124 3.121 3.119 3.117 3.115 3.113 3.11 3.108 3.106 3.103 3.101 3.098 3.096 3.093 3.091 3.088 3.085 3.083 3.08 3.077 3.074 3.072 3.069 3.066 3.063 3.06 3.057 3.054 3.051 3.048 3.044 3.041 3.038 3.035 3.032 3.029 3.026 3.023 3.02 3.017 3.014 3.011 3.008 3.006 3.003 3.0 2.998 2.995 -9999.0 -9999.0 2.988 2.985 -9999.0 -9999.0 -9999.0 -9999.0 -9999.0 -9999.0 -9999.0 -9999.0 -9999.0 -9999.0 -9999.0 -9999.0 -9999.0 -9999.0 -9999.0
3.145 3.142 3.14 3.138 3.136 3.133 3.131 3.129 3.127 3.124 3.122 3.12 3.117 3.115 3.113 3.11 3.108 3.105 3.103 3.1 3.097 3.095 3.092 3.089 3.087 3.084 3.081 3.078 3.075 3.072 3.069 3.066 3.063 3.06 3.057 3.054 3.051 3.047 3.044 3.041 3.038 3.035 3.032 3.029 3.026 3.023 3.02 3.017 3.014 3.011 3.008 3.005 3.002 3.0 2.997 2.994 2.992 2.989 2.987 -9999.0 -9999.0 -9999.0 -9999.0 -9999.0 -9999.0 -9999.0 -9999.0 -9999.0 -9999.0 -9999.0 -9999.0 -9999.0 -9999.0 -9999.0
3.151 3.149 3.146 3.144 3.142 3.139 3.137 3.134 3.132 3.13 3.127 3.125 3.122 3.12 3.117 3.115 3.112 3.11 3.107 3.104 3.102 3.099 3.096 3.093 3.09 3.087 3.085 3.082 3.079 3.076 3.072 3.069 3.066 3.063 3.06 3.057 3.054 3.05 3.047 3.044 3.041 3.038 3.035 3.031 3.028 3.025 3.022 3.019 3.016 3.013 3.01 3.007 3.005 3.002 2.999 2.996 2.994 2.991 2.989 -9999.0 -9999.0 -9999.0 -9999.0 -9999.0 -9999.0 -9999.0 -9999.0 -9999.0 -9999.0 -9999.0 -9999.0 -9999.0 -9999.0 -9999.0
3.157 3.155 3.152 3.15 3.147 3.145 3.143 3.14 3.138 3.135 3.132 3.13 3.127 3.125 3.122 3.12 3.117 3.114 3.111 3.109 3.106 3.103 3.1 3.097 3.094 3.091 3.088 3.085 3.082 3.079 3.076 3.073 3.07 3.066 3.063 3.06 3.057 3.054 3.05 3.047 3.044 3.041 3.037 3.034 3.031 3.028 3.025 3.022 3.019 3.016 3.013 3.01 3.007 3.004 3.001 2.999 2.996 2.993 2.991 2.988 2.986 2.983 -9999.0 -9999.0 -9999.0 -9999.0 -9999.0 -9999.0 -9999.0 -9999.0 -9999.0 -9999.0 -9999.0 -9999.0
3.164 3.161 3.159 3.156 3.153 3.151 3.148 3.146 3.143 3.14 3.138 3.135 3.132 3.13 3.127 3.124 3.122 3.119 3.116 3.113 3.11 3.107 3.104 3.101 3.098 3.095 3.092 3.089 3.086 3.083 3.08 3.076 3.073 3.07 3.067 3.063 3.06 3.057 3.054 3.05 3.047 3.044 3.04 3.037 3.034 3.031 3.028 3.024 3.021 3.018 3.015 3.012 3.009 3.006 3.004 3.001 2.998 2.995 2.993 2.99 2.988 2.985 -9999.0 -9999.0 -9999.0 -9999.0 -9999.0 -9999.0 -9999.0 -9999.0 -9999.0 -9999.0 -9999.0 -9999.0
3.17 3.168 3.165 3.162 3.159 3.157 3.154 3.151 3.149 3.146 3.143 3.14 3.138 3.135 3.132 3.129 3.126 3.123 3.121 3.118 3.115 3.112 3.109 3.106 3.102 3.099 3.096 3.093 3.09 3.087 3.083 3.08 3.077 3.074 3.07 3.067 3.064 3.06 3.057 3.054 3.05 3.047 3.044 3.04 3.037 3.034 3.031 3.027 3.024 3.021 3.018 3.015 3.012 3.009 3.006 3.003 3.0 2.998 2.995 2.992 2.99 2.987 -9999.0 -9999.0 -9999.0 -9999.0 -9999.0 -9999.0 -9999.0 -9999.0 -9999.0 -9999.0 -9999.0 -9999.0
3.177 3.174 3.171 3.168 3.166 3.163 3.16 3.157 3.154 3.151 3.149 3.146 3.143 3.14 3.137 3.134 3.131 3.128 3.125 3.122 3.119 3.116 3.113 3.11 3.107 3.103 3.1 3.097 3.094 3.09 3.087 3.084 3.081 3.077 3.074 3.07 3.067 3.064 3.06 3.057 3.054 3.05 3.047 3.043 3.04 3.037 3.034 3.03 3.027 3.024 3.021 3.018 3.015 3.012 3.009 3.006 3.003 3.0 2.997 2.994 2.992 -9999.0 -9999.0 -9999.0 -9999.0 -9999.0 -9999.0 -9999.0 -9999.0 -9999.0 -9999.0 -9999.0 -9999.0 -9999.0
3.184 3.181 3.178 3.175 3.172 3.169 3.166 3.163 3.16 3.157 3.154 3.151 3.148 3.145 3.142 3.139 3.136 3.133 3.13 3.127 3.124 3.121 3.117 3.114 3.111 3.108 3.104 3.101 3.098 3.094 3.091 3.088 3.084 3.081 3.078 3.074 3.071 3.067 3.064 3.06 3.057 3.054 3.05 3.047 3.043 3.04 3.037 3.033 3.03 3.027 3.024 3.021 3.017 3.014 3.011 3.008 3.005 3.003 3.0 2.997 2.994 -9999.0 -9999.0 -9999.0 -9999.0 -9999.0 -9999.0 -9999.0 -9999.0 -9999.0 -9999.0 -9999.0 -9999.0 -9999.0
3.19 3.187 3.184 3.181 3.178 3.175 3.172 3.169 3.166 3.163 3.16 3.157 3.153 3.15 3.147 3.144 3.141 3.138 3.135 3.132 3.128 3.125 3.122 3.119 3.115 3.112 3.109 3.105 3.102 3.099 3.095 3.092 3.088 3.085 3.081 3.078 3.074 3.071 3.067 3.064 3.061 3.057 3.054 3.05 3.047 3.043 3.04 3.037 3.033 3.03 3.027 3.024 3.02 3.017 3.014 3.011 3.008 3.005 3.002 2.999 2.997 2.994 -9999.0 -9999.0 -9999.0 -9999.0 -9999.0 -9999.0 -9999.0 -9999.0 -9999.0 -9999.0 -9999.0 -9999.0
3.197 3.194 3.191 3.187 3.184 3.181 3.178 3.175 3.172 3.168 3.165 3.162 3.159 3.156 3.153 3.149 3.146 3.143 3.14 3.136 3.133 3.13 3.127 3.123 3.12 3.116 3.113 3.11 3.106 3.103 3.099 3.096 3.092 3.089 3.085 3.082 3.078 3.075 3.071 3.068 3.064 3.061 3.057 3.054 3.05 3.047 3.043 3.04 3.037 3.033 3.03 3.027 3.024 3.02 3.017 3.014 3.011 3.008 3.005 3.002 2.999 2.996 2.993 2.991 2.988 -9999.0 -9999.0 -9999.0 -9999.0 -9999.0 -9999.0 -9999.0 -9999.0 -9999.0
3.204 3.201 3.197 3.194 3.191 3.187 3.184 3.181 3.177 3.174 3.171 3.168 3.164 3.161 3.158 3.155 3.151 3.148 3.145 3.141 3.138 3.135 3.131 3.128 3.124 3.121 3.117 3.114 3.111 3.107 3.104 3.1 3.096 3.093 3.089 3.086 3.082 3.079 3.075 3.072 3.068 3.064 3.061 3.057 3.054 3.05 3.047 3.044 3.04 3.037 3.033 3.03 3.027 3.024 3.02 3.017 3.014 3.011 3.008 3.005 3.002 2.999 2.996 2.993 2.99 2.988 -9999.0 -9999.0 -9999.0 -9999.0 -9999.0 -9999.0 -9999.0 -9999.0
3.211 3.207 3.204 3.2 3.197 3.194 3.19 3.187 3.183 3.18 3.177 3.173 3.17 3.167 3.163 3.16 3.157 3.153 3.15 3.146 3.143 3.139 3.136 3.133 3.129 3.126 3.122 3.119 3.115 3.111 3.108 3.104 3.101 3.097 3.094 3.09 3.086 3.083 3.079 3.076 3.072 3.068 3.065 3.061 3.058 3.054 3.051 3.047 3.044 3.04 3.037 3.034 3.03 3.027 3.024 3.021 3.017 3.014 3.011 3.008 3.005 3.002 2.999 2.996 2.993 2.99 -9999.0 -9999.0 -9999.0 -9999.0 -9999.0 -9999.0 -9999.0 -9999.0
3.218 3.214 3.211 3.207 3.203 3.2 3.196 3.193 3.189 3.186 3.183 3.179 3.176 3.172 3.169 3.165 3.162 3.158 3.155 3.151 3.148 3.144 3.141 3.137 3.134 3.13 3.127 3.123 3.12 3.116 3.112 3.109 3.105 3.101 3.098 3.094 3.09 3.087 3.083 3.08 3.076 3.072 3.069 3.065 3.062 3.058 3.055 3.051 3.048 3.044 3.041 3.037 3.034 3.031 3.027 3.024 3.021 3.018 3.014 3.011 3.008 3.005 3.002 2.999 2.996 2.993 -9999.0 -9999.0 -9999.0 -9999.0 -9999.0 -9999.0 -9999.0 -9999.0
3.225 3.221 3.217 3.214 3.21 3.206 3.203 3.199 3.196 3.192 3.188 3.185 3.181 3.178 3.174 3.171 3.167 3.164 3.16 3.157 3.153 3.149 3.146 3.142 3.139 3.135 3.131 3.128 3.124 3.12 3.117 3.113 3.11 3.106 3.102 3.098 3.095 3.091 3.087 3.084 3.08 3.077 3.073 3.069 3.066 3.062 3.058 3.055 3.051 3.048 3.044 3.041 3.038 3.034 3.031 3.028 3.024 3.021 3.018 3.015 3.011 3.008 3.005 3.002 2.999 2.996 -9999.0 -9999.0 2.987 -9999.0 -9999.0 -9999.0 -9999.0 -9999.0
3.232 3.228 3.224 3.22 3.217 3.213 3.209 3.205 3.202 3.198 3.194 3.191 3.187 3.184 3.18 3.176 3.173 3.169 3.165 3.162 3.158 3.155 3.151 3.147 3.144 3.14 3.136 3.133 3.129 3.125 3.121 3.118 3.114 3.11 3.107 3.103 3.099 3.096 3.092 3.088 3.084 3.081 3.077 3.073 3.07 3.066 3.063 3.059 3.055 3.052 3.048 3.045 3.042 3.038 3.035 3.031 3.028 3.025 3.021 3.018 3.015 3.012 3.009 3.005 3.002 2.999 2.996 2.993 2.99 2.987 2.984 -9999.0 -9999.0 -9999.0
3.239 3.235 3.231 3.227 3.223 3.219 3.216 3.212 3.208 3.204 3.201 3.197 3.193 3.189 3.186 3.182 3.178 3.175 3.171 3.167 3.163 3.16 3.156 3.152 3.149 3.145 3.141 3.137 3.134 3.13 3.126 3.123 3.119 3.115 3.111 3.108 3.104 3.1 3.096 3.093 3.089 3.085 3.081 3.078 3.074 3.07 3.067 3.063 3.06 3.056 3.053 3.049 3.046 3.042 3.039 3.035 3.032 3.029 3.025 3.022 3.019 3.015 3.012 3.009 3.006 3.003 2.999 2.996 2.993 2.99 2.987 2.983 -9999.0 2.977
3.246 3.242 3.238 3.234 3.23 3.226 3.222 3.218 3.214 3.21 3.207 3.203 3.199 3.195 3.191 3.188 3.184 3.18 3.176 3.173 3.169 3.165 3.161 3.158 3.154 3.15 3.146 3.142 3.139 3.135 3.131 3.127 3.124 3.12 3.116 3.112 3.108 3.105 3.101 3.097 3.093 3.09 3.086 3.082 3.079 3.075 3.071 3.068 3.064 3.06 3.057 3.053 3.05 3.046 3.043 3.039 3.036 3.033 3.029 3.026 3.023 3.019 3.016 3.013 3.009 3.006 3.003 3.0 2.996 2.993 2.99 2.987 2.983 2.98
3.253 3.249 3.245 3.241 3.237 3.233 3.229 3.225 3.221 3.217 3.213 3.209 3.205 3.201 3.197 3.193 3.19 3.186 3.182 3.178 3.174 3.171 3.167 3.163 3.159 3.155 3.151 3.148 3.144 3.14 3.136 3.132 3.128 3.125 3.121 3.117 3.113 3.109 3.106 3.102 3.098 3.094 3.091 3.087 3.083 3.079 3.076 3.072 3.068 3.065 3.061 3.058 3.054 3.051 3.047 3.044 3.04 3.037 3.033 3.03 3.027 3.023 3.02 3.017 3.013 3.01 3.007 3.003 3.0 2.997 2.993 2.99 2.987 2.983
3.261 3.256 3.252 3.248 3.244 3.239 3.235 3.231 3.227 3.223 3.219 3.215 3.211 3.207 3.203 3.199 3.195 3.192 3.188 3.184 3.18 3.176 3.172 3.168 3.164 3.161 3.157 3.153 3.149 3.145 3.141 3.137 3.133 3.13 3.126 3.122 3.118 3.114 3.11 3.107 3.103 3.099 3.095 3.092 3.088 3.084 3.08 3.077 3.073 3.069 3.066 3.062 3.059 3.055 3.052 3.048 3.045 3.041 3.038 3.034 3.031 3.028 3.024 3.021 3.017 3.014 3.011 3.007 3.004 3.001 2.997 2.994 2.99 2.987
