static/jobfarm/user_models/minyf/common/HOME-GBHM/输出文件/Output/Grids/snowDepth20020227.asc
ncols 221
nrows 204
xllcorner -627000.0
yllcorner 3955000.0
cellsize 900.0
NODATA_value -9999.0
[rows 120 to 149 of 204, columns 134 to 200 of 221]
419.381 419.382 419.432 419.382 419.382 419.431 419.431 419.377 419.425 419.423 419.421 419.419 419.416 419.405 419.407 419.406 419.404 419.401 419.398 419.392 419.336 419.381 419.376 419.368 419.359 419.299 419.349 419.343 419.335 419.333 419.327 419.319 419.312 419.303 419.295 419.287 419.28 419.273 419.262 419.239 419.242 419.236 419.225 419.215 419.204 419.191 419.186 419.18 419.171 419.16 419.147 419.131 419.127 -9999.0 -9999.0 -9999.0 -9999.0 -9999.0 -9999.0 -9999.0 -9999.0 -9999.0 -9999.0 -9999.0 -9999.0 -9999.0 -9999.0
419.37 419.37 419.421 419.371 419.371 419.421 419.42 419.417 419.365 419.363 419.409 419.406 419.403 419.395 419.396 419.395 419.393 419.389 419.387 419.381 419.376 419.372 419.366 419.358 419.297 419.345 419.343 419.337 419.329 419.324 419.318 419.312 419.305 419.296 419.288 419.28 419.272 419.264 419.253 419.231 419.236 419.228 419.219 419.208 419.198 419.185 419.182 419.173 419.162 419.151 419.134 419.13 419.124 -9999.0 -9999.0 -9999.0 -9999.0 -9999.0 -9999.0 -9999.0 -9999.0 -9999.0 -9999.0 -9999.0 -9999.0 -9999.0 -9999.0
419.408 419.408 419.409 419.409 419.41 419.41 419.359 419.406 419.405 419.404 419.35 419.345 419.392 419.386 419.386 419.385 419.382 419.378 419.325 419.37 419.315 419.311 419.355 419.294 419.292 419.339 419.336 419.33 419.323 419.317 419.31 419.304 419.297 419.289 419.281 419.272 419.262 419.257 419.242 419.224 419.229 419.22 419.213 419.201 419.188 419.182 419.174 419.164 419.153 419.141 419.127 419.124 419.117 -9999.0 -9999.0 -9999.0 -9999.0 -9999.0 -9999.0 -9999.0 -9999.0 -9999.0 -9999.0 -9999.0 -9999.0 -9999.0 -9999.0
419.396 419.397 419.347 419.399 419.4 419.4 419.397 419.348 419.345 419.395 419.393 419.389 419.333 419.378 419.374 419.375 419.372 419.368 419.314 419.359 419.355 419.351 419.343 419.335 419.335 419.332 419.328 419.322 419.316 419.31 419.303 419.297 419.29 419.281 419.272 419.263 419.254 419.243 419.225 419.227 419.224 419.215 419.203 419.194 419.18 419.176 419.166 419.156 419.143 419.129 419.126 419.119 419.11 419.1 -9999.0 -9999.0 -9999.0 -9999.0 -9999.0 -9999.0 -9999.0 -9999.0 -9999.0 -9999.0 -9999.0 -9999.0 -9999.0
419.385 419.385 419.336 419.337 419.389 419.388 419.387 419.387 419.387 419.386 419.385 419.382 419.377 419.37 419.364 419.362 419.361 419.356 419.354 419.348 419.344 419.339 419.282 419.278 419.327 419.324 419.32 419.315 419.309 419.302 419.295 419.288 419.28 419.271 419.263 419.254 419.246 419.236 419.217 419.22 419.215 419.207 419.195 419.181 419.175 419.167 419.157 419.144 419.13 419.126 419.119 419.11 419.1 419.091 -9999.0 -9999.0 -9999.0 -9999.0 -9999.0 -9999.0 -9999.0 -9999.0 -9999.0 -9999.0 -9999.0 -9999.0 -9999.0
419.374 419.375 419.377 419.377 419.378 419.377 419.377 419.377 419.377 419.374 419.374 419.373 419.369 419.364 419.308 419.3 419.347 419.345 419.343 419.341 419.282 419.278 419.275 419.273 419.321 419.317 419.312 419.306 419.3 419.293 419.285 419.276 419.269 419.262 419.254 419.245 419.235 419.222 419.209 419.207 419.205 419.196 419.183 419.171 419.164 419.157 419.145 419.131 419.124 419.116 419.109 419.1 419.088 -9999.0 -9999.0 -9999.0 -9999.0 -9999.0 -9999.0 -9999.0 -9999.0 -9999.0 -9999.0 -9999.0 -9999.0 -9999.0 -9999.0
419.363 419.365 419.367 419.368 419.368 419.367 419.367 419.366 419.365 419.363 419.362 419.362 419.359 419.355 419.35 419.345 419.29 419.334 419.332 419.278 419.274 419.322 419.32 419.318 419.314 419.309 419.303 419.298 419.289 419.282 419.275 419.267 419.26 419.253 419.245 419.236 419.226 419.214 419.202 419.197 419.193 419.185 419.173 419.161 419.153 419.144 419.132 419.127 419.117 419.108 419.099 419.09 419.083 -9999.0 -9999.0 -9999.0 -9999.0 -9999.0 -9999.0 -9999.0 -9999.0 -9999.0 -9999.0 -9999.0 -9999.0 -9999.0 -9999.0
419.353 419.354 419.356 419.358 419.358 419.357 419.355 419.354 419.354 419.353 419.352 419.351 419.348 419.344 419.341 419.338 419.334 419.325 419.323 419.27 419.268 419.317 419.314 419.31 419.306 419.301 419.293 419.287 419.28 419.273 419.266 419.258 419.251 419.244 419.237 419.227 419.218 419.206 419.191 419.187 419.183 419.173 419.161 419.152 419.142 419.133 419.125 419.118 419.109 419.1 419.092 419.084 -9999.0 -9999.0 -9999.0 -9999.0 -9999.0 -9999.0 -9999.0 -9999.0 -9999.0 -9999.0 -9999.0 -9999.0 -9999.0 -9999.0 -9999.0
419.341 419.344 419.346 419.347 419.347 419.346 419.345 419.344 419.343 419.342 419.341 419.341 419.339 419.334 419.332 419.329 419.324 419.318 419.313 419.263 419.312 419.309 419.306 419.303 419.298 419.292 419.285 419.277 419.27 419.264 419.257 419.25 419.243 419.236 419.226 419.219 419.21 419.195 419.181 419.181 419.173 419.161 419.152 419.143 419.133 419.126 419.119 419.11 419.102 419.093 -9999.0 -9999.0 -9999.0 -9999.0 -9999.0 -9999.0 -9999.0 -9999.0 -9999.0 -9999.0 -9999.0 -9999.0 -9999.0 -9999.0 -9999.0 -9999.0 -9999.0
419.279 419.332 419.334 419.336 419.336 419.336 419.335 419.334 419.333 419.331 419.331 419.33 419.327 419.325 419.322 419.318 419.313 419.309 419.305 419.305 419.303 419.251 419.298 419.293 419.287 419.28 419.273 419.266 419.26 419.255 419.248 419.24 419.233 419.226 419.218 419.209 419.2 419.186 419.171 419.166 419.162 419.152 419.143 419.136 419.127 419.12 419.111 419.102 -9999.0 -9999.0 -9999.0 -9999.0 -9999.0 -9999.0 -9999.0 -9999.0 -9999.0 -9999.0 -9999.0 -9999.0 -9999.0 -9999.0 -9999.0 -9999.0 -9999.0 -9999.0 -9999.0
419.316 419.32 419.323 419.325 419.326 419.326 419.325 419.325 419.324 419.322 419.321 419.319 419.317 419.315 419.313 419.309 419.305 419.301 419.297 419.245 419.244 419.291 419.286 419.281 419.276 419.269 419.263 419.257 419.253 419.247 419.24 419.231 419.224 419.217 419.208 419.199 419.19 419.181 419.166 419.153 419.152 419.143 419.137 419.129 419.121 419.113 -9999.0 -9999.0 -9999.0 -9999.0 -9999.0 -9999.0 -9999.0 -9999.0 -9999.0 -9999.0 -9999.0 -9999.0 -9999.0 -9999.0 -9999.0 -9999.0 -9999.0 -9999.0 -9999.0 -9999.0 -9999.0
419.312 419.307 419.31 419.314 419.316 419.316 419.315 419.315 419.315 419.313 419.312 419.31 419.309 419.306 419.304 419.301 419.297 419.293 419.289 419.286 419.283 419.279 419.275 419.269 419.264 419.259 419.254 419.198 419.244 419.238 419.231 419.223 419.215 419.207 419.197 419.189 419.181 419.173 419.161 419.144 419.144 419.137 419.129 419.121 419.113 -9999.0 -9999.0 -9999.0 -9999.0 -9999.0 -9999.0 -9999.0 -9999.0 -9999.0 -9999.0 -9999.0 -9999.0 -9999.0 -9999.0 -9999.0 -9999.0 -9999.0 -9999.0 -9999.0 -9999.0 -9999.0 -9999.0
419.301 419.298 419.298 419.304 419.306 419.305 419.305 419.305 419.306 419.305 419.303 419.302 419.3 419.297 419.294 419.292 419.288 419.285 419.28 419.277 419.273 419.268 419.264 419.259 419.255 419.25 419.245 419.24 419.235 419.23 419.222 419.214 419.205 419.197 419.186 419.178 419.17 419.161 419.147 419.135 419.135 419.129 419.121 419.113 419.105 -9999.0 -9999.0 -9999.0 -9999.0 -9999.0 -9999.0 -9999.0 -9999.0 -9999.0 -9999.0 -9999.0 -9999.0 -9999.0 -9999.0 -9999.0 -9999.0 -9999.0 -9999.0 -9999.0 -9999.0 -9999.0 -9999.0
419.291 419.29 419.289 419.289 419.295 419.295 419.295 419.295 419.296 419.296 419.295 419.293 419.291 419.288 419.285 419.283 419.279 419.275 419.271 419.268 419.264 419.26 419.255 419.251 419.247 419.242 419.238 419.232 419.227 419.22 419.211 419.203 419.196 419.187 419.177 419.169 419.16 419.15 419.137 419.127 419.123 419.119 419.112 419.105 419.097 -9999.0 -9999.0 -9999.0 -9999.0 -9999.0 -9999.0 -9999.0 -9999.0 -9999.0 -9999.0 -9999.0 -9999.0 -9999.0 -9999.0 -9999.0 -9999.0 -9999.0 -9999.0 -9999.0 -9999.0 -9999.0 -9999.0
419.282 419.283 419.281 419.28 419.283 419.285 419.286 419.287 419.287 419.287 419.286 419.284 419.282 419.28 419.276 419.273 419.269 419.266 419.262 419.26 419.256 419.252 419.248 419.243 419.239 419.235 419.23 419.225 419.217 419.209 419.201 419.193 419.185 419.177 419.168 419.158 419.15 419.138 419.127 419.123 419.117 419.111 419.104 419.097 -9999.0 -9999.0 -9999.0 -9999.0 -9999.0 -9999.0 -9999.0 -9999.0 -9999.0 -9999.0 -9999.0 -9999.0 -9999.0 -9999.0 -9999.0 -9999.0 -9999.0 -9999.0 -9999.0 -9999.0 -9999.0 -9999.0 -9999.0
419.273 419.274 419.272 419.271 419.273 419.276 419.278 419.278 419.278 419.278 419.277 419.276 419.274 419.27 419.267 419.263 419.26 419.257 419.253 419.25 419.247 419.244 419.24 419.235 419.231 419.227 419.221 419.214 419.207 419.198 419.19 419.182 419.175 419.167 419.159 419.15 419.138 419.127 419.123 419.119 419.112 419.104 419.097 419.09 -9999.0 -9999.0 -9999.0 -9999.0 -9999.0 -9999.0 -9999.0 -9999.0 -9999.0 -9999.0 -9999.0 -9999.0 -9999.0 -9999.0 -9999.0 -9999.0 -9999.0 -9999.0 -9999.0 -9999.0 -9999.0 -9999.0 -9999.0
419.263 419.265 419.266 419.264 419.263 419.267 419.269 419.27 419.27 419.27 419.269 419.267 419.264 419.26 419.257 419.254 419.251 419.248 419.245 419.242 419.239 419.236 419.232 419.227 419.223 419.216 419.21 419.203 419.196 419.188 419.18 419.172 419.164 419.157 419.149 419.138 419.127 419.123 419.12 419.114 419.106 419.098 419.091 419.083 -9999.0 -9999.0 -9999.0 -9999.0 -9999.0 -9999.0 -9999.0 -9999.0 -9999.0 -9999.0 -9999.0 -9999.0 -9999.0 -9999.0 -9999.0 -9999.0 -9999.0 -9999.0 -9999.0 -9999.0 -9999.0 -9999.0 -9999.0
419.253 419.255 419.257 419.259 419.258 419.255 419.26 419.261 419.261 419.26 419.258 419.255 419.253 419.251 419.248 419.245 419.242 419.239 419.237 419.234 419.231 419.228 419.224 419.219 419.213 419.206 419.2 419.193 419.185 419.178 419.171 419.163 419.153 419.144 419.136 419.127 419.125 419.12 419.114 419.107 419.099 419.091 419.084 419.076 -9999.0 -9999.0 -9999.0 -9999.0 -9999.0 -9999.0 -9999.0 -9999.0 -9999.0 -9999.0 -9999.0 -9999.0 -9999.0 -9999.0 -9999.0 -9999.0 -9999.0 -9999.0 -9999.0 -9999.0 -9999.0 -9999.0 -9999.0
419.243 419.245 419.249 419.25 419.25 419.247 419.25 419.251 419.251 419.25 419.248 419.246 419.244 419.242 419.239 419.237 419.234 419.231 419.229 419.226 419.222 419.218 419.216 419.209 419.203 419.196 419.19 419.183 419.175 419.168 419.16 419.151 419.142 419.134 419.127 419.125 419.121 419.114 419.107 419.099 419.091 419.084 419.077 -9999.0 -9999.0 -9999.0 -9999.0 -9999.0 -9999.0 -9999.0 -9999.0 -9999.0 -9999.0 -9999.0 -9999.0 -9999.0 -9999.0 -9999.0 -9999.0 -9999.0 -9999.0 -9999.0 -9999.0 -9999.0 -9999.0 -9999.0 -9999.0
419.234 419.236 419.239 419.24 419.241 419.238 419.239 419.242 419.242 419.24 419.239 419.237 419.235 419.233 419.231 419.228 419.226 419.224 419.221 419.218 419.215 419.21 419.205 419.199 419.193 419.186 419.18 419.174 419.166 419.159 419.15 419.141 419.134 419.127 419.125 419.121 419.114 419.106 419.099 419.091 419.084 419.077 419.07 -9999.0 -9999.0 -9999.0 -9999.0 -9999.0 -9999.0 -9999.0 -9999.0 -9999.0 -9999.0 -9999.0 -9999.0 -9999.0 -9999.0 -9999.0 -9999.0 -9999.0 -9999.0 -9999.0 -9999.0 -9999.0 -9999.0 -9999.0 -9999.0
419.226 419.227 419.228 419.229 419.228 419.228 419.229 419.231 419.232 419.231 419.23 419.228 419.227 419.225 419.223 419.22 419.218 419.216 419.214 419.211 419.206 419.201 419.195 419.19 419.184 419.178 419.171 419.164 419.157 419.151 419.14 419.134 419.128 419.122 419.119 419.113 419.106 419.099 419.091 419.084 419.077 419.07 419.063 -9999.0 -9999.0 -9999.0 -9999.0 -9999.0 -9999.0 -9999.0 -9999.0 -9999.0 -9999.0 -9999.0 -9999.0 -9999.0 -9999.0 -9999.0 -9999.0 -9999.0 -9999.0 -9999.0 -9999.0 -9999.0 -9999.0 -9999.0 -9999.0
419.216 419.217 419.218 419.218 419.218 419.219 419.219 419.221 419.222 419.222 419.221 419.22 419.218 419.217 419.215 419.212 419.211 419.209 419.206 419.202 419.197 419.192 419.186 419.181 419.175 419.169 419.163 419.156 419.148 419.14 419.132 419.127 419.122 419.117 419.111 419.105 419.098 419.092 419.085 419.078 419.071 -9999.0 -9999.0 -9999.0 -9999.0 -9999.0 -9999.0 -9999.0 -9999.0 -9999.0 -9999.0 -9999.0 -9999.0 -9999.0 -9999.0 -9999.0 -9999.0 -9999.0 -9999.0 -9999.0 -9999.0 -9999.0 -9999.0 -9999.0 -9999.0 -9999.0 -9999.0
419.206 419.207 419.208 419.209 419.21 419.21 419.21 419.212 419.213 419.214 419.213 419.212 419.21 419.209 419.207 419.205 419.203 419.201 419.197 419.193 419.188 419.183 419.178 419.173 419.167 419.161 419.154 419.148 419.139 419.131 419.127 419.123 419.117 419.111 419.105 419.098 419.092 419.085 419.078 419.072 -9999.0 -9999.0 -9999.0 -9999.0 -9999.0 -9999.0 -9999.0 -9999.0 -9999.0 -9999.0 -9999.0 -9999.0 -9999.0 -9999.0 -9999.0 -9999.0 -9999.0 -9999.0 -9999.0 -9999.0 -9999.0 -9999.0 -9999.0 -9999.0 -9999.0 -9999.0 -9999.0
419.196 419.198 419.199 419.2 419.201 419.202 419.201 419.203 419.204 419.206 419.205 419.204 419.202 419.201 419.199 419.198 419.195 419.192 419.188 419.184 419.179 419.174 419.17 419.164 419.158 419.152 419.146 419.139 419.131 419.124 419.122 419.117 419.111 419.105 419.098 419.092 419.085 419.079 419.072 -9999.0 -9999.0 -9999.0 -9999.0 -9999.0 -9999.0 -9999.0 -9999.0 -9999.0 -9999.0 -9999.0 -9999.0 -9999.0 -9999.0 -9999.0 -9999.0 -9999.0 -9999.0 -9999.0 -9999.0 -9999.0 -9999.0 -9999.0 -9999.0 -9999.0 -9999.0 -9999.0 -9999.0
419.187 419.189 419.191 419.192 419.193 419.193 419.193 419.193 419.196 419.198 419.197 419.196 419.195 419.194 419.192 419.189 419.186 419.182 419.178 419.174 419.17 419.165 419.16 419.154 419.149 419.144 419.138 419.131 419.123 419.121 419.117 419.112 419.106 419.099 419.092 419.086 419.079 419.073 -9999.0 -9999.0 -9999.0 -9999.0 -9999.0 -9999.0 -9999.0 -9999.0 -9999.0 -9999.0 -9999.0 -9999.0 -9999.0 -9999.0 -9999.0 -9999.0 -9999.0 -9999.0 -9999.0 -9999.0 -9999.0 -9999.0 -9999.0 -9999.0 -9999.0 -9999.0 -9999.0 -9999.0 -9999.0
419.178 419.18 419.182 419.183 419.184 419.185 419.185 419.186 419.186 419.188 419.189 419.188 419.187 419.186 419.183 419.18 419.176 419.173 419.169 419.165 419.161 419.157 419.152 419.146 419.14 419.135 419.128 419.122 419.118 419.115 419.111 419.105 419.099 419.093 419.086 419.08 419.074 -9999.0 -9999.0 -9999.0 -9999.0 -9999.0 -9999.0 -9999.0 -9999.0 -9999.0 -9999.0 -9999.0 -9999.0 -9999.0 -9999.0 -9999.0 -9999.0 -9999.0 -9999.0 -9999.0 -9999.0 -9999.0 -9999.0 -9999.0 -9999.0 -9999.0 -9999.0 -9999.0 -9999.0 -9999.0 -9999.0
419.169 419.171 419.173 419.175 419.176 419.177 419.178 419.178 419.178 419.178 419.179 419.179 419.178 419.177 419.174 419.171 419.168 419.165 419.161 419.157 419.153 419.149 419.143 419.138 419.132 419.126 419.12 419.116 419.114 419.109 419.104 419.099 419.093 419.087 419.081 419.075 -9999.0 -9999.0 -9999.0 -9999.0 -9999.0 -9999.0 -9999.0 -9999.0 -9999.0 -9999.0 -9999.0 -9999.0 -9999.0 -9999.0 -9999.0 -9999.0 -9999.0 -9999.0 -9999.0 -9999.0 -9999.0 -9999.0 -9999.0 -9999.0 -9999.0 -9999.0 -9999.0 -9999.0 -9999.0 -9999.0 -9999.0
419.16 419.163 419.165 419.167 419.168 419.17 419.17 419.171 419.171 419.171 419.17 419.169 419.169 419.167 419.165 419.162 419.159 419.156 419.153 419.149 419.145 419.14 419.136 419.13 419.124 419.118 419.114 419.11 419.107 419.103 419.098 419.093 419.087 419.081 419.076 419.07 -9999.0 -9999.0 -9999.0 -9999.0 -9999.0 -9999.0 -9999.0 -9999.0 -9999.0 -9999.0 -9999.0 -9999.0 -9999.0 -9999.0 -9999.0 -9999.0 -9999.0 -9999.0 -9999.0 -9999.0 -9999.0 -9999.0 -9999.0 -9999.0 -9999.0 -9999.0 -9999.0 -9999.0 -9999.0 -9999.0 -9999.0
419.151 419.154 419.157 419.159 419.161 419.162 419.163 419.163 419.164 419.163 419.161 419.161 419.16 419.158 419.156 419.153 419.151 419.148 419.144 419.14 419.136 419.132 419.128 419.123 419.116 419.112 419.108 419.104 419.1 419.096 419.091 419.087 419.082 419.076 419.071 -9999.0 -9999.0 -9999.0 -9999.0 -9999.0 -9999.0 -9999.0 -9999.0 -9999.0 -9999.0 -9999.0 -9999.0 -9999.0 -9999.0 -9999.0 -9999.0 -9999.0 -9999.0 -9999.0 -9999.0 -9999.0 -9999.0 -9999.0 -9999.0 -9999.0 -9999.0 -9999.0 -9999.0 -9999.0 -9999.0 -9999.0 -9999.0
419.142 419.145 419.149 419.151 419.153 419.154 419.156 419.156 419.156 419.155 419.153 419.152 419.151 419.15 419.147 419.145 419.142 419.139 419.136 419.133 419.129 419.125 419.121 419.117 419.11 419.106 419.102 419.098 419.094 419.09 419.085 419.08 419.076 419.071 419.066 419.06 -9999.0 -9999.0 -9999.0 -9999.0 -9999.0 -9999.0 -9999.0 -9999.0 -9999.0 -9999.0 -9999.0 -9999.0 -9999.0 -9999.0 -9999.0 -9999.0 -9999.0 -9999.0 -9999.0 -9999.0 -9999.0 -9999.0 -9999.0 -9999.0 -9999.0 -9999.0 -9999.0 -9999.0 -9999.0 -9999.0 -9999.0
