static/jobfarm/user_models/minyf/common/HOME-GBHM/输出文件/Output/Grids/snowmelt20020223.asc
ncols 221
nrows 204
xllcorner -627000.0
yllcorner 3955000.0
cellsize 900.0
NODATA_value -9999.0
[rows 33 to 65 of 204, columns 0 to 73 of 221]
-9999.0 -9999.0 -9999.0 -9999.0 -9999.0 -9999.0 -9999.0 -9999.0 -9999.0 -9999.0 -9999.0 -9999.0 -9999.0 -9999.0 -9999.0 -9999.0 -9999.0 -9999.0 -9999.0 -9999.0 -9999.0 -9999.0 -9999.0 -9999.0 -9999.0 -9999.0 -9999.0 -9999.0 -9999.0 -9999.0 -9999.0 -9999.0 -9999.0 -9999.0 5.135 5.129 5.123 5.118 5.113 5.108 5.104 5.1 5.096 5.093 5.09 5.088 5.086 5.084 5.083 5.082 5.081 5.081 5.082 5.082 5.083 5.085 5.087 5.089 5.092 5.095 5.099 5.103 5.107 5.112 5.117 5.123 5.129 5.135 5.142 5.149 5.157 5.165 5.173 5.181
-9999.0 -9999.0 -9999.0 -9999.0 -9999.0 -9999.0 -9999.0 -9999.0 -9999.0 -9999.0 -9999.0 -9999.0 -9999.0 -9999.0 -9999.0 -9999.0 -9999.0 -9999.0 -9999.0 -9999.0 -9999.0 -9999.0 -9999.0 -9999.0 -9999.0 -9999.0 -9999.0 -9999.0 -9999.0 -9999.0 -9999.0 -9999.0 -9999.0 5.157 5.151 5.145 5.139 5.134 5.129 5.125 5.12 5.116 5.113 5.11 5.107 5.104 5.102 5.101 5.099 5.099 5.098 5.098 5.098 5.099 5.1 5.102 5.103 5.106 5.109 5.112 5.115 5.119 5.124 5.128 5.133 5.139 5.145 5.151 5.158 5.165 5.172 5.18 5.188 5.196
-9999.0 -9999.0 -9999.0 -9999.0 -9999.0 -9999.0 -9999.0 -9999.0 -9999.0 -9999.0 -9999.0 -9999.0 -9999.0 -9999.0 -9999.0 -9999.0 -9999.0 -9999.0 -9999.0 -9999.0 -9999.0 -9999.0 -9999.0 -9999.0 -9999.0 -9999.0 -9999.0 -9999.0 -9999.0 -9999.0 -9999.0 -9999.0 -9999.0 5.174 5.167 5.161 5.156 5.151 5.146 5.141 5.137 5.133 5.13 5.126 5.124 5.121 5.119 5.117 5.116 5.115 5.115 5.115 5.115 5.116 5.117 5.118 5.12 5.122 5.125 5.128 5.132 5.135 5.14 5.144 5.149 5.155 5.161 5.167 5.173 5.18 5.187 5.195 5.203 5.211
-9999.0 -9999.0 -9999.0 -9999.0 -9999.0 -9999.0 -9999.0 -9999.0 -9999.0 -9999.0 -9999.0 -9999.0 -9999.0 -9999.0 -9999.0 -9999.0 -9999.0 -9999.0 -9999.0 -9999.0 -9999.0 -9999.0 -9999.0 -9999.0 -9999.0 -9999.0 -9999.0 -9999.0 -9999.0 -9999.0 -9999.0 -9999.0 -9999.0 -9999.0 5.184 5.178 5.172 5.167 5.162 5.158 5.154 5.15 5.146 5.143 5.14 5.138 5.136 5.134 5.133 5.132 5.132 5.131 5.132 5.132 5.133 5.135 5.137 5.139 5.142 5.145 5.148 5.152 5.156 5.16 5.165 5.171 5.176 5.182 5.189 5.195 5.203 5.21 5.218 5.226
-9999.0 -9999.0 -9999.0 -9999.0 -9999.0 -9999.0 -9999.0 -9999.0 -9999.0 -9999.0 -9999.0 -9999.0 -9999.0 -9999.0 -9999.0 -9999.0 -9999.0 -9999.0 -9999.0 -9999.0 -9999.0 -9999.0 -9999.0 -9999.0 -9999.0 -9999.0 -9999.0 -9999.0 -9999.0 -9999.0 -9999.0 -9999.0 -9999.0 -9999.0 -9999.0 5.194 5.189 5.184 5.179 5.174 5.17 5.166 5.163 5.16 5.157 5.155 5.153 5.151 5.15 5.149 5.148 5.148 5.148 5.149 5.15 5.152 5.153 5.155 5.158 5.161 5.164 5.168 5.172 5.177 5.181 5.187 5.192 5.198 5.204 5.211 5.218 5.225 5.232 5.24
-9999.0 -9999.0 -9999.0 -9999.0 -9999.0 -9999.0 -9999.0 -9999.0 -9999.0 -9999.0 -9999.0 -9999.0 -9999.0 -9999.0 -9999.0 -9999.0 -9999.0 -9999.0 -9999.0 -9999.0 -9999.0 -9999.0 -9999.0 -9999.0 -9999.0 -9999.0 -9999.0 -9999.0 -9999.0 -9999.0 -9999.0 -9999.0 -9999.0 -9999.0 -9999.0 5.211 5.205 5.2 5.196 5.191 5.187 5.183 5.18 5.177 5.174 5.172 5.169 5.168 5.167 5.166 5.165 5.165 5.165 5.166 5.167 5.168 5.17 5.172 5.174 5.177 5.181 5.184 5.188 5.192 5.197 5.202 5.208 5.213 5.219 5.226 5.233 5.24 5.247 5.255
-9999.0 -9999.0 -9999.0 -9999.0 -9999.0 -9999.0 -9999.0 -9999.0 -9999.0 -9999.0 -9999.0 -9999.0 -9999.0 -9999.0 -9999.0 -9999.0 -9999.0 -9999.0 -9999.0 -9999.0 -9999.0 -9999.0 -9999.0 -9999.0 -9999.0 -9999.0 -9999.0 -9999.0 -9999.0 -9999.0 -9999.0 -9999.0 -9999.0 -9999.0 -9999.0 5.227 5.222 5.216 5.212 5.207 5.203 5.199 5.196 5.193 5.19 5.188 5.186 5.184 5.183 5.182 5.181 5.181 5.181 5.182 5.183 5.184 5.186 5.188 5.19 5.193 5.196 5.2 5.204 5.208 5.212 5.217 5.223 5.228 5.234 5.24 5.247 5.254 5.261 5.268
-9999.0 -9999.0 -9999.0 -9999.0 -9999.0 -9999.0 -9999.0 -9999.0 -9999.0 -9999.0 -9999.0 -9999.0 -9999.0 -9999.0 -9999.0 -9999.0 -9999.0 -9999.0 -9999.0 -9999.0 -9999.0 -9999.0 -9999.0 -9999.0 -9999.0 -9999.0 -9999.0 -9999.0 -9999.0 -9999.0 -9999.0 -9999.0 -9999.0 -9999.0 5.254 5.246 5.24 5.234 5.229 5.224 5.22 5.216 5.213 5.21 5.207 5.205 5.203 5.201 5.2 5.199 5.198 5.198 5.198 5.199 5.2 5.201 5.203 5.205 5.207 5.21 5.213 5.216 5.22 5.224 5.228 5.233 5.238 5.244 5.25 5.256 5.262 5.269 5.276 5.283
-9999.0 -9999.0 -9999.0 -9999.0 -9999.0 -9999.0 -9999.0 -9999.0 -9999.0 -9999.0 -9999.0 -9999.0 -9999.0 -9999.0 -9999.0 -9999.0 -9999.0 -9999.0 -9999.0 -9999.0 -9999.0 -9999.0 -9999.0 -9999.0 -9999.0 -9999.0 -9999.0 -9999.0 -9999.0 -9999.0 -9999.0 -9999.0 -9999.0 -9999.0 -9999.0 5.266 5.259 5.253 5.247 5.242 5.237 5.233 5.229 5.226 5.224 5.221 5.219 5.217 5.216 5.215 5.215 5.214 5.214 5.215 5.216 5.217 5.218 5.22 5.223 5.225 5.228 5.231 5.235 5.239 5.243 5.248 5.253 5.258 5.264 5.27 5.276 5.283 5.289 5.296
-9999.0 -9999.0 -9999.0 -9999.0 -9999.0 -9999.0 -9999.0 -9999.0 -9999.0 -9999.0 -9999.0 -9999.0 -9999.0 -9999.0 -9999.0 -9999.0 -9999.0 -9999.0 -9999.0 -9999.0 -9999.0 -9999.0 -9999.0 -9999.0 -9999.0 -9999.0 -9999.0 -9999.0 -9999.0 -9999.0 -9999.0 -9999.0 -9999.0 -9999.0 -9999.0 5.286 5.279 5.273 5.267 5.261 5.256 5.251 5.247 5.243 5.24 5.238 5.236 5.234 5.233 5.232 5.231 5.231 5.231 5.231 5.232 5.233 5.235 5.236 5.239 5.241 5.244 5.247 5.251 5.255 5.259 5.263 5.268 5.273 5.279 5.285 5.291 5.297 5.303 5.31
-9999.0 -9999.0 -9999.0 -9999.0 -9999.0 -9999.0 -9999.0 -9999.0 -9999.0 -9999.0 -9999.0 -9999.0 -9999.0 -9999.0 -9999.0 -9999.0 -9999.0 -9999.0 -9999.0 -9999.0 -9999.0 5.434 -9999.0 -9999.0 -9999.0 -9999.0 -9999.0 -9999.0 -9999.0 -9999.0 -9999.0 -9999.0 -9999.0 -9999.0 5.312 5.305 5.299 5.292 5.286 5.281 5.276 5.271 5.266 5.262 5.259 5.256 5.253 5.251 5.25 5.249 5.248 5.248 5.248 5.248 5.249 5.25 5.251 5.253 5.255 5.257 5.26 5.263 5.267 5.27 5.274 5.279 5.283 5.288 5.294 5.299 5.305 5.311 5.318 5.324
-9999.0 -9999.0 -9999.0 -9999.0 -9999.0 -9999.0 -9999.0 -9999.0 -9999.0 -9999.0 -9999.0 -9999.0 -9999.0 -9999.0 -9999.0 -9999.0 5.513 5.501 5.488 5.477 5.465 5.453 5.442 5.431 5.421 5.41 5.4 -9999.0 -9999.0 -9999.0 -9999.0 -9999.0 -9999.0 -9999.0 5.332 5.325 5.318 5.312 5.306 5.3 5.295 5.29 5.286 5.282 5.278 5.275 5.272 5.27 5.267 5.266 5.264 5.264 5.264 5.264 5.265 5.266 5.267 5.269 5.271 5.273 5.276 5.279 5.282 5.286 5.29 5.294 5.298 5.303 5.308 5.314 5.32 5.325 5.332 5.338
-9999.0 -9999.0 -9999.0 -9999.0 -9999.0 -9999.0 -9999.0 -9999.0 -9999.0 -9999.0 -9999.0 -9999.0 -9999.0 -9999.0 5.559 5.546 5.533 5.52 5.508 5.496 5.484 5.473 5.462 5.451 5.44 5.43 5.42 5.41 -9999.0 -9999.0 -9999.0 -9999.0 5.367 5.359 5.352 5.345 5.338 5.332 5.326 5.32 5.315 5.31 5.305 5.301 5.298 5.294 5.291 5.289 5.287 5.285 5.284 5.282 5.282 5.282 5.282 5.282 5.283 5.284 5.286 5.289 5.291 5.294 5.297 5.301 5.304 5.309 5.313 5.318 5.323 5.328 5.333 5.339 5.345 5.351
-9999.0 -9999.0 -9999.0 -9999.0 -9999.0 -9999.0 -9999.0 -9999.0 -9999.0 -9999.0 -9999.0 -9999.0 -9999.0 -9999.0 5.578 5.565 5.553 5.54 5.528 5.516 5.504 5.493 5.482 5.471 5.46 5.45 5.44 5.43 5.421 5.412 5.403 5.394 5.386 5.379 5.371 5.364 5.358 5.351 5.345 5.34 5.334 5.329 5.325 5.321 5.317 5.314 5.311 5.308 5.306 5.304 5.302 5.301 5.301 5.3 5.3 5.301 5.302 5.303 5.304 5.306 5.308 5.311 5.314 5.317 5.321 5.325 5.329 5.333 5.338 5.343 5.349 5.355 5.36 5.367
-9999.0 -9999.0 -9999.0 -9999.0 -9999.0 -9999.0 -9999.0 -9999.0 -9999.0 -9999.0 -9999.0 -9999.0 5.625 5.611 5.598 5.585 5.572 5.56 5.548 5.536 5.524 5.513 5.501 5.491 5.48 5.47 5.46 5.45 5.44 5.431 5.423 5.414 5.406 5.398 5.391 5.384 5.377 5.371 5.365 5.359 5.354 5.349 5.344 5.34 5.336 5.333 5.33 5.327 5.325 5.323 5.321 5.32 5.319 5.319 5.319 5.319 5.32 5.321 5.322 5.324 5.326 5.329 5.331 5.334 5.338 5.342 5.346 5.35 5.355 5.36 5.365 5.37 5.376 5.382
-9999.0 -9999.0 -9999.0 -9999.0 -9999.0 -9999.0 -9999.0 -9999.0 -9999.0 -9999.0 -9999.0 -9999.0 -9999.0 5.631 5.618 5.605 5.592 5.58 5.568 5.556 5.544 5.532 5.521 5.51 5.5 5.489 5.479 5.47 5.46 5.451 5.442 5.434 5.426 5.418 5.411 5.404 5.397 5.39 5.384 5.379 5.373 5.368 5.364 5.36 5.356 5.352 5.349 5.346 5.344 5.342 5.34 5.339 5.338 5.338 5.337 5.338 5.338 5.339 5.34 5.342 5.344 5.346 5.349 5.352 5.355 5.358 5.362 5.366 5.371 5.376 5.381 5.386 5.391 5.397
-9999.0 -9999.0 -9999.0 -9999.0 -9999.0 -9999.0 -9999.0 -9999.0 -9999.0 -9999.0 -9999.0 -9999.0 -9999.0 5.651 5.638 5.625 5.612 5.6 5.588 5.576 5.564 5.552 5.541 5.53 5.52 5.509 5.499 5.489 5.48 5.471 5.462 5.454 5.446 5.438 5.43 5.423 5.416 5.41 5.404 5.398 5.393 5.388 5.383 5.379 5.375 5.371 5.368 5.365 5.363 5.361 5.359 5.358 5.357 5.356 5.356 5.356 5.356 5.357 5.358 5.359 5.361 5.363 5.366 5.369 5.372 5.375 5.379 5.383 5.387 5.391 5.396 5.401 5.407 5.412
-9999.0 -9999.0 -9999.0 -9999.0 -9999.0 -9999.0 -9999.0 -9999.0 -9999.0 -9999.0 -9999.0 -9999.0 -9999.0 5.671 5.658 5.645 5.632 5.62 5.608 5.596 5.584 5.572 5.561 5.55 5.54 5.529 5.519 5.509 5.5 5.491 5.482 5.473 5.465 5.457 5.45 5.443 5.436 5.429 5.423 5.418 5.412 5.407 5.402 5.398 5.394 5.39 5.387 5.384 5.382 5.379 5.378 5.376 5.375 5.374 5.374 5.374 5.374 5.375 5.376 5.377 5.379 5.381 5.383 5.385 5.388 5.392 5.395 5.399 5.403 5.407 5.412 5.417 5.422 5.427
-9999.0 -9999.0 -9999.0 -9999.0 -9999.0 -9999.0 -9999.0 -9999.0 -9999.0 -9999.0 -9999.0 -9999.0 -9999.0 5.692 5.678 5.665 5.653 5.64 5.628 5.616 5.604 5.592 5.581 5.57 5.559 5.549 5.539 5.529 5.52 5.511 5.502 5.493 5.485 5.477 5.469 5.462 5.455 5.449 5.443 5.437 5.431 5.426 5.421 5.417 5.413 5.409 5.406 5.403 5.4 5.398 5.396 5.394 5.393 5.392 5.392 5.392 5.392 5.392 5.393 5.394 5.396 5.398 5.4 5.402 5.405 5.408 5.411 5.415 5.419 5.423 5.427 5.432 5.437 5.442
-9999.0 -9999.0 -9999.0 -9999.0 -9999.0 -9999.0 -9999.0 -9999.0 -9999.0 -9999.0 -9999.0 -9999.0 5.725 5.712 5.699 5.686 5.673 5.66 5.648 5.636 5.624 5.612 5.601 5.59 5.579 5.569 5.559 5.549 5.54 5.53 5.521 5.513 5.505 5.497 5.489 5.482 5.475 5.468 5.462 5.456 5.451 5.445 5.441 5.436 5.432 5.428 5.425 5.422 5.419 5.416 5.414 5.413 5.411 5.41 5.41 5.409 5.41 5.41 5.411 5.412 5.413 5.415 5.416 5.419 5.421 5.424 5.427 5.431 5.434 5.438 5.442 5.447 5.451 5.456
-9999.0 -9999.0 -9999.0 -9999.0 -9999.0 -9999.0 -9999.0 -9999.0 -9999.0 5.625 5.611 5.597 5.584 5.57 5.557 5.544 5.531 5.518 5.506 5.494 5.482 5.47 5.459 5.448 5.437 5.427 5.417 5.407 5.397 5.388 5.379 5.37 5.362 5.354 5.347 5.339 5.332 5.326 5.319 5.313 5.308 5.302 5.298 5.293 5.289 5.285 5.281 5.278 5.275 5.273 5.271 5.269 5.267 5.266 5.266 5.265 5.265 5.265 5.266 5.267 5.268 5.269 5.271 5.273 5.276 5.278 5.281 5.284 5.288 5.291 5.295 5.3 5.304 5.309
-9999.0 -9999.0 -9999.0 -9999.0 -9999.0 -9999.0 -9999.0 -9999.0 -9999.0 5.65 5.633 5.619 5.605 5.591 5.578 5.565 5.552 5.539 5.527 5.515 5.503 5.491 5.48 5.469 5.458 5.448 5.437 5.428 5.418 5.409 5.4 5.391 5.383 5.375 5.367 5.36 5.352 5.346 5.339 5.333 5.328 5.322 5.317 5.313 5.308 5.304 5.301 5.298 5.295 5.292 5.29 5.288 5.286 5.285 5.284 5.284 5.283 5.283 5.284 5.284 5.285 5.287 5.288 5.29 5.292 5.295 5.298 5.301 5.304 5.308 5.311 5.315 5.319 5.324
-9999.0 -9999.0 -9999.0 -9999.0 -9999.0 -9999.0 -9999.0 -9999.0 -9999.0 5.674 5.657 5.64 5.623 5.61 5.597 5.583 5.571 5.558 5.545 5.533 5.521 5.51 5.498 5.487 5.476 5.466 5.455 5.446 5.436 5.426 5.417 5.409 5.4 5.392 5.384 5.377 5.37 5.363 5.357 5.351 5.345 5.339 5.334 5.33 5.325 5.321 5.317 5.314 5.311 5.308 5.306 5.304 5.302 5.301 5.3 5.299 5.299 5.299 5.299 5.299 5.3 5.301 5.303 5.305 5.307 5.309 5.311 5.314 5.317 5.321 5.324 5.328 5.332 5.336
-9999.0 -9999.0 -9999.0 -9999.0 -9999.0 -9999.0 -9999.0 -9999.0 -9999.0 5.698 5.681 5.664 5.648 5.631 5.618 5.605 5.592 5.579 5.567 5.554 5.542 5.531 5.519 5.508 5.497 5.487 5.476 5.466 5.457 5.447 5.438 5.429 5.421 5.413 5.405 5.397 5.39 5.383 5.377 5.37 5.365 5.359 5.354 5.349 5.345 5.34 5.337 5.333 5.33 5.327 5.325 5.323 5.321 5.319 5.318 5.317 5.317 5.316 5.317 5.317 5.318 5.319 5.32 5.321 5.323 5.325 5.328 5.33 5.333 5.336 5.34 5.343 5.347 5.351
-9999.0 -9999.0 -9999.0 -9999.0 -9999.0 -9999.0 -9999.0 -9999.0 -9999.0 5.723 5.705 5.689 5.672 5.655 5.639 5.626 5.613 5.6 5.588 5.575 5.563 5.552 5.54 5.529 5.518 5.507 5.497 5.487 5.477 5.468 5.458 5.45 5.441 5.433 5.425 5.417 5.41 5.403 5.397 5.39 5.384 5.379 5.374 5.369 5.364 5.36 5.356 5.352 5.349 5.346 5.343 5.341 5.339 5.338 5.336 5.335 5.335 5.334 5.334 5.334 5.335 5.336 5.337 5.338 5.34 5.342 5.344 5.346 5.349 5.352 5.355 5.358 5.362 5.366
-9999.0 -9999.0 -9999.0 -9999.0 -9999.0 -9999.0 -9999.0 -9999.0 5.764 5.747 5.73 5.713 5.696 5.68 5.663 5.647 5.632 5.619 5.606 5.594 5.582 5.57 5.558 5.547 5.536 5.525 5.515 5.505 5.495 5.486 5.476 5.467 5.459 5.45 5.442 5.435 5.427 5.42 5.414 5.407 5.401 5.396 5.39 5.385 5.381 5.376 5.372 5.368 5.365 5.362 5.359 5.357 5.355 5.353 5.352 5.35 5.35 5.349 5.349 5.349 5.349 5.35 5.351 5.352 5.354 5.355 5.357 5.36 5.362 5.365 5.368 5.371 5.374 5.378
-9999.0 -9999.0 -9999.0 -9999.0 -9999.0 -9999.0 -9999.0 -9999.0 5.789 5.772 5.754 5.737 5.72 5.704 5.688 5.671 5.656 5.64 5.627 5.615 5.603 5.591 5.579 5.568 5.557 5.546 5.536 5.526 5.516 5.506 5.497 5.488 5.479 5.471 5.463 5.455 5.447 5.44 5.434 5.427 5.421 5.415 5.41 5.405 5.4 5.395 5.391 5.387 5.384 5.381 5.378 5.375 5.373 5.371 5.37 5.368 5.367 5.367 5.366 5.366 5.366 5.367 5.368 5.369 5.37 5.371 5.373 5.375 5.378 5.38 5.383 5.386 5.389 5.392
-9999.0 -9999.0 -9999.0 -9999.0 -9999.0 -9999.0 -9999.0 -9999.0 5.814 5.796 5.779 5.762 5.745 5.728 5.712 5.696 5.68 5.664 5.649 5.634 5.621 5.609 5.598 5.586 5.575 5.564 5.554 5.544 5.534 5.524 5.514 5.505 5.497 5.488 5.48 5.472 5.465 5.457 5.451 5.444 5.438 5.432 5.426 5.421 5.416 5.412 5.407 5.403 5.4 5.397 5.394 5.391 5.388 5.386 5.385 5.383 5.382 5.381 5.381 5.381 5.381 5.381 5.381 5.382 5.383 5.385 5.386 5.388 5.39 5.393 5.395 5.398 5.401 5.404
-9999.0 -9999.0 -9999.0 -9999.0 -9999.0 -9999.0 -9999.0 -9999.0 -9999.0 5.821 5.803 5.786 5.769 5.752 5.736 5.72 5.704 5.688 5.672 5.657 5.642 5.63 5.619 5.607 5.596 5.585 5.574 5.564 5.554 5.544 5.535 5.526 5.517 5.508 5.5 5.492 5.484 5.477 5.47 5.464 5.457 5.451 5.446 5.44 5.435 5.431 5.426 5.422 5.418 5.415 5.412 5.409 5.406 5.404 5.402 5.401 5.4 5.399 5.398 5.397 5.397 5.397 5.398 5.398 5.399 5.401 5.402 5.404 5.406 5.408 5.41 5.413 5.415 5.418
-9999.0 -9999.0 -9999.0 -9999.0 -9999.0 -9999.0 -9999.0 -9999.0 -9999.0 -9999.0 5.828 5.81 5.793 5.777 5.76 5.744 5.728 5.712 5.696 5.681 5.666 5.651 5.64 5.628 5.617 5.606 5.595 5.585 5.574 5.565 5.555 5.546 5.537 5.528 5.52 5.512 5.504 5.497 5.49 5.483 5.477 5.47 5.465 5.459 5.454 5.449 5.445 5.441 5.437 5.433 5.43 5.427 5.424 5.422 5.42 5.418 5.417 5.416 5.415 5.414 5.414 5.414 5.414 5.414 5.415 5.416 5.417 5.419 5.421 5.423 5.425 5.427 5.43 5.432
-9999.0 -9999.0 -9999.0 -9999.0 -9999.0 -9999.0 -9999.0 -9999.0 -9999.0 -9999.0 -9999.0 5.835 5.818 5.801 5.784 5.768 5.752 5.736 5.72 5.705 5.69 5.675 5.66 5.646 5.635 5.624 5.613 5.603 5.592 5.582 5.573 5.563 5.554 5.546 5.537 5.529 5.521 5.514 5.507 5.5 5.493 5.487 5.481 5.476 5.47 5.465 5.461 5.456 5.452 5.449 5.445 5.442 5.439 5.437 5.435 5.433 5.431 5.43 5.429 5.428 5.428 5.427 5.428 5.428 5.428 5.429 5.43 5.432 5.433 5.435 5.437 5.439 5.441 5.444
-9999.0 -9999.0 -9999.0 -9999.0 -9999.0 -9999.0 -9999.0 -9999.0 -9999.0 -9999.0 -9999.0 5.859 5.842 5.825 5.808 5.792 5.775 5.759 5.744 5.728 5.713 5.698 5.684 5.669 5.656 5.644 5.633 5.623 5.613 5.603 5.593 5.583 5.574 5.565 5.557 5.549 5.541 5.533 5.526 5.519 5.512 5.506 5.5 5.494 5.489 5.484 5.479 5.475 5.47 5.467 5.463 5.46 5.457 5.454 5.452 5.45 5.448 5.447 5.446 5.445 5.444 5.444 5.443 5.444 5.444 5.445 5.445 5.447 5.448 5.449 5.451 5.453 5.455 5.458
-9999.0 -9999.0 -9999.0 -9999.0 -9999.0 -9999.0 -9999.0 -9999.0 -9999.0 -9999.0 -9999.0 -9999.0 5.866 5.849 5.832 5.816 5.799 5.783 5.767 5.752 5.737 5.722 5.707 5.693 5.679 5.665 5.651 5.641 5.63 5.62 5.61 5.601 5.592 5.583 5.574 5.566 5.558 5.55 5.543 5.536 5.529 5.522 5.516 5.51 5.505 5.5 5.495 5.49 5.486 5.482 5.478 5.475 5.472 5.469 5.467 5.464 5.463 5.461 5.46 5.458 5.458 5.457 5.457 5.457 5.457 5.457 5.458 5.459 5.46 5.462 5.463 5.465 5.467 5.469
