static/jobfarm/user_models/minyf/common/HOME-GBHM/输出文件/Output/Grids/soilWaterDepth20020223.asc
ncols 221
nrows 204
xllcorner -627000.0
yllcorner 3955000.0
cellsize 900.0
NODATA_value -9999.0
[rows 30 to 59 of 204, columns 0 to 66 of 221]
-9999.0 -9999.0 -9999.0 -9999.0 -9999.0 -9999.0 -9999.0 -9999.0 -9999.0 -9999.0 -9999.0 -9999.0 -9999.0 -9999.0 -9999.0 -9999.0 -9999.0 -9999.0 -9999.0 -9999.0 -9999.0 -9999.0 -9999.0 -9999.0 -9999.0 -9999.0 -9999.0 -9999.0 -9999.0 -9999.0 -9999.0 -9999.0 -9999.0 -9999.0 276.117 254.287 259.164 394.467 291.202 261.644 262.496 261.568 377.692 259.495 285.87 261.128 277.775 239.808 237.039 236.745 321.486 242.296 343.081 346.985 340.379 336.096 359.208 362.898 360.888 301.308 332.015 325.28 332.594 342.767 340.836 363.027 310.54
-9999.0 -9999.0 -9999.0 -9999.0 -9999.0 -9999.0 -9999.0 -9999.0 -9999.0 -9999.0 -9999.0 -9999.0 -9999.0 -9999.0 -9999.0 -9999.0 -9999.0 -9999.0 -9999.0 -9999.0 -9999.0 -9999.0 -9999.0 -9999.0 -9999.0 -9999.0 -9999.0 -9999.0 -9999.0 -9999.0 -9999.0 -9999.0 -9999.0 -9999.0 271.106 262.8 262.837 262.362 262.399 262.633 262.783 262.78 378.603 260.095 296.862 305.273 271.608 261.87 283.853 257.207 252.091 236.447 351.971 333.693 329.672 343.405 357.861 334.93 331.41 333.28 290.804 331.443 324.432 333.648 340.978 365.451 324.535
-9999.0 -9999.0 -9999.0 -9999.0 -9999.0 -9999.0 -9999.0 -9999.0 -9999.0 -9999.0 -9999.0 -9999.0 -9999.0 -9999.0 -9999.0 -9999.0 -9999.0 -9999.0 -9999.0 -9999.0 -9999.0 -9999.0 -9999.0 -9999.0 -9999.0 -9999.0 -9999.0 -9999.0 -9999.0 -9999.0 -9999.0 -9999.0 -9999.0 -9999.0 312.076 273.474 262.291 262.089 262.404 262.542 262.574 262.252 255.878 310.174 318.675 298.578 265.779 260.333 292.558 313.36 237.214 236.552 239.781 237.657 241.173 331.777 336.026 315.62 330.279 324.779 332.002 351.95 348.904 332.864 354.572 326.568 311.116
-9999.0 -9999.0 -9999.0 -9999.0 -9999.0 -9999.0 -9999.0 -9999.0 -9999.0 -9999.0 -9999.0 -9999.0 -9999.0 -9999.0 -9999.0 -9999.0 -9999.0 -9999.0 -9999.0 -9999.0 -9999.0 -9999.0 -9999.0 -9999.0 -9999.0 -9999.0 -9999.0 -9999.0 -9999.0 -9999.0 -9999.0 -9999.0 -9999.0 -9999.0 266.867 267.968 279.617 273.521 276.903 262.513 264.538 262.877 385.214 276.569 295.543 298.478 336.637 289.248 261.059 285.369 261.376 237.24 236.577 236.791 237.54 320.428 336.11 329.749 364.85 267.476 342.198 287.626 332.659 317.882 333.572 325.848 315.519
-9999.0 -9999.0 -9999.0 -9999.0 -9999.0 -9999.0 -9999.0 -9999.0 -9999.0 -9999.0 -9999.0 -9999.0 -9999.0 -9999.0 -9999.0 -9999.0 -9999.0 -9999.0 -9999.0 -9999.0 -9999.0 -9999.0 -9999.0 -9999.0 -9999.0 -9999.0 -9999.0 -9999.0 -9999.0 -9999.0 -9999.0 -9999.0 -9999.0 321.178 277.988 268.019 274.918 272.926 279.204 266.142 260.943 262.183 260.898 259.499 366.635 314.856 360.066 277.507 278.886 271.855 281.774 239.105 237.656 253.137 236.851 248.6 242.887 251.302 251.263 308.501 360.065 280.889 304.008 309.662 295.808 288.497 284.4
-9999.0 -9999.0 -9999.0 -9999.0 -9999.0 -9999.0 -9999.0 -9999.0 -9999.0 -9999.0 -9999.0 -9999.0 -9999.0 -9999.0 -9999.0 -9999.0 -9999.0 -9999.0 -9999.0 -9999.0 -9999.0 -9999.0 -9999.0 -9999.0 -9999.0 -9999.0 -9999.0 -9999.0 -9999.0 -9999.0 -9999.0 -9999.0 -9999.0 321.443 275.487 269.018 275.642 328.711 285.977 359.049 266.279 254.431 259.902 256.847 262.604 355.493 346.471 319.219 273.272 262.287 286.858 288.549 274.306 331.543 258.866 259.429 249.368 254.479 259.946 254.451 306.951 305.407 325.503 309.565 306.389 290.365 284.703
-9999.0 -9999.0 -9999.0 -9999.0 -9999.0 -9999.0 -9999.0 -9999.0 -9999.0 -9999.0 -9999.0 -9999.0 -9999.0 -9999.0 -9999.0 -9999.0 -9999.0 -9999.0 -9999.0 -9999.0 -9999.0 -9999.0 -9999.0 -9999.0 -9999.0 -9999.0 -9999.0 -9999.0 -9999.0 -9999.0 -9999.0 -9999.0 -9999.0 -9999.0 315.058 266.233 356.459 357.377 17.484 18.192 255.209 258.895 255.461 260.09 301.475 256.626 296.396 327.471 269.306 364.56 364.222 268.036 260.995 291.828 237.976 245.964 364.355 297.262 237.774 237.098 315.415 331.591 317.812 331.9 360.353 338.47 331.247
-9999.0 -9999.0 -9999.0 -9999.0 -9999.0 -9999.0 -9999.0 -9999.0 -9999.0 -9999.0 -9999.0 -9999.0 -9999.0 -9999.0 -9999.0 -9999.0 -9999.0 -9999.0 -9999.0 -9999.0 -9999.0 -9999.0 -9999.0 -9999.0 -9999.0 -9999.0 -9999.0 -9999.0 -9999.0 -9999.0 -9999.0 -9999.0 -9999.0 -9999.0 -9999.0 274.028 288.714 328.277 18.599 290.121 391.763 266.475 365.794 296.891 256.913 276.685 391.065 335.013 360.532 348.316 262.474 261.36 333.805 335.397 344.375 259.651 253.284 236.414 236.417 239.635 240.539 309.2 308.123 319.058 295.617 291.593 294.119
-9999.0 -9999.0 -9999.0 -9999.0 -9999.0 -9999.0 -9999.0 -9999.0 -9999.0 -9999.0 -9999.0 -9999.0 -9999.0 -9999.0 -9999.0 -9999.0 -9999.0 -9999.0 -9999.0 -9999.0 -9999.0 -9999.0 -9999.0 -9999.0 -9999.0 -9999.0 -9999.0 -9999.0 -9999.0 -9999.0 -9999.0 -9999.0 -9999.0 -9999.0 -9999.0 346.013 314.226 19.03 18.599 375.318 259.462 262.723 319.318 335.713 261.852 394.381 366.268 364.796 363.668 279.858 283.4 348.596 290.735 369.131 369.751 367.31 366.989 237.833 237.095 326.088 337.295 337.531 311.088 285.062 328.01 364.555 338.18
-9999.0 -9999.0 -9999.0 -9999.0 -9999.0 -9999.0 -9999.0 -9999.0 -9999.0 -9999.0 -9999.0 -9999.0 -9999.0 -9999.0 -9999.0 -9999.0 -9999.0 -9999.0 -9999.0 -9999.0 -9999.0 -9999.0 -9999.0 -9999.0 -9999.0 -9999.0 -9999.0 -9999.0 -9999.0 -9999.0 -9999.0 -9999.0 -9999.0 -9999.0 -9999.0 345.353 339.665 282.101 262.292 309.284 358.947 330.504 364.766 333.407 354.688 365.142 330.217 363.724 311.169 364.963 286.008 281.409 355.591 356.562 366.655 317.47 364.476 362.904 308.659 337.151 343.804 245.409 302.374 356.627 364.497 358.177 348.415
-9999.0 -9999.0 -9999.0 -9999.0 -9999.0 -9999.0 -9999.0 -9999.0 -9999.0 -9999.0 -9999.0 -9999.0 -9999.0 -9999.0 -9999.0 -9999.0 -9999.0 -9999.0 -9999.0 -9999.0 -9999.0 -9999.0 -9999.0 -9999.0 -9999.0 -9999.0 -9999.0 -9999.0 -9999.0 -9999.0 -9999.0 -9999.0 -9999.0 -9999.0 301.446 303.419 350.775 393.794 353.448 320.78 322.024 330.503 361.903 356.387 347.506 350.39 361.296 341.392 346.359 296.667 342.493 368.874 362.341 367.78 366.294 356.511 366.695 364.656 364.536 337.351 331.645 369.338 365.659 363.405 368.088 350.553 347.921
-9999.0 -9999.0 -9999.0 -9999.0 -9999.0 -9999.0 -9999.0 -9999.0 -9999.0 -9999.0 -9999.0 -9999.0 -9999.0 -9999.0 -9999.0 -9999.0 -9999.0 -9999.0 -9999.0 -9999.0 -9999.0 -9999.0 -9999.0 -9999.0 -9999.0 -9999.0 -9999.0 -9999.0 -9999.0 -9999.0 -9999.0 -9999.0 -9999.0 -9999.0 -9999.0 331.062 388.907 380.973 340.674 307.213 304.598 310.073 341.432 311.483 336.192 356.52 359.688 352.692 358.211 335.824 335.407 342.49 336.724 334.234 360.978 366.699 360.727 355.298 349.938 336.787 367.772 368.441 359.405 360.075 348.198 352.434 266.481
-9999.0 -9999.0 -9999.0 -9999.0 -9999.0 -9999.0 -9999.0 -9999.0 -9999.0 -9999.0 -9999.0 -9999.0 -9999.0 -9999.0 -9999.0 -9999.0 -9999.0 -9999.0 -9999.0 -9999.0 -9999.0 -9999.0 -9999.0 -9999.0 -9999.0 -9999.0 -9999.0 -9999.0 -9999.0 -9999.0 -9999.0 -9999.0 -9999.0 -9999.0 -9999.0 279.799 358.458 335.3 345.629 332.34 346.579 331.336 324.593 306.688 343.454 341.431 345.268 331.324 353.155 337.891 329.816 332.731 345.519 348.508 364.273 355.065 354.64 366.258 361.447 348.504 366.255 365.29 356.396 346.027 356.819 342.737 315.59
-9999.0 -9999.0 -9999.0 -9999.0 -9999.0 -9999.0 -9999.0 -9999.0 -9999.0 -9999.0 -9999.0 -9999.0 -9999.0 -9999.0 -9999.0 -9999.0 -9999.0 -9999.0 -9999.0 -9999.0 -9999.0 331.593 -9999.0 -9999.0 -9999.0 -9999.0 -9999.0 -9999.0 -9999.0 -9999.0 -9999.0 -9999.0 -9999.0 -9999.0 268.797 275.241 336.722 310.504 306.426 298.411 310.588 337.854 307.494 342.322 309.703 312.938 310.707 312.349 357.215 359.096 359.97 344.634 365.097 348.666 340.592 364.126 356.782 363.627 346.446 339.128 342.576 344.017 343.894 351.656 364.969 350.298 313.302
-9999.0 -9999.0 -9999.0 -9999.0 -9999.0 -9999.0 -9999.0 -9999.0 -9999.0 -9999.0 -9999.0 -9999.0 -9999.0 -9999.0 -9999.0 -9999.0 338.306 343.43 328.38 362.958 330.939 332.796 329.738 364.593 328.121 308.836 285.912 -9999.0 -9999.0 -9999.0 -9999.0 -9999.0 -9999.0 -9999.0 268.405 266.915 341.16 323.852 329.881 319.254 311.057 313.267 305.97 307.554 332.69 315.833 353.646 351.982 357.378 359.653 351.278 342.901 351.848 342.231 349.333 333.127 363.113 364.152 364.832 360.384 363.254 346.634 360.482 368.471 369.239 366.942 315.66
-9999.0 -9999.0 -9999.0 -9999.0 -9999.0 -9999.0 -9999.0 -9999.0 -9999.0 -9999.0 -9999.0 -9999.0 -9999.0 -9999.0 294.375 308.251 329.099 328.872 336.878 358.21 329.622 313.06 299.932 362.237 285.574 285.32 287.161 294.581 -9999.0 -9999.0 -9999.0 -9999.0 270.823 268.482 268.398 266.666 315.893 338.387 340.144 343.241 319.113 343.652 309.291 311.387 309.833 308.683 305.802 334.187 342.328 341.318 345.552 361.086 362.445 353.028 365.211 365.913 364.371 353.86 368.994 370.831 368.868 370.162 371.058 366.166 356.236 330.111 318.502
-9999.0 -9999.0 -9999.0 -9999.0 -9999.0 -9999.0 -9999.0 -9999.0 -9999.0 -9999.0 -9999.0 -9999.0 -9999.0 -9999.0 350.066 333.997 337.379 297.561 327.558 350.708 341.784 363.738 364.228 363.212 324.312 287.268 291.521 313.242 321.297 311.713 266.645 265.8 266.165 267.055 266.647 266.678 321.435 321.576 343.649 341.051 332.345 335.198 360.706 361.48 358.587 313.003 333.836 313.011 356.649 359.761 360.817 361.294 360.038 369.352 358.448 361.838 344.685 364.847 370.078 342.093 362.711 366.619 356.485 365.531 368.532 363.506 343.832
-9999.0 -9999.0 -9999.0 -9999.0 -9999.0 -9999.0 -9999.0 -9999.0 -9999.0 -9999.0 -9999.0 -9999.0 338.986 331.172 322.904 309.807 341.921 330.634 341.133 347.457 308.93 361.175 348.053 337.435 365.606 309.643 321.818 315.454 313.546 309.849 265.124 266.771 265.783 321.457 281.241 266.722 323.001 319.797 349.326 331.796 331.616 289.484 314.218 321.583 306.575 309.718 305.267 303.277 351.484 348.781 359.331 362.249 352.162 348.538 362.77 363.462 367.183 361.446 361.972 363.005 359.511 358.595 354.751 352.355 368.028 367.439 304.673
-9999.0 -9999.0 -9999.0 -9999.0 -9999.0 -9999.0 -9999.0 -9999.0 -9999.0 -9999.0 -9999.0 -9999.0 -9999.0 265.611 271.671 290.164 261.16 308.324 349.224 316.622 349.724 359.568 361.806 328.925 370.675 370.48 368.503 340.712 339.306 318.38 323.559 325.394 340.222 313.745 334.4 347.675 343.047 320.903 337.907 345.071 338.328 332.102 349.025 340.749 354.079 346.562 339.448 353.08 328.277 345.638 360.302 359.234 353.611 360.625 359.914 365.05 367.59 367.207 369.969 364.256 362.246 355.787 362.357 349.326 314.955 359.648 263.595
-9999.0 -9999.0 -9999.0 -9999.0 -9999.0 -9999.0 -9999.0 -9999.0 -9999.0 -9999.0 -9999.0 -9999.0 -9999.0 266.601 266.604 267.08 268.121 290.93 337.599 344.847 349.318 356.477 363.204 359.718 364.914 359.823 362.348 368.857 345.792 322.281 340.839 332.37 339.523 314.261 337.77 344.372 337.854 326.645 337.497 342.945 338.318 332.46 349.911 289.473 333.403 344.928 350.26 351.064 328.012 312.17 347.258 351.889 356.052 17.484 22.004 369.761 369.342 369.333 369.224 366.037 358.918 369.754 368.844 322.219 317.018 354.622 263.162
-9999.0 -9999.0 -9999.0 -9999.0 -9999.0 -9999.0 -9999.0 -9999.0 -9999.0 -9999.0 -9999.0 -9999.0 -9999.0 272.386 267.986 266.739 262.203 340.064 358.128 349.214 352.431 364.785 365.756 357.735 367.444 344.757 341.628 329.849 329.685 363.519 363.544 360.68 328.777 315.312 336.817 345.244 337.777 336.775 326.695 343.912 340.445 326.556 345.945 332.613 346.363 345.492 336.696 354.451 340.693 356.624 355.709 357.925 368.034 17.484 22.038 17.484 370.243 367.123 361.275 371.32 368.43 365.749 318.387 303.538 316.662 356.468 263.182
-9999.0 -9999.0 -9999.0 -9999.0 -9999.0 -9999.0 -9999.0 -9999.0 -9999.0 -9999.0 -9999.0 -9999.0 -9999.0 278.22 266.356 337.453 322.135 338.683 352.733 360.92 359.406 365.631 368.777 360.678 340.231 355.363 357.536 341.56 306.94 343.144 335.914 356.041 340.578 327.804 338.184 334.735 341.601 337.328 328.255 346.304 346.646 334.516 346.119 343.758 386.891 342.968 332.142 341.941 397.736 399.543 403.035 370.018 21.791 22.02 21.712 21.409 366.753 366.448 362.934 354.478 322.087 335.688 345.24 307.258 350.097 339.097 259.959
-9999.0 -9999.0 -9999.0 -9999.0 -9999.0 -9999.0 -9999.0 -9999.0 -9999.0 -9999.0 -9999.0 -9999.0 266.795 267.726 286.233 264.844 266.043 287.896 343.812 338.004 353.976 284.167 362.41 371.21 349.233 368.893 339.144 367.833 358.287 359.031 363.638 336.599 326.241 314.135 337.977 348.842 324.939 336.239 324.236 345.67 352.491 355.042 325.924 295.565 389.796 343.941 349.855 338.275 376.562 392.069 360.522 404.875 370.489 368.744 364.974 359.512 352.114 351.414 328.873 327.431 331.215 334.648 365.777 362.725 333.007 332.177 242.581
-9999.0 -9999.0 -9999.0 -9999.0 -9999.0 -9999.0 -9999.0 -9999.0 -9999.0 286.073 295.667 342.153 267.614 266.739 266.791 266.016 284.006 269.319 339.716 343.901 339.033 362.624 365.484 352.789 353.14 371.693 330.106 308.276 338.822 353.661 346.694 321.344 355.062 350.663 306.085 324.304 329.551 316.861 348.955 301.875 332.653 303.345 291.617 338.159 349.245 362.768 330.82 338.066 395.85 367.602 387.551 358.878 352.325 358.032 365.0 359.617 357.642 365.535 345.084 357.038 359.542 327.379 363.958 360.269 368.063 366.618 261.333
-9999.0 -9999.0 -9999.0 -9999.0 -9999.0 -9999.0 -9999.0 -9999.0 -9999.0 269.509 269.512 329.347 331.905 322.407 338.804 332.016 323.372 317.675 337.433 336.618 354.228 341.343 357.184 351.571 318.42 333.759 333.121 339.941 329.902 304.587 319.333 350.707 317.685 334.44 330.88 311.766 328.056 354.428 363.467 332.247 291.694 291.6 290.83 350.661 344.79 345.34 344.521 345.055 294.433 390.085 377.148 399.912 371.627 325.878 293.514 340.061 330.904 360.487 310.103 362.329 362.66 353.516 357.157 366.857 363.604 369.312 365.876
-9999.0 -9999.0 -9999.0 -9999.0 -9999.0 -9999.0 -9999.0 -9999.0 -9999.0 271.781 270.092 301.695 330.518 316.153 340.053 352.406 328.883 310.005 318.139 299.779 363.541 332.64 340.453 345.002 279.979 345.114 358.244 353.172 354.341 343.166 352.845 311.871 314.777 334.516 340.016 332.222 334.589 335.299 341.321 327.753 303.889 332.604 353.586 349.281 330.85 346.584 291.992 312.418 347.03 362.984 385.499 360.238 324.839 279.168 332.504 348.636 319.496 348.229 330.748 359.196 363.502 353.751 363.917 356.907 356.556 355.26 348.124
-9999.0 -9999.0 -9999.0 -9999.0 -9999.0 -9999.0 -9999.0 -9999.0 -9999.0 268.385 264.854 286.306 336.047 317.989 336.577 345.238 339.279 326.057 333.607 333.925 345.398 341.389 346.61 332.588 293.066 291.975 293.781 289.629 316.347 345.298 340.881 317.149 317.936 325.042 291.834 287.971 350.037 335.355 366.996 303.262 356.072 339.54 309.691 325.724 329.179 329.409 312.198 363.76 360.993 349.194 406.222 310.595 334.855 308.431 312.168 332.909 331.258 322.34 344.761 365.71 351.671 356.522 352.3 359.791 362.156 368.077 346.494
-9999.0 -9999.0 -9999.0 -9999.0 -9999.0 -9999.0 -9999.0 -9999.0 -9999.0 270.747 267.194 308.94 339.548 339.766 346.92 343.478 353.547 355.753 352.892 350.972 326.786 326.626 331.612 333.755 292.988 320.199 313.479 313.491 291.941 331.827 325.093 313.24 305.155 290.324 290.947 296.201 336.069 342.431 348.056 365.994 333.513 329.452 311.651 310.008 328.877 309.958 367.007 331.987 367.773 403.176 406.424 360.865 329.026 328.146 284.462 320.899 318.279 345.705 343.015 359.67 355.854 355.185 361.699 364.266 362.249 352.067 343.847
-9999.0 -9999.0 -9999.0 -9999.0 -9999.0 -9999.0 -9999.0 -9999.0 268.069 265.858 271.413 290.011 337.565 355.498 354.061 341.79 360.539 362.413 354.728 360.652 332.337 337.008 324.834 329.572 295.58 314.14 299.583 313.725 287.869 295.4 288.526 291.315 293.754 294.822 289.755 290.648 343.386 326.775 338.1 344.779 363.207 366.669 329.508 329.34 295.48 357.443 355.486 359.918 406.424 351.131 400.024 371.627 295.519 328.426 291.397 323.662 365.294 368.792 368.792 292.795 294.46 363.722 367.096 360.001 365.598 361.145 363.023
-9999.0 -9999.0 -9999.0 -9999.0 -9999.0 -9999.0 -9999.0 -9999.0 281.943 275.107 274.506 265.793 343.02 344.007 359.178 356.772 333.419 359.751 350.499 363.145 362.553 363.229 341.923 348.593 312.203 291.615 264.212 264.921 285.537 278.137 291.682 287.252 263.147 263.426 290.46 272.3 304.495 304.548 304.108 335.77 341.455 348.576 327.35 364.004 356.594 351.853 322.784 367.699 405.243 405.055 404.853 349.182 369.224 333.015 329.538 324.546 350.027 365.78 366.77 292.56 324.584 286.123 288.647 359.196 357.789 363.91 363.715
