static/jobfarm/user_models/minyf/common/HOME-GBHM/输出文件/Output/Grids/soilWaterDepth20020222.asc
ncols 221
nrows 204
xllcorner -627000.0
yllcorner 3955000.0
cellsize 900.0
NODATA_value -9999.0
[rows 90 to 119 of 204, columns 134 to 200 of 221]
260.939 261.144 264.535 266.046 272.769 264.487 291.454 289.534 275.981 276.572 276.519 293.408 275.498 285.806 309.189 284.555 264.781 257.896 262.706 261.154 261.716 286.372 286.076 263.021 255.869 257.298 255.863 257.509 286.588 285.387 288.71 289.946 258.039 305.075 289.964 261.499 278.718 278.053 281.271 285.576 282.813 257.812 256.961 260.424 260.659 258.921 257.885 258.683 262.712 260.725 -9999.0 -9999.0 -9999.0 -9999.0 -9999.0 -9999.0 -9999.0 -9999.0 -9999.0 -9999.0 -9999.0 -9999.0 -9999.0 -9999.0 -9999.0 -9999.0 -9999.0
260.958 261.192 267.734 266.657 271.766 265.571 284.929 281.427 279.477 276.33 276.214 275.551 277.39 276.142 276.01 369.823 277.263 257.764 257.913 260.902 260.544 289.635 263.095 255.561 255.92 254.701 254.166 256.624 257.277 286.637 287.955 288.11 285.242 257.262 302.508 276.793 281.617 286.311 279.653 293.456 283.025 280.193 281.565 282.431 284.326 261.097 258.772 259.257 260.068 -9999.0 -9999.0 -9999.0 -9999.0 -9999.0 -9999.0 -9999.0 -9999.0 -9999.0 -9999.0 -9999.0 -9999.0 -9999.0 -9999.0 -9999.0 -9999.0 -9999.0 -9999.0
261.184 261.404 267.396 265.496 283.648 285.083 331.134 288.494 297.549 286.294 276.781 276.12 297.941 276.904 278.146 276.886 277.306 277.205 257.908 276.607 264.366 261.502 281.916 262.998 255.011 257.244 256.866 254.674 257.81 257.369 257.636 257.202 305.807 257.79 284.919 320.7 283.215 282.62 283.421 280.959 282.974 283.443 281.419 281.413 282.991 261.246 259.748 258.824 258.926 259.021 -9999.0 -9999.0 -9999.0 -9999.0 -9999.0 -9999.0 -9999.0 -9999.0 -9999.0 -9999.0 -9999.0 -9999.0 -9999.0 -9999.0 -9999.0 -9999.0 -9999.0
261.128 261.861 267.784 267.247 264.306 339.701 353.92 351.844 282.794 277.917 275.514 276.616 274.392 281.732 276.8 275.212 277.378 277.264 259.301 310.694 257.67 277.209 276.727 278.605 256.937 257.175 256.581 255.379 257.332 257.5 257.071 271.712 273.508 259.086 281.942 295.497 308.522 371.98 282.698 283.597 283.751 283.875 284.401 283.125 285.679 353.772 287.664 394.502 285.073 284.411 284.019 283.616 -9999.0 -9999.0 -9999.0 -9999.0 -9999.0 -9999.0 -9999.0 -9999.0 -9999.0 -9999.0 -9999.0 -9999.0 -9999.0 -9999.0 -9999.0
260.856 260.172 267.446 265.808 264.551 263.63 281.437 300.596 291.581 279.119 276.024 289.856 275.172 297.233 276.912 276.631 277.365 277.225 277.794 338.093 276.884 276.436 277.326 257.589 256.654 256.769 257.593 255.573 257.088 257.629 256.69 296.587 257.084 259.683 269.356 288.125 265.133 300.601 288.529 284.036 283.831 283.951 283.901 331.161 360.824 284.1 288.798 397.738 287.207 286.415 285.919 285.366 -9999.0 -9999.0 -9999.0 -9999.0 -9999.0 -9999.0 -9999.0 -9999.0 -9999.0 -9999.0 -9999.0 -9999.0 -9999.0 -9999.0 -9999.0
260.866 259.618 266.331 265.328 263.2 264.104 278.929 281.854 332.933 282.108 278.028 298.624 280.638 310.161 281.511 280.402 277.473 277.431 277.504 360.758 276.566 276.512 309.986 258.389 256.848 256.53 256.992 255.779 257.339 257.467 258.518 265.831 261.55 257.575 253.11 252.896 256.202 276.801 291.362 280.722 281.941 283.472 284.37 397.233 303.638 289.336 285.666 407.726 299.438 397.261 398.188 285.458 -9999.0 -9999.0 -9999.0 -9999.0 -9999.0 -9999.0 -9999.0 -9999.0 -9999.0 -9999.0 -9999.0 -9999.0 -9999.0 -9999.0 -9999.0
260.937 259.541 262.039 323.448 271.896 295.79 292.157 293.515 290.738 279.703 301.907 291.329 277.818 282.374 285.87 278.756 277.161 322.654 321.73 384.345 289.931 350.6 256.914 262.46 265.084 282.407 256.727 254.563 255.701 278.997 275.963 261.74 294.833 255.725 257.248 257.077 251.447 306.435 282.13 283.455 283.603 283.634 283.34 283.397 287.426 398.314 375.051 394.655 396.41 291.605 292.839 295.142 -9999.0 -9999.0 -9999.0 -9999.0 -9999.0 -9999.0 -9999.0 -9999.0 -9999.0 -9999.0 -9999.0 -9999.0 -9999.0 -9999.0 -9999.0
260.823 259.495 264.036 352.29 278.982 270.331 270.975 268.135 269.961 326.674 333.219 289.881 311.721 294.939 313.291 278.789 277.246 333.387 296.83 356.116 387.451 291.261 282.435 281.386 263.632 265.513 276.996 275.266 275.915 257.491 257.848 257.778 302.133 256.634 254.026 253.172 257.195 264.944 282.681 286.634 283.5 282.342 282.647 282.633 284.754 288.401 289.931 395.428 304.052 378.56 291.757 312.37 -9999.0 -9999.0 -9999.0 -9999.0 -9999.0 -9999.0 -9999.0 -9999.0 -9999.0 -9999.0 -9999.0 -9999.0 -9999.0 -9999.0 -9999.0
260.788 259.832 264.941 270.475 350.554 302.368 330.047 260.102 262.722 350.852 337.496 278.348 304.24 294.799 308.414 279.248 277.349 287.606 277.669 348.834 292.009 269.792 284.41 296.641 290.846 282.354 276.831 274.851 276.553 276.157 258.54 292.087 252.629 254.808 257.843 252.189 257.283 257.593 284.655 288.869 288.795 284.01 285.644 285.991 298.305 288.407 395.937 291.647 291.231 396.116 291.474 313.795 -9999.0 -9999.0 -9999.0 -9999.0 -9999.0 -9999.0 -9999.0 -9999.0 -9999.0 -9999.0 -9999.0 -9999.0 -9999.0 -9999.0 -9999.0
260.681 261.144 263.403 264.254 297.188 332.24 286.269 322.522 300.37 367.713 269.125 264.073 266.489 259.885 300.726 293.246 267.893 270.597 304.226 262.678 269.946 291.346 279.955 326.672 282.649 283.179 276.824 275.957 277.344 256.804 254.156 251.644 255.445 256.219 257.301 274.918 283.168 283.737 284.744 287.679 301.1 298.871 289.008 298.055 300.594 300.854 291.787 294.504 290.948 287.467 291.099 314.099 -9999.0 -9999.0 -9999.0 -9999.0 -9999.0 -9999.0 -9999.0 -9999.0 -9999.0 -9999.0 -9999.0 -9999.0 -9999.0 -9999.0 -9999.0
260.759 261.11 264.603 264.156 342.115 269.685 272.278 268.45 365.857 261.014 357.838 260.654 259.932 259.798 367.628 322.814 270.819 278.966 268.062 312.918 319.733 304.284 345.088 280.84 281.867 296.599 276.949 349.514 351.624 325.475 277.304 259.17 274.305 331.658 283.752 283.465 283.445 283.051 283.772 289.9 284.754 286.716 396.272 397.423 298.927 301.214 294.415 296.113 295.032 294.429 293.571 316.06 290.868 290.339 -9999.0 -9999.0 -9999.0 -9999.0 -9999.0 -9999.0 -9999.0 -9999.0 -9999.0 -9999.0 -9999.0 -9999.0 -9999.0
260.895 261.09 264.192 263.63 271.776 274.552 269.36 265.305 299.268 273.742 376.712 386.896 277.11 277.196 384.579 339.319 260.015 260.16 271.3 355.676 284.167 353.387 288.204 280.81 282.809 281.057 279.037 356.626 334.64 329.125 332.962 264.806 317.798 275.662 301.985 306.135 301.073 290.343 286.739 299.922 395.377 393.626 392.532 293.466 299.228 300.718 316.282 318.056 318.537 316.682 314.383 288.353 283.966 289.325 -9999.0 -9999.0 -9999.0 -9999.0 -9999.0 -9999.0 -9999.0 -9999.0 -9999.0 -9999.0 -9999.0 -9999.0 -9999.0
259.842 260.919 261.127 265.148 261.275 259.966 260.258 259.784 280.284 259.729 340.66 281.013 277.293 353.744 279.043 276.455 287.59 277.189 293.698 354.274 311.236 290.367 281.441 281.82 284.33 282.292 281.275 317.897 256.306 266.091 269.117 270.554 289.378 396.385 309.015 314.094 295.112 293.361 306.681 394.246 284.083 285.251 285.545 392.744 288.947 290.41 294.027 288.652 289.878 288.407 287.172 294.119 288.991 291.57 -9999.0 -9999.0 -9999.0 -9999.0 -9999.0 -9999.0 -9999.0 -9999.0 -9999.0 -9999.0 -9999.0 -9999.0 -9999.0
259.829 278.507 263.885 266.67 261.51 261.52 261.349 260.978 259.792 281.296 276.907 280.459 277.756 296.316 276.736 322.725 276.832 275.822 276.448 312.822 283.616 291.247 277.138 277.096 277.058 276.545 293.318 250.783 258.015 267.456 271.51 294.192 294.257 294.668 311.18 289.38 289.867 308.149 394.127 295.503 390.445 285.045 286.089 289.51 289.534 265.514 264.619 288.775 288.889 286.464 314.458 334.979 284.336 285.352 -9999.0 -9999.0 -9999.0 -9999.0 -9999.0 -9999.0 -9999.0 -9999.0 -9999.0 -9999.0 -9999.0 -9999.0 -9999.0
264.57 276.494 279.433 279.925 263.524 263.084 263.008 263.11 259.881 259.505 259.857 261.925 279.607 277.279 276.942 279.171 276.027 274.537 276.677 276.012 334.027 276.934 276.953 276.948 276.696 276.68 277.736 261.854 315.475 311.605 315.125 267.687 294.098 268.051 292.408 283.222 284.226 317.999 283.63 393.388 284.271 283.667 284.885 290.66 290.519 258.983 262.797 359.647 288.69 281.853 299.34 291.137 284.608 284.289 284.943 -9999.0 -9999.0 -9999.0 -9999.0 -9999.0 -9999.0 -9999.0 -9999.0 -9999.0 -9999.0 -9999.0 -9999.0
264.844 275.974 275.865 276.458 263.065 263.15 262.914 263.011 261.9 261.671 260.373 262.955 262.14 260.866 276.968 276.916 276.1 275.271 275.607 275.139 277.296 276.46 277.066 260.732 275.864 277.209 257.891 257.083 257.474 267.864 267.843 292.683 271.144 257.943 283.349 296.201 278.921 286.033 293.554 283.811 283.659 286.437 289.662 284.526 283.625 258.826 265.435 390.114 260.921 339.199 263.721 268.492 283.494 284.291 284.461 -9999.0 -9999.0 -9999.0 -9999.0 -9999.0 -9999.0 -9999.0 -9999.0 -9999.0 -9999.0 -9999.0 -9999.0
276.146 311.094 272.255 275.531 262.757 262.731 262.794 262.282 261.619 261.926 265.118 264.143 263.33 262.359 260.126 277.556 275.984 276.8 275.668 255.858 254.471 328.27 295.991 256.993 255.771 256.377 256.29 256.613 259.459 260.325 268.826 286.195 257.689 257.386 285.769 283.195 283.202 285.503 289.345 316.892 284.183 285.269 284.227 283.873 284.512 258.393 264.924 391.954 259.487 336.07 264.673 267.307 313.228 283.869 284.809 -9999.0 -9999.0 -9999.0 -9999.0 -9999.0 -9999.0 -9999.0 -9999.0 -9999.0 -9999.0 -9999.0 -9999.0
277.172 327.116 310.866 276.01 262.598 351.428 262.24 346.614 262.124 262.147 265.369 266.027 265.502 265.611 264.385 264.868 347.159 351.601 274.997 252.613 253.988 295.444 297.956 255.566 256.485 256.274 256.14 261.144 257.843 257.86 257.508 257.23 259.331 285.777 283.702 283.169 282.187 290.501 290.824 319.111 290.913 291.436 284.322 301.818 401.861 395.284 263.412 284.922 326.456 257.756 263.771 261.118 388.689 283.494 -9999.0 -9999.0 -9999.0 -9999.0 -9999.0 -9999.0 -9999.0 -9999.0 -9999.0 -9999.0 -9999.0 -9999.0 -9999.0
293.945 326.365 298.835 306.284 283.21 263.831 341.768 333.779 360.259 283.915 263.151 264.108 263.695 259.821 259.651 259.666 283.616 279.315 269.039 313.064 347.416 350.951 274.091 257.134 256.902 257.095 257.071 257.134 254.926 254.248 253.473 293.103 257.441 280.601 283.587 283.774 283.703 298.9 297.53 296.353 290.573 290.658 285.589 284.092 284.438 313.662 339.096 317.612 343.578 281.373 278.315 314.263 283.154 284.239 284.353 -9999.0 -9999.0 -9999.0 -9999.0 -9999.0 -9999.0 -9999.0 -9999.0 -9999.0 -9999.0 -9999.0 -9999.0
278.785 267.211 277.753 312.282 284.677 282.004 277.975 329.937 284.935 286.894 263.611 263.935 260.486 276.185 338.624 276.981 278.845 271.518 303.505 264.05 303.234 298.889 275.244 257.116 257.392 257.363 257.345 257.104 274.902 273.3 318.547 255.037 276.939 283.499 257.696 257.873 283.835 296.62 285.959 310.472 300.977 283.87 284.846 286.111 285.491 284.854 276.008 258.305 312.826 276.624 386.761 383.296 283.619 283.62 283.839 -9999.0 -9999.0 -9999.0 -9999.0 -9999.0 -9999.0 -9999.0 -9999.0 -9999.0 -9999.0 -9999.0 -9999.0
286.045 270.376 272.117 308.068 283.773 282.576 281.116 299.482 365.392 286.439 263.472 264.118 260.593 260.286 276.815 305.256 280.043 277.78 324.157 317.527 269.093 332.794 257.438 256.616 258.339 259.41 257.359 259.147 283.064 317.659 328.725 253.251 253.101 253.605 257.43 283.51 283.502 296.426 285.937 401.313 284.972 283.498 283.809 283.826 283.494 283.322 271.975 254.65 376.773 285.441 304.559 310.917 388.988 284.013 283.947 -9999.0 -9999.0 -9999.0 -9999.0 -9999.0 -9999.0 -9999.0 -9999.0 -9999.0 -9999.0 -9999.0 -9999.0
260.665 260.515 274.129 298.903 281.991 264.488 291.205 263.431 264.207 264.432 278.327 260.026 260.46 260.116 276.857 270.435 259.543 246.471 259.819 312.1 270.286 309.243 258.872 258.303 258.037 257.732 258.355 258.31 275.465 315.212 329.908 316.327 276.522 276.666 305.378 283.845 283.699 297.342 285.64 398.373 284.799 283.766 329.148 283.014 282.859 256.728 265.535 262.564 282.809 287.027 310.738 310.319 284.209 -9999.0 -9999.0 -9999.0 -9999.0 -9999.0 -9999.0 -9999.0 -9999.0 -9999.0 -9999.0 -9999.0 -9999.0 -9999.0 -9999.0
260.407 258.739 271.611 267.486 264.377 262.926 281.266 261.211 263.92 264.247 277.457 277.455 277.454 277.031 260.043 261.889 274.893 254.351 262.933 316.588 316.76 255.266 257.56 258.129 258.293 289.843 318.131 260.683 322.957 291.988 263.127 258.739 258.439 256.943 283.681 283.822 296.739 286.548 286.491 400.71 285.132 290.808 258.152 311.036 259.489 257.014 255.083 327.689 310.647 304.997 286.747 289.129 284.501 -9999.0 -9999.0 -9999.0 -9999.0 -9999.0 -9999.0 -9999.0 -9999.0 -9999.0 -9999.0 -9999.0 -9999.0 -9999.0 -9999.0
260.539 260.503 304.231 268.385 264.176 263.428 293.854 279.383 263.349 277.179 277.402 277.417 277.355 277.254 260.32 261.824 250.559 254.216 296.973 314.295 295.838 269.164 257.747 260.333 314.539 296.065 317.013 332.681 278.632 312.677 279.395 279.657 259.374 257.879 296.847 296.501 273.358 285.564 311.048 378.97 285.46 285.604 284.262 257.653 311.47 257.748 316.571 262.401 269.611 288.289 290.982 398.034 287.288 -9999.0 -9999.0 -9999.0 -9999.0 -9999.0 -9999.0 -9999.0 -9999.0 -9999.0 -9999.0 -9999.0 -9999.0 -9999.0 -9999.0
260.802 260.907 261.104 291.274 264.884 264.315 259.56 260.6 277.029 277.293 276.314 276.619 275.729 253.852 256.665 252.363 256.736 257.29 259.074 262.9 257.787 257.335 273.453 275.655 257.96 328.452 318.043 277.979 258.19 266.099 258.197 258.224 258.324 259.23 321.511 316.863 274.176 273.406 284.385 361.298 269.066 295.395 263.444 260.81 296.866 276.978 329.006 258.987 263.875 290.942 295.698 340.226 307.978 -9999.0 -9999.0 -9999.0 -9999.0 -9999.0 -9999.0 -9999.0 -9999.0 -9999.0 -9999.0 -9999.0 -9999.0 -9999.0 -9999.0
260.883 260.968 274.555 261.101 263.93 263.087 260.756 256.626 276.585 276.486 273.398 275.576 257.451 240.833 248.327 260.99 257.312 257.686 258.274 259.303 260.596 259.507 275.638 259.007 308.478 311.108 310.262 282.678 299.669 258.116 258.174 258.194 259.095 259.09 317.696 302.628 271.16 270.836 264.653 316.677 273.647 268.386 260.41 258.315 260.293 331.312 325.809 327.017 259.439 288.786 315.381 315.58 309.617 293.683 -9999.0 -9999.0 -9999.0 -9999.0 -9999.0 -9999.0 -9999.0 -9999.0 -9999.0 -9999.0 -9999.0 -9999.0 -9999.0
276.703 261.076 261.041 263.215 258.448 260.766 261.024 260.799 271.993 261.068 271.665 271.127 250.774 246.296 257.285 252.075 241.864 250.275 258.182 260.617 257.752 258.245 270.807 261.907 260.113 266.251 303.284 266.49 257.985 257.986 258.072 259.424 258.957 259.115 337.864 319.725 274.584 269.142 312.267 267.988 331.192 267.347 262.877 259.286 277.86 267.94 300.935 264.527 265.959 270.823 324.473 319.924 293.771 293.379 -9999.0 -9999.0 -9999.0 -9999.0 -9999.0 -9999.0 -9999.0 -9999.0 -9999.0 -9999.0 -9999.0 -9999.0 -9999.0
276.964 277.112 261.108 261.073 260.915 259.419 260.807 280.29 280.842 280.089 279.166 254.135 250.955 253.278 256.987 254.733 258.036 258.172 258.403 258.223 257.474 257.65 262.408 255.43 255.888 263.515 255.465 260.008 258.19 258.553 259.543 258.701 257.939 257.921 326.765 279.132 271.288 268.615 312.512 263.939 328.041 267.713 254.707 255.462 275.697 251.721 256.981 275.276 266.466 268.427 344.029 313.068 292.292 293.193 -9999.0 -9999.0 -9999.0 -9999.0 -9999.0 -9999.0 -9999.0 -9999.0 -9999.0 -9999.0 -9999.0 -9999.0 -9999.0
277.129 261.093 261.081 261.123 260.944 260.995 265.31 273.447 280.402 281.044 283.115 255.652 245.775 255.895 254.277 257.723 258.38 258.373 258.322 258.005 244.139 257.299 255.822 255.274 264.303 305.677 254.614 255.305 258.355 258.483 258.496 259.214 257.888 308.934 326.918 279.19 269.868 272.486 281.945 346.268 268.087 267.155 254.235 275.199 279.804 365.318 274.541 287.204 264.83 282.122 329.227 282.926 405.34 293.215 -9999.0 -9999.0 -9999.0 -9999.0 -9999.0 -9999.0 -9999.0 -9999.0 -9999.0 -9999.0 -9999.0 -9999.0 -9999.0
276.944 261.043 261.06 264.057 270.575 260.881 260.664 259.075 280.121 280.73 281.132 259.453 253.318 250.679 254.259 257.385 258.267 258.064 258.254 257.524 249.898 257.861 260.158 260.368 313.828 259.882 275.15 254.698 258.346 258.574 259.017 258.61 258.581 258.224 326.962 264.373 266.428 268.478 280.595 283.53 266.345 265.801 254.45 283.218 332.391 352.447 333.148 254.825 254.264 283.31 312.774 396.545 295.678 -9999.0 -9999.0 -9999.0 -9999.0 -9999.0 -9999.0 -9999.0 -9999.0 -9999.0 -9999.0 -9999.0 -9999.0 -9999.0 -9999.0
