static/jobfarm/user_models/minyf/common/HOME-GBHM/输出文件/Output/Grids/soilWaterDepth20020225.asc
ncols 221
nrows 204
xllcorner -627000.0
yllcorner 3955000.0
cellsize 900.0
NODATA_value -9999.0
[rows 120 to 149 of 204, columns 67 to 133 of 221]
356.818 362.033 385.444 365.396 369.171 359.399 355.652 353.138 357.748 391.754 390.819 380.96 392.961 387.183 380.747 369.48 361.327 358.554 357.908 266.506 266.49 266.474 371.891 362.335 364.455 337.642 345.642 355.527 342.829 320.425 331.687 333.134 338.744 328.453 315.884 344.309 357.826 358.542 357.741 360.638 353.529 334.655 338.024 314.459 309.037 350.956 366.159 319.395 337.454 336.699 336.39 351.695 352.275 337.58 341.031 338.393 364.732 351.341 352.069 380.892 355.442 382.369 388.545 399.871 379.402 359.879 358.233
381.839 382.781 392.683 378.589 370.871 353.232 380.658 384.452 368.342 391.869 391.29 388.751 391.717 380.666 390.822 390.584 375.634 384.392 264.199 266.524 359.098 360.107 362.426 356.843 321.277 339.993 347.062 360.56 343.929 330.129 327.737 343.67 337.642 334.422 353.209 370.814 347.735 351.912 351.922 361.547 352.611 348.795 344.42 338.885 334.616 350.229 366.736 353.922 330.237 351.455 361.915 352.114 353.427 334.31 344.286 374.042 373.653 341.825 353.542 356.33 368.802 361.327 385.494 408.512 357.448 363.62 361.235
361.667 376.653 367.227 377.348 382.986 368.196 388.306 358.627 384.01 392.804 391.116 386.843 371.828 384.557 389.782 391.039 381.764 264.718 264.703 266.541 378.087 360.931 360.819 356.26 362.714 361.976 387.793 368.845 341.929 361.777 360.611 342.776 332.662 332.056 317.879 372.875 346.916 348.086 349.515 356.628 346.543 346.839 350.027 340.428 335.93 355.711 359.154 353.815 364.236 370.167 322.797 275.144 348.018 348.653 385.753 366.313 369.24 362.271 354.268 364.524 359.126 363.328 390.307 390.794 361.404 366.203 358.015
354.172 354.11 354.658 363.856 374.678 371.488 381.98 374.21 383.156 392.961 377.439 374.586 377.67 392.961 392.961 381.525 387.096 362.381 373.938 373.788 385.052 356.571 360.271 354.358 356.281 375.193 385.551 369.254 346.698 362.461 361.908 358.763 361.9 361.533 355.633 372.287 359.274 337.626 349.632 349.797 338.295 343.554 347.717 351.915 336.289 333.987 350.01 347.763 355.371 367.427 278.265 344.809 275.195 371.991 374.137 371.114 332.037 352.778 374.8 385.656 385.631 360.75 397.149 373.156 372.574 372.615 358.171
374.778 354.902 359.71 353.939 359.011 368.72 375.007 370.23 375.026 392.961 374.36 381.818 388.562 361.772 373.7 391.786 372.472 362.681 388.004 392.961 392.858 386.177 364.055 361.875 358.302 379.439 381.026 385.603 386.174 362.29 361.848 368.44 361.926 364.343 357.739 367.798 356.642 381.864 348.043 355.664 360.687 341.79 371.28 375.267 343.022 336.316 333.162 351.769 350.464 354.674 347.479 364.707 276.958 389.442 325.712 381.27 372.81 349.586 364.614 361.976 374.554 355.003 402.176 397.367 369.579 364.189 361.292
320.978 353.63 351.345 354.523 350.689 353.006 362.855 385.999 378.121 371.522 375.883 392.961 370.372 377.733 392.961 362.104 389.361 392.961 390.154 392.961 391.007 392.492 380.901 372.789 372.901 373.363 382.981 381.146 378.8 373.142 368.025 362.251 361.912 377.054 359.369 359.389 361.577 372.296 354.039 373.714 386.282 360.908 361.549 372.002 378.48 359.782 372.189 355.272 352.254 360.658 371.335 325.683 368.14 376.509 348.829 382.377 372.422 351.032 365.418 377.423 378.411 355.339 382.922 391.363 358.739 364.248 382.44
319.082 366.979 352.653 353.368 354.947 354.613 381.825 377.994 386.836 385.388 392.961 380.288 392.961 344.767 362.496 392.961 389.2 375.492 392.003 384.754 387.062 392.268 381.852 392.961 364.204 361.458 360.843 359.747 359.502 357.494 360.364 361.775 374.34 361.648 362.568 361.7 362.478 356.211 361.805 368.019 363.778 374.036 357.8 370.891 380.587 381.962 386.96 362.108 354.98 363.074 392.469 364.824 365.72 360.497 390.126 354.426 355.343 364.262 374.022 382.299 383.933 368.382 350.019 372.291 405.494 378.191 384.567
322.052 307.633 355.073 353.135 348.201 302.541 354.971 367.625 381.836 358.846 386.914 361.768 362.57 361.15 392.961 374.572 385.2 385.279 391.818 391.352 391.543 361.757 392.961 392.961 392.961 377.552 367.049 361.341 361.031 360.617 359.98 358.865 358.745 359.621 376.068 390.072 377.805 356.383 361.756 362.265 361.804 368.488 360.58 372.294 377.691 380.388 372.535 562.42 591.841 371.218 365.696 370.044 366.644 354.919 371.863 353.474 355.188 355.343 386.972 377.772 376.835 368.224 382.792 374.675 383.505 408.214 355.151
330.726 334.191 325.933 316.866 328.068 294.385 347.717 308.347 341.21 343.909 367.726 333.195 345.403 385.147 367.188 384.327 383.767 379.39 373.191 390.892 386.791 390.43 388.872 392.934 385.797 390.038 392.961 392.961 379.022 361.581 362.256 363.536 362.121 391.946 372.299 389.776 370.486 376.876 362.312 362.123 359.077 368.945 360.051 377.26 374.214 373.191 372.152 581.511 566.378 384.324 559.816 386.821 367.158 386.689 561.852 562.984 580.118 363.812 363.644 386.484 369.493 364.849 362.258 370.343 372.721 363.177 410.478
331.155 322.888 329.139 314.4 321.075 343.399 344.596 326.962 284.875 295.703 329.187 327.675 343.447 345.261 346.131 341.229 345.821 346.891 367.661 391.458 385.206 362.133 376.943 372.701 361.859 392.961 599.328 632.11 392.854 386.357 387.794 381.846 362.254 382.978 375.738 364.817 392.961 387.852 381.976 361.94 360.727 367.475 358.214 375.817 375.042 376.007 377.559 363.739 587.976 588.705 561.952 383.922 360.116 386.841 580.794 573.721 573.446 370.472 371.268 373.76 368.964 381.226 364.948 376.968 397.517 378.886 374.677
-9999.0 329.846 333.764 335.218 331.072 312.943 343.326 336.949 332.797 317.199 337.946 354.863 334.635 330.552 324.928 325.261 336.779 361.778 326.066 380.864 387.141 392.961 374.828 378.236 373.184 361.874 634.718 637.416 636.465 628.442 617.756 392.961 392.961 376.826 392.961 378.029 390.958 392.057 391.437 381.675 377.656 372.228 359.944 370.466 376.39 360.923 377.869 389.974 570.957 588.395 584.566 586.539 368.644 367.662 590.878 581.752 371.268 365.565 386.2 585.583 548.876 370.012 372.295 372.369 390.43 369.372 383.628
-9999.0 -9999.0 331.164 333.579 324.4 317.7 275.485 351.479 340.864 329.627 272.404 336.205 340.806 339.611 341.078 342.849 325.734 313.767 323.791 329.819 359.829 361.972 361.933 362.078 381.334 362.351 595.893 600.18 619.307 607.906 620.949 624.645 638.996 623.233 636.139 632.755 639.373 629.19 598.409 598.409 589.769 392.961 362.184 375.996 360.372 366.521 389.529 596.453 550.634 571.177 571.557 590.629 584.426 582.986 588.76 564.874 360.119 385.745 387.157 586.844 580.538 353.35 369.677 369.717 390.138 356.623 350.42
-9999.0 -9999.0 -9999.0 333.649 336.019 335.727 322.66 325.827 327.264 307.484 319.618 321.668 338.306 367.944 328.11 353.781 336.242 322.283 340.724 314.876 332.362 337.694 379.417 385.434 359.703 376.335 596.715 599.798 617.847 610.613 592.456 634.155 625.208 628.992 632.553 629.812 627.99 634.365 598.409 595.037 597.83 597.381 598.409 575.317 570.203 574.608 592.658 595.045 571.043 590.111 559.598 574.259 592.981 592.631 594.71 588.375 386.686 359.39 576.466 576.311 555.811 588.41 376.422 375.376 380.027 356.982 352.08
-9999.0 -9999.0 -9999.0 -9999.0 -9999.0 320.147 339.879 344.18 328.094 325.046 307.476 328.859 329.53 324.477 342.86 338.469 341.925 328.203 326.409 307.261 338.617 339.423 362.163 352.543 369.615 375.411 375.973 593.58 596.622 595.788 601.642 594.508 600.988 639.373 629.549 631.373 639.373 639.373 633.561 630.515 638.898 638.87 637.463 621.47 601.537 603.893 574.166 557.666 595.559 587.371 504.75 584.563 572.038 585.958 584.492 587.366 591.477 580.414 581.61 587.733 586.806 588.16 381.173 375.308 382.627 372.012 365.286
-9999.0 -9999.0 -9999.0 -9999.0 -9999.0 -9999.0 340.395 341.793 340.796 341.786 307.495 343.231 327.613 341.071 337.335 345.308 341.125 341.925 323.723 312.964 341.267 344.212 333.153 307.199 361.939 361.868 362.633 363.159 363.673 363.891 595.027 591.432 605.271 613.402 620.709 613.601 632.863 634.735 634.037 639.373 639.373 627.551 633.508 639.373 626.807 620.972 632.215 623.526 592.434 571.467 573.066 572.865 466.152 594.401 588.913 596.972 581.089 591.405 581.88 573.506 582.251 587.897 378.582 370.514 383.304 379.805 373.905
-9999.0 -9999.0 -9999.0 -9999.0 -9999.0 -9999.0 347.167 341.957 336.535 315.335 307.515 346.372 346.04 281.176 280.483 347.028 344.33 347.382 336.95 329.386 339.944 339.306 325.255 317.645 332.392 323.543 330.818 361.096 360.832 359.107 359.943 364.977 361.787 604.365 617.241 597.323 606.706 597.495 600.733 599.473 615.444 594.591 604.05 630.491 628.899 619.413 639.291 634.734 613.399 578.335 582.82 584.246 595.402 570.827 594.083 593.258 581.747 592.657 582.783 565.197 588.774 375.915 374.675 357.365 377.304 380.351 370.113
-9999.0 -9999.0 -9999.0 -9999.0 -9999.0 -9999.0 328.829 337.994 338.957 326.038 309.387 317.062 327.157 346.014 312.935 314.584 346.133 334.57 317.142 303.362 350.608 340.983 347.54 349.483 341.014 337.085 339.593 339.369 335.681 357.667 358.566 360.258 360.3 362.526 385.082 595.476 605.071 602.667 603.7 618.867 621.97 634.0 624.738 623.791 615.77 412.744 626.296 603.374 628.65 569.233 591.018 588.816 572.845 593.764 595.295 584.646 582.891 580.766 585.612 582.202 590.468 587.979 580.688 353.153 367.774 373.531 367.766
-9999.0 -9999.0 -9999.0 -9999.0 -9999.0 -9999.0 -9999.0 -9999.0 332.204 340.776 313.554 320.981 323.296 337.165 318.517 306.689 309.534 303.581 353.674 302.907 345.153 353.53 341.411 335.207 344.697 324.921 336.862 337.059 336.943 335.947 357.286 357.805 359.06 335.609 378.29 364.373 605.774 601.206 618.905 623.489 624.154 627.781 629.449 620.948 622.258 597.886 612.635 639.373 639.373 639.373 629.26 594.419 588.804 586.796 594.749 589.15 585.681 593.554 582.3 590.965 589.808 589.489 562.923 376.581 378.49 366.192 357.394
-9999.0 -9999.0 -9999.0 -9999.0 -9999.0 -9999.0 -9999.0 -9999.0 346.582 307.6 285.03 322.673 325.904 315.036 313.319 341.727 319.177 344.325 333.43 334.303 330.908 331.032 332.221 327.793 316.525 330.612 349.814 331.59 325.934 331.301 370.215 357.274 381.778 358.604 362.219 383.859 374.859 392.783 390.818 636.14 636.312 636.717 629.165 629.379 610.649 638.541 635.069 623.645 631.255 639.373 639.373 593.006 597.731 592.234 594.774 589.246 594.988 582.913 587.681 590.885 586.279 582.706 571.759 584.772 593.578 575.907 579.359
-9999.0 -9999.0 -9999.0 -9999.0 -9999.0 -9999.0 -9999.0 -9999.0 -9999.0 336.928 346.24 344.724 333.972 315.529 342.854 307.456 319.554 314.177 334.933 333.656 333.152 331.257 316.508 315.169 306.652 319.232 321.389 342.419 339.842 325.725 336.684 353.78 337.254 368.613 362.231 374.028 386.893 392.961 386.069 392.961 639.373 628.666 607.893 600.083 628.358 635.546 636.776 639.373 365.109 374.684 374.684 373.17 595.2 597.094 595.335 592.175 581.369 592.776 591.142 592.943 586.556 585.295 575.389 580.664 593.962 576.776 577.793
-9999.0 -9999.0 -9999.0 -9999.0 -9999.0 -9999.0 -9999.0 -9999.0 -9999.0 345.688 345.684 332.676 341.842 339.469 333.197 314.497 306.66 313.02 284.356 323.919 332.946 333.249 317.497 299.985 314.649 314.166 315.008 317.134 325.164 335.891 328.58 327.276 336.027 368.725 377.68 363.345 389.237 390.125 392.961 387.98 626.129 611.191 631.807 635.962 639.373 626.079 618.404 616.25 622.231 371.743 374.684 374.684 373.513 595.878 594.633 598.409 594.923 593.96 588.096 583.76 587.939 590.313 588.473 595.941 585.922 575.014 573.881
-9999.0 -9999.0 -9999.0 -9999.0 -9999.0 -9999.0 -9999.0 -9999.0 -9999.0 344.63 347.463 300.045 339.147 305.947 290.1 326.496 300.272 336.919 334.248 337.042 323.919 299.985 299.985 303.234 315.469 312.2 314.741 316.912 349.285 357.721 356.936 343.838 330.079 337.244 368.657 382.885 379.788 391.953 388.662 384.205 384.138 638.552 639.373 636.89 622.655 634.206 637.432 621.945 613.732 605.467 606.918 374.684 374.684 598.409 596.14 598.409 595.128 594.989 595.186 581.09 586.541 588.277 580.762 598.409 588.803 577.116 578.675
-9999.0 -9999.0 -9999.0 -9999.0 -9999.0 -9999.0 -9999.0 -9999.0 -9999.0 -9999.0 -9999.0 -9999.0 304.493 -9999.0 307.463 298.868 325.941 343.565 343.042 323.919 299.985 314.764 303.103 316.367 317.039 335.486 313.383 299.985 353.631 352.995 358.239 359.546 337.924 331.161 373.628 378.987 379.508 382.733 377.745 386.987 392.961 633.272 636.111 635.661 637.544 636.653 636.565 639.058 637.139 639.373 615.997 374.684 374.684 373.877 371.928 598.409 598.409 595.177 597.772 584.814 589.184 588.638 596.14 591.665 588.513 582.854 583.304
-9999.0 -9999.0 -9999.0 -9999.0 -9999.0 -9999.0 -9999.0 -9999.0 -9999.0 -9999.0 -9999.0 -9999.0 -9999.0 -9999.0 306.387 296.193 325.876 325.171 341.273 327.735 338.208 322.438 299.985 318.509 334.218 334.31 317.672 324.869 321.039 318.571 357.386 354.852 331.63 328.86 335.951 351.62 362.322 391.154 392.961 391.616 392.961 392.961 634.804 623.651 611.928 633.176 624.864 621.898 621.043 619.155 614.984 617.818 372.312 372.939 371.184 374.684 598.409 597.678 594.822 598.409 590.573 597.49 589.747 590.088 595.067 592.77 592.34
-9999.0 -9999.0 -9999.0 -9999.0 -9999.0 -9999.0 -9999.0 -9999.0 -9999.0 -9999.0 -9999.0 -9999.0 -9999.0 -9999.0 -9999.0 -9999.0 328.939 304.68 278.471 311.562 309.198 302.4 274.874 299.985 318.793 341.894 334.072 332.546 325.376 358.185 347.406 355.689 353.565 358.835 353.868 353.023 359.579 377.527 391.439 392.961 375.382 382.654 385.197 629.727 638.439 624.319 634.76 639.373 608.467 639.373 615.144 634.386 632.285 359.625 374.684 374.684 598.409 598.409 598.409 595.27 590.838 596.57 594.537 593.111 581.557 592.77 593.107
-9999.0 -9999.0 -9999.0 -9999.0 -9999.0 -9999.0 -9999.0 -9999.0 -9999.0 -9999.0 -9999.0 -9999.0 -9999.0 -9999.0 -9999.0 -9999.0 -9999.0 278.429 281.978 281.936 310.763 318.791 280.586 307.921 304.961 337.605 342.631 324.86 341.435 339.771 356.236 357.328 347.036 355.909 354.104 362.85 362.126 361.643 384.546 392.961 392.47 379.228 382.644 606.679 616.022 595.05 600.03 614.531 629.441 631.033 623.311 631.859 639.373 626.493 374.684 370.981 374.684 598.409 598.409 598.409 585.905 593.069 597.239 598.409 598.409 593.505 586.838
-9999.0 -9999.0 -9999.0 -9999.0 -9999.0 -9999.0 -9999.0 -9999.0 -9999.0 -9999.0 -9999.0 -9999.0 -9999.0 -9999.0 -9999.0 -9999.0 -9999.0 -9999.0 277.283 279.631 319.181 280.955 280.477 299.985 273.994 331.938 307.688 326.607 326.8 317.267 317.984 357.163 353.625 318.178 346.816 358.977 363.877 380.715 361.512 390.619 389.862 392.961 392.961 605.496 601.989 619.605 625.897 610.133 631.963 611.12 639.373 631.433 631.246 639.373 602.819 361.119 368.367 374.684 374.684 598.409 598.409 598.409 596.717 598.409 598.409 598.409 593.084
-9999.0 -9999.0 -9999.0 -9999.0 -9999.0 -9999.0 -9999.0 -9999.0 -9999.0 -9999.0 -9999.0 -9999.0 -9999.0 -9999.0 -9999.0 -9999.0 -9999.0 -9999.0 -9999.0 281.676 305.385 279.147 306.227 325.986 322.736 345.618 311.891 335.526 331.629 316.977 348.847 308.344 319.462 353.589 354.996 361.964 361.948 360.955 367.611 379.533 374.347 386.794 365.439 617.613 612.298 624.196 607.748 638.138 622.45 636.343 630.768 632.721 620.315 598.974 635.986 370.603 372.478 365.96 374.684 598.409 598.409 598.409 587.466 596.192 598.409 598.409 598.409
-9999.0 -9999.0 -9999.0 -9999.0 -9999.0 -9999.0 -9999.0 -9999.0 -9999.0 -9999.0 -9999.0 -9999.0 -9999.0 -9999.0 -9999.0 -9999.0 -9999.0 -9999.0 -9999.0 -9999.0 -9999.0 -9999.0 -9999.0 334.06 294.284 317.818 334.524 346.78 324.423 329.032 304.596 316.26 350.714 358.313 359.947 362.023 361.756 362.354 383.241 386.768 387.847 382.057 390.511 386.44 383.559 390.436 634.002 629.99 613.915 628.473 630.528 627.464 601.098 630.177 621.61 611.8 371.04 366.942 372.787 374.684 374.684 598.409 598.409 598.409 597.91 595.113 598.409
-9999.0 -9999.0 -9999.0 -9999.0 -9999.0 -9999.0 -9999.0 -9999.0 -9999.0 -9999.0 -9999.0 -9999.0 -9999.0 -9999.0 -9999.0 -9999.0 -9999.0 -9999.0 -9999.0 -9999.0 -9999.0 -9999.0 -9999.0 -9999.0 -9999.0 -9999.0 -9999.0 343.447 337.613 320.252 311.261 315.807 317.335 318.17 322.899 361.223 361.332 360.868 361.597 379.237 388.987 381.981 382.785 384.214 390.437 385.726 388.634 612.845 628.852 628.384 612.133 633.311 620.302 634.534 630.511 632.13 603.779 370.745 370.65 374.64 374.684 374.684 598.409 598.409 598.409 598.199 598.409
