static/jobfarm/user_models/minyf/common/HOME-GBHM/输出文件/Output/Grids/soilWaterDepth20020222.asc
ncols 221
nrows 204
xllcorner -627000.0
yllcorner 3955000.0
cellsize 900.0
NODATA_value -9999.0
[rows 90 to 119 of 204, columns 67 to 133 of 221]
260.695 260.203 260.195 276.315 276.878 286.852 310.483 277.162 277.404 277.439 277.351 277.521 369.88 280.183 365.628 282.875 378.519 309.987 285.274 266.955 262.032 262.36 262.096 262.024 261.578 261.854 261.867 275.603 275.43 276.852 263.69 270.808 272.604 270.039 257.584 258.177 258.426 312.652 290.439 305.57 259.934 258.988 262.03 264.457 262.96 260.634 260.935 257.869 258.17 257.505 257.569 258.506 282.253 286.584 265.844 261.752 267.023 269.058 260.567 268.644 265.727 262.279 262.517 261.654 260.942 258.659 260.652
260.285 260.913 277.119 275.074 275.905 371.331 303.622 277.266 277.499 277.38 277.388 369.264 369.802 377.705 364.466 364.232 362.079 380.724 296.541 262.399 262.592 262.451 262.755 261.521 261.788 262.149 262.196 276.436 282.86 333.857 344.66 350.489 316.305 270.457 270.809 259.528 296.44 257.945 274.303 309.646 259.478 259.07 259.23 256.099 255.532 256.725 257.724 258.742 258.022 259.001 261.179 273.792 261.767 265.576 261.267 260.943 262.135 260.124 260.677 260.27 260.834 260.963 261.138 261.217 260.828 259.177 260.689
260.305 295.876 346.194 283.766 276.225 276.033 276.235 277.106 277.476 277.3 277.471 369.109 363.624 378.442 288.826 277.531 333.801 354.793 274.696 262.805 262.046 262.012 261.064 262.32 260.9 275.65 276.064 255.588 270.991 263.879 263.576 264.29 270.3 270.211 271.891 259.843 259.5 259.858 260.304 257.583 258.495 258.674 263.412 257.016 257.752 329.933 300.384 258.094 258.521 260.915 261.218 261.014 260.965 262.714 260.975 278.643 305.503 273.217 260.062 259.904 260.825 260.906 260.621 261.172 260.833 258.261 259.301
274.878 276.594 276.266 275.713 272.965 275.532 275.797 276.509 277.237 277.421 277.488 277.467 284.017 282.946 324.836 310.233 297.415 321.341 285.534 261.254 261.077 260.946 262.526 262.166 262.245 275.233 273.827 273.72 287.749 257.204 264.262 264.923 272.883 272.931 266.523 266.485 268.063 267.785 266.828 261.507 262.197 265.008 257.078 261.918 311.762 257.863 256.865 261.091 261.014 261.118 261.069 261.223 290.184 330.486 332.184 264.985 260.98 260.548 280.272 268.119 266.253 260.163 260.782 260.756 260.752 259.067 260.764
261.43 276.056 274.486 274.01 274.366 275.921 276.554 275.796 276.496 277.169 277.275 277.508 277.494 277.49 277.395 277.431 277.499 275.31 320.832 281.842 281.244 285.725 311.161 276.233 276.439 256.607 255.763 255.229 265.153 312.076 311.373 317.598 265.598 266.953 256.694 257.495 257.935 257.808 256.872 270.397 269.347 264.47 255.035 312.055 254.963 260.771 260.898 261.132 261.107 261.113 261.152 273.773 265.754 262.078 262.509 260.437 260.897 259.669 260.688 260.735 258.64 259.926 260.391 259.946 260.347 259.806 260.729
260.854 276.121 276.106 274.6 276.717 281.335 276.026 276.088 276.073 277.222 277.234 277.178 277.421 277.454 277.407 277.333 277.418 277.18 314.637 274.13 332.98 351.694 350.815 350.954 304.513 308.004 303.618 255.347 283.992 265.641 265.209 265.872 257.092 256.922 258.158 292.743 308.518 255.604 256.149 257.985 258.058 265.875 257.609 316.978 261.284 261.476 261.261 261.162 261.151 261.153 261.168 261.118 261.001 264.127 263.313 263.209 265.011 260.612 260.363 261.095 264.023 260.781 260.934 261.016 260.793 260.237 261.163
262.02 274.964 276.677 276.232 276.2 273.559 272.589 273.552 275.249 256.588 257.376 277.356 277.185 277.326 386.571 300.088 299.257 295.025 275.656 276.921 300.212 309.671 319.007 267.162 266.333 264.582 265.365 265.016 257.329 266.516 271.43 272.133 267.863 265.214 278.209 333.251 283.437 340.656 346.176 260.003 261.714 271.604 273.936 319.28 267.87 267.801 262.316 266.02 261.838 268.59 262.437 261.621 261.722 261.153 261.473 262.041 260.804 262.02 259.57 260.781 261.09 261.141 261.092 261.071 261.064 260.611 259.883
277.737 274.903 275.566 276.692 277.348 280.005 276.771 276.36 275.994 255.021 256.841 256.828 277.326 299.894 277.487 277.409 277.22 276.971 275.894 276.548 255.869 289.451 255.163 257.645 260.889 257.506 261.233 265.28 256.484 264.752 271.054 316.639 290.337 277.587 331.627 346.934 294.604 278.776 258.046 352.932 353.429 287.066 288.295 296.813 268.334 268.124 335.705 262.979 297.484 269.985 263.13 262.92 262.038 261.593 261.237 262.482 261.052 261.966 261.049 261.172 261.257 261.216 261.061 260.985 260.968 259.904 259.0
276.036 275.932 275.112 276.689 277.024 280.877 276.984 272.743 273.19 257.852 257.804 258.041 277.166 299.478 277.383 277.329 281.31 276.998 276.446 276.884 276.375 277.085 273.968 274.503 276.557 276.969 259.644 261.218 256.876 257.64 260.157 259.695 269.08 371.789 277.485 258.449 258.458 259.555 261.627 259.133 258.604 284.567 277.399 351.931 302.578 332.618 332.411 300.059 270.921 270.781 265.462 298.475 263.026 262.828 262.597 262.303 265.295 262.364 264.371 261.137 261.16 261.137 261.24 261.235 261.23 260.923 259.038
275.306 260.031 275.37 274.918 322.932 340.19 300.234 277.302 278.961 269.559 273.423 274.947 270.656 288.095 277.285 277.371 277.296 276.894 277.355 276.999 276.836 275.492 276.258 276.953 253.621 251.672 303.641 262.075 257.752 274.99 275.77 276.566 281.075 297.593 261.214 257.893 258.082 258.096 258.984 257.607 278.433 278.868 325.528 263.531 265.673 266.693 268.266 264.46 270.457 263.832 263.375 264.83 293.321 318.997 311.838 262.671 304.228 262.065 264.21 261.165 261.034 259.823 261.088 261.275 261.234 260.672 259.59
264.861 275.611 276.58 338.208 327.532 256.179 278.423 284.055 274.834 272.84 274.64 264.197 261.235 261.97 265.112 257.981 260.181 277.002 276.042 275.463 276.325 276.759 276.587 277.101 257.574 257.699 257.637 257.794 277.066 275.177 277.801 290.329 278.815 278.744 303.283 263.292 257.958 258.986 258.035 277.202 276.674 292.716 260.237 266.191 265.163 266.411 267.013 270.14 263.793 304.896 267.918 263.144 271.222 356.724 362.712 263.663 271.19 268.845 262.794 261.493 261.168 260.279 258.768 261.058 261.065 260.798 273.295
260.766 275.736 298.779 260.49 276.539 323.345 277.664 267.897 278.881 272.731 275.962 298.451 257.383 255.586 255.917 261.406 262.073 280.494 276.559 277.108 275.214 276.007 275.307 274.235 275.242 257.589 277.187 277.106 277.14 276.78 295.897 284.948 276.933 271.931 258.417 258.488 257.99 258.008 258.415 276.206 286.239 262.837 262.222 262.954 267.158 268.162 266.574 268.728 263.628 263.304 279.355 305.291 278.774 261.455 313.368 263.653 263.052 266.758 261.874 260.958 261.292 261.269 261.053 291.325 261.085 265.335 266.466
261.369 287.242 261.34 261.432 261.41 264.282 334.591 334.19 336.223 360.356 348.644 341.177 257.715 257.434 353.09 338.717 290.199 284.439 282.318 274.531 274.796 276.569 275.9 274.296 276.212 276.076 276.172 274.757 277.003 271.314 274.443 277.413 279.601 281.113 281.014 259.866 258.616 276.567 279.96 277.895 309.556 260.469 261.467 263.235 263.265 262.604 262.819 261.771 261.15 261.064 261.221 261.206 268.948 290.852 284.457 265.331 260.064 272.19 284.721 261.353 261.541 261.107 260.904 260.007 273.544 320.183 259.536
261.376 261.391 261.344 261.683 261.655 262.744 267.139 275.247 279.63 271.992 272.886 263.686 320.273 314.271 313.319 258.063 269.483 306.585 352.479 295.954 297.422 274.504 274.255 273.477 275.433 276.667 279.135 276.338 274.645 276.88 276.176 277.325 274.904 280.086 280.802 337.343 289.914 277.488 277.487 344.662 272.624 261.288 261.647 261.496 314.82 263.785 263.992 261.252 261.801 261.196 261.196 261.116 261.196 263.238 273.922 259.335 259.514 262.146 260.151 261.332 261.747 261.169 260.83 281.024 331.192 359.419 331.973
261.268 261.276 261.575 261.492 261.982 285.075 344.429 327.368 318.152 270.376 263.762 259.713 307.965 314.204 327.512 336.165 324.428 325.706 276.828 276.349 277.149 276.243 275.702 279.43 275.99 276.549 275.936 276.189 276.745 275.593 276.391 275.035 273.824 275.021 315.711 321.222 312.86 308.552 296.04 261.703 261.871 261.427 262.936 319.527 263.041 263.051 263.34 261.302 261.387 261.597 261.071 261.195 261.203 263.693 260.814 266.596 263.314 263.428 259.361 260.838 261.068 261.257 261.236 260.848 262.253 260.31 265.537
261.357 261.374 261.384 261.418 261.408 265.74 291.003 325.681 363.823 321.444 304.766 259.536 287.619 301.062 305.463 335.085 333.647 378.905 361.262 353.63 275.735 283.614 288.682 276.59 276.297 274.885 276.066 277.213 294.031 276.544 274.892 275.704 277.143 286.219 286.635 280.501 279.965 278.817 262.297 280.118 282.078 281.895 317.703 319.985 261.253 263.244 263.96 261.688 260.945 261.086 260.948 261.019 261.256 262.822 259.4 259.765 260.039 259.449 259.801 260.833 260.727 261.035 261.251 262.88 260.766 260.323 260.836
261.678 261.434 261.404 261.434 261.449 264.369 289.092 338.392 338.947 334.761 308.357 296.3 289.427 297.388 295.194 336.162 314.414 277.307 277.341 276.996 276.859 276.887 276.998 277.356 274.721 290.924 306.461 316.25 277.607 276.741 276.77 277.373 277.794 274.909 281.458 279.69 279.115 263.092 280.238 277.594 282.892 311.796 262.914 263.285 263.616 263.19 268.278 261.026 261.017 260.989 261.14 257.987 258.938 278.098 265.634 259.438 259.917 258.278 260.4 260.239 260.391 260.85 260.932 261.199 260.731 259.939 260.655
261.402 258.072 258.083 257.782 267.889 288.509 318.483 340.432 299.209 257.516 315.14 262.887 294.079 295.993 317.182 330.556 257.786 277.188 277.529 276.841 276.756 277.023 277.447 276.356 276.908 292.725 275.262 276.207 289.802 277.376 276.991 294.85 276.3 275.78 277.215 278.62 279.835 279.284 277.247 321.557 267.815 261.796 262.115 263.622 279.254 263.811 271.54 258.181 313.557 291.806 281.564 257.785 261.207 263.281 278.609 281.815 268.51 261.122 260.639 260.855 260.234 260.453 260.907 260.881 260.839 259.305 260.519
273.984 264.648 259.641 331.814 257.832 312.452 331.757 326.782 329.576 263.631 338.866 259.66 261.058 261.947 278.124 301.783 257.378 277.205 277.323 277.307 276.916 277.172 277.132 277.386 277.188 277.164 294.593 277.121 277.062 277.049 277.038 277.374 287.532 289.346 277.411 280.097 280.447 281.671 350.5 280.095 261.834 261.117 261.83 262.66 298.825 262.661 261.741 276.428 311.703 310.293 266.555 274.618 279.065 261.267 264.525 265.282 264.863 265.569 263.073 261.166 260.814 260.874 258.68 260.95 260.816 258.376 260.046
277.63 266.486 265.607 262.732 313.598 320.881 269.766 270.972 266.132 331.39 314.511 307.156 261.225 261.395 281.86 277.581 257.162 276.514 277.373 277.504 277.323 277.254 277.02 277.393 277.138 277.133 279.16 259.845 277.082 276.951 276.9 277.078 277.142 292.018 348.16 305.195 294.515 287.219 277.316 324.14 311.495 309.004 290.58 332.762 261.339 262.457 261.385 272.402 276.201 308.568 267.98 272.508 295.441 264.961 264.933 265.246 264.358 263.91 264.186 269.877 270.151 260.876 260.889 259.282 260.288 258.891 268.246
283.638 261.061 281.386 256.049 308.276 256.335 272.794 273.235 329.47 268.53 333.54 324.37 270.25 258.974 283.171 280.578 316.632 275.984 281.738 381.453 353.771 373.605 375.325 277.357 280.642 278.108 279.298 257.567 257.729 257.489 257.359 257.102 256.906 259.723 316.848 311.618 309.451 276.714 263.063 279.719 279.608 277.676 277.611 259.288 273.271 270.672 261.53 270.846 275.23 310.102 275.227 311.495 257.501 264.263 263.771 264.569 262.55 294.076 262.486 269.179 262.539 263.4 267.541 260.867 264.524 267.404 258.275
274.706 260.381 258.639 261.297 252.468 257.743 259.844 257.244 266.097 321.144 263.475 257.159 336.065 260.079 259.538 293.379 318.122 312.012 314.008 370.162 345.666 341.182 348.359 287.224 283.961 276.317 258.307 266.228 266.412 274.728 276.689 277.114 256.561 257.318 259.633 260.917 294.105 300.031 313.913 262.145 264.519 275.702 271.887 269.999 270.022 270.399 258.021 276.375 274.276 314.264 275.258 312.726 273.101 260.347 259.513 259.651 259.223 344.007 280.156 291.727 279.499 267.677 276.862 262.437 260.803 260.516 260.809
270.451 262.108 255.673 244.65 255.978 253.489 256.928 256.667 259.774 321.256 260.342 258.31 282.252 273.501 259.437 299.453 298.269 313.12 339.773 274.281 277.528 276.971 277.249 281.701 277.049 276.796 257.383 257.507 261.324 263.562 271.374 276.524 275.913 257.631 258.373 259.781 262.026 264.306 272.117 261.756 263.2 272.357 262.266 258.178 264.454 269.838 258.333 299.855 315.016 316.185 268.785 314.583 276.889 261.127 261.24 261.525 259.107 351.439 277.67 279.592 277.728 276.553 266.571 276.991 260.728 259.491 259.489
261.633 256.304 256.569 256.06 276.457 276.301 256.757 256.752 261.804 318.092 262.212 258.865 259.512 322.975 259.856 260.703 301.258 331.648 320.43 276.276 275.359 276.406 279.18 363.002 347.716 282.035 257.401 257.909 259.2 277.617 263.038 270.489 274.532 282.899 280.225 304.766 323.111 265.15 261.7 261.162 264.501 273.182 262.326 309.171 262.226 264.545 264.236 315.754 312.908 286.723 316.554 325.424 315.639 293.465 314.645 260.312 264.456 314.899 278.058 278.651 278.514 278.284 276.815 273.735 282.805 259.124 260.257
277.09 276.465 276.717 276.808 277.027 276.457 276.778 256.395 256.558 324.045 267.8 259.69 259.083 309.948 258.472 261.636 261.769 321.434 313.098 277.084 276.176 354.01 348.871 363.409 287.82 277.46 270.129 285.819 314.885 305.887 311.011 302.241 304.492 319.098 261.6 257.884 257.718 261.709 264.504 264.763 262.041 297.793 267.628 306.049 275.944 273.199 276.72 317.998 257.57 255.765 269.137 300.265 316.056 313.526 315.896 333.321 279.514 332.118 278.712 278.862 282.769 300.497 276.078 276.689 281.733 259.382 260.935
276.974 277.335 277.265 276.966 277.116 277.034 276.855 276.699 256.649 288.797 261.208 257.407 257.361 301.862 255.865 258.292 292.516 257.305 257.065 277.238 351.381 375.643 276.637 351.289 352.718 352.342 330.603 271.28 266.874 274.595 280.969 317.112 325.858 263.598 247.594 257.842 257.898 257.881 257.923 262.255 258.58 267.618 270.581 289.506 274.946 269.609 272.064 259.953 257.086 254.726 266.134 257.333 325.411 319.154 274.101 291.206 305.468 269.609 348.049 347.821 280.106 278.316 276.414 279.513 282.264 282.589 276.75
287.042 277.144 276.923 276.598 276.895 277.373 277.261 276.949 276.795 296.505 279.466 257.734 257.734 253.462 257.012 257.929 257.723 315.85 256.694 351.044 348.07 376.465 344.342 284.231 286.008 352.225 270.611 267.229 277.888 281.403 282.19 262.221 264.914 255.983 256.036 257.883 258.073 257.971 257.868 262.839 258.446 277.733 312.425 258.298 313.949 270.021 274.224 259.302 257.752 255.553 278.425 276.99 272.132 272.653 276.491 272.025 353.131 269.303 342.472 303.69 282.008 282.669 276.347 281.38 282.005 276.459 277.084
276.609 276.661 276.329 276.558 276.847 276.774 277.001 277.131 277.022 276.711 277.227 277.345 277.316 276.151 257.546 257.461 257.622 257.771 257.643 341.675 274.474 347.962 343.656 307.747 282.283 277.003 314.409 279.133 272.071 276.622 320.314 256.856 256.249 255.97 269.189 258.016 257.877 257.909 257.871 261.253 258.384 275.662 279.05 306.615 312.322 309.473 280.937 281.855 260.161 267.196 269.435 276.424 283.397 311.817 276.774 270.507 281.419 342.504 276.645 323.963 280.118 280.557 276.509 282.544 283.071 276.914 277.017
284.627 276.207 274.687 276.439 276.603 276.763 276.983 277.042 277.397 281.286 277.314 277.887 277.37 277.261 277.221 277.133 277.147 257.441 292.667 276.759 276.787 274.972 342.192 276.542 312.993 268.851 260.311 269.539 270.046 261.943 255.119 255.099 256.691 254.056 268.552 271.935 280.544 263.373 258.187 261.193 257.86 271.168 278.642 260.712 312.114 332.654 283.334 280.553 262.886 309.796 309.558 280.929 329.066 276.394 278.454 267.81 283.207 304.65 277.81 351.491 281.405 279.435 276.665 282.866 283.565 276.808 276.918
281.586 271.405 276.421 276.673 276.505 276.782 277.153 276.995 276.192 277.105 277.05 279.397 276.927 277.385 277.315 277.254 283.555 279.27 290.5 276.268 275.137 276.168 299.004 279.193 261.568 352.545 326.468 269.163 262.911 263.106 257.826 257.342 256.784 254.633 272.688 257.71 257.876 257.918 257.857 261.088 258.022 310.507 313.934 276.455 308.633 303.132 294.0 279.129 259.226 267.785 308.485 275.228 345.291 285.529 274.36 272.105 280.398 279.246 347.074 277.446 279.446 276.69 294.409 310.232 402.932 277.224 276.746
