static/jobfarm/user_models/minyf/common/HOME-GBHM/输出文件/Output/Grids/soilWaterDepth20020226.asc
ncols 221
nrows 204
xllcorner -627000.0
yllcorner 3955000.0
cellsize 900.0
NODATA_value -9999.0
[rows 30 to 59 of 204, columns 0 to 66 of 221]
-9999.0 -9999.0 -9999.0 -9999.0 -9999.0 -9999.0 -9999.0 -9999.0 -9999.0 -9999.0 -9999.0 -9999.0 -9999.0 -9999.0 -9999.0 -9999.0 -9999.0 -9999.0 -9999.0 -9999.0 -9999.0 -9999.0 -9999.0 -9999.0 -9999.0 -9999.0 -9999.0 -9999.0 -9999.0 -9999.0 -9999.0 -9999.0 -9999.0 -9999.0 303.883 254.771 259.506 305.789 293.758 260.949 263.231 260.945 377.865 290.84 284.945 268.058 275.922 244.289 239.053 238.455 321.582 241.246 278.267 280.918 271.14 264.586 359.812 363.899 361.772 342.137 282.64 359.31 335.796 337.49 273.724 363.966 265.169
-9999.0 -9999.0 -9999.0 -9999.0 -9999.0 -9999.0 -9999.0 -9999.0 -9999.0 -9999.0 -9999.0 -9999.0 -9999.0 -9999.0 -9999.0 -9999.0 -9999.0 -9999.0 -9999.0 -9999.0 -9999.0 -9999.0 -9999.0 -9999.0 -9999.0 -9999.0 -9999.0 -9999.0 -9999.0 -9999.0 -9999.0 -9999.0 -9999.0 -9999.0 291.105 262.954 262.901 262.218 263.079 263.451 279.761 279.754 378.679 293.499 304.834 284.106 273.563 270.257 276.295 323.782 339.737 343.023 276.68 279.521 273.633 271.515 358.582 265.347 279.8 367.218 369.241 255.522 292.838 292.739 272.535 326.72 358.489
-9999.0 -9999.0 -9999.0 -9999.0 -9999.0 -9999.0 -9999.0 -9999.0 -9999.0 -9999.0 -9999.0 -9999.0 -9999.0 -9999.0 -9999.0 -9999.0 -9999.0 -9999.0 -9999.0 -9999.0 -9999.0 -9999.0 -9999.0 -9999.0 -9999.0 -9999.0 -9999.0 -9999.0 -9999.0 -9999.0 -9999.0 -9999.0 -9999.0 -9999.0 288.814 294.684 262.099 261.773 266.35 266.814 266.098 265.304 257.767 366.455 283.045 279.473 312.444 266.776 322.652 313.36 268.088 347.982 249.626 270.215 251.677 273.275 279.13 334.074 312.475 280.625 365.96 291.951 278.586 273.764 272.639 315.66 265.349
-9999.0 -9999.0 -9999.0 -9999.0 -9999.0 -9999.0 -9999.0 -9999.0 -9999.0 -9999.0 -9999.0 -9999.0 -9999.0 -9999.0 -9999.0 -9999.0 -9999.0 -9999.0 -9999.0 -9999.0 -9999.0 -9999.0 -9999.0 -9999.0 -9999.0 -9999.0 -9999.0 -9999.0 -9999.0 -9999.0 -9999.0 -9999.0 -9999.0 -9999.0 263.618 263.251 288.926 292.14 289.924 266.249 267.402 283.05 385.387 276.964 281.529 282.343 336.637 357.656 269.819 356.139 261.708 268.063 350.94 358.148 240.163 301.114 297.295 290.007 324.999 269.221 342.806 259.674 292.325 294.062 292.745 279.81 267.266
-9999.0 -9999.0 -9999.0 -9999.0 -9999.0 -9999.0 -9999.0 -9999.0 -9999.0 -9999.0 -9999.0 -9999.0 -9999.0 -9999.0 -9999.0 -9999.0 -9999.0 -9999.0 -9999.0 -9999.0 -9999.0 -9999.0 -9999.0 -9999.0 -9999.0 -9999.0 -9999.0 -9999.0 -9999.0 -9999.0 -9999.0 -9999.0 -9999.0 316.736 307.547 283.841 291.827 290.475 300.624 300.394 278.976 393.389 262.419 260.019 289.086 282.898 360.082 315.173 277.825 275.182 317.724 272.19 268.829 242.181 359.258 275.293 263.749 259.075 258.905 268.956 361.018 241.456 252.956 254.235 257.124 259.964 272.801
-9999.0 -9999.0 -9999.0 -9999.0 -9999.0 -9999.0 -9999.0 -9999.0 -9999.0 -9999.0 -9999.0 -9999.0 -9999.0 -9999.0 -9999.0 -9999.0 -9999.0 -9999.0 -9999.0 -9999.0 -9999.0 -9999.0 -9999.0 -9999.0 -9999.0 -9999.0 -9999.0 -9999.0 -9999.0 -9999.0 -9999.0 -9999.0 -9999.0 316.184 301.993 286.786 292.705 362.717 288.551 359.09 341.084 254.999 261.469 258.284 265.788 328.944 304.757 283.504 331.691 267.18 324.395 312.375 271.88 278.767 357.24 367.006 307.722 275.117 281.237 262.151 253.82 359.618 351.316 254.232 253.602 254.093 253.421
-9999.0 -9999.0 -9999.0 -9999.0 -9999.0 -9999.0 -9999.0 -9999.0 -9999.0 -9999.0 -9999.0 -9999.0 -9999.0 -9999.0 -9999.0 -9999.0 -9999.0 -9999.0 -9999.0 -9999.0 -9999.0 -9999.0 -9999.0 -9999.0 -9999.0 -9999.0 -9999.0 -9999.0 -9999.0 -9999.0 -9999.0 -9999.0 -9999.0 -9999.0 308.871 290.888 356.465 358.027 22.204 16.861 256.739 260.538 257.217 261.38 283.53 260.034 286.632 295.096 301.72 331.286 330.607 289.629 261.083 284.723 350.492 279.762 364.365 355.754 282.456 262.726 272.367 353.829 342.207 332.612 361.463 338.999 331.728
-9999.0 -9999.0 -9999.0 -9999.0 -9999.0 -9999.0 -9999.0 -9999.0 -9999.0 -9999.0 -9999.0 -9999.0 -9999.0 -9999.0 -9999.0 -9999.0 -9999.0 -9999.0 -9999.0 -9999.0 -9999.0 -9999.0 -9999.0 -9999.0 -9999.0 -9999.0 -9999.0 -9999.0 -9999.0 -9999.0 -9999.0 -9999.0 -9999.0 -9999.0 -9999.0 289.231 299.384 295.495 17.107 324.686 375.772 267.13 305.619 292.478 260.7 291.277 353.609 332.682 331.934 338.371 304.091 284.981 333.982 334.085 331.509 291.41 345.471 354.662 357.253 288.211 346.532 331.128 268.478 273.678 273.228 272.382 273.029
-9999.0 -9999.0 -9999.0 -9999.0 -9999.0 -9999.0 -9999.0 -9999.0 -9999.0 -9999.0 -9999.0 -9999.0 -9999.0 -9999.0 -9999.0 -9999.0 -9999.0 -9999.0 -9999.0 -9999.0 -9999.0 -9999.0 -9999.0 -9999.0 -9999.0 -9999.0 -9999.0 -9999.0 -9999.0 -9999.0 -9999.0 -9999.0 -9999.0 -9999.0 -9999.0 366.659 344.795 17.538 18.599 292.752 261.181 261.963 293.637 284.093 268.679 319.175 311.487 321.235 314.268 286.141 277.143 348.611 356.759 338.55 335.197 330.799 330.27 283.698 261.035 325.934 360.549 363.125 278.429 358.675 361.997 326.798 289.278
-9999.0 -9999.0 -9999.0 -9999.0 -9999.0 -9999.0 -9999.0 -9999.0 -9999.0 -9999.0 -9999.0 -9999.0 -9999.0 -9999.0 -9999.0 -9999.0 -9999.0 -9999.0 -9999.0 -9999.0 -9999.0 -9999.0 -9999.0 -9999.0 -9999.0 -9999.0 -9999.0 -9999.0 -9999.0 -9999.0 -9999.0 -9999.0 -9999.0 -9999.0 -9999.0 308.027 353.793 289.335 287.533 354.011 326.947 280.342 306.402 289.744 293.708 322.1 273.576 319.326 286.352 361.878 306.697 312.63 282.332 323.372 329.735 269.219 332.006 328.702 273.009 337.082 274.783 354.825 361.244 334.567 329.554 321.825 270.728
-9999.0 -9999.0 -9999.0 -9999.0 -9999.0 -9999.0 -9999.0 -9999.0 -9999.0 -9999.0 -9999.0 -9999.0 -9999.0 -9999.0 -9999.0 -9999.0 -9999.0 -9999.0 -9999.0 -9999.0 -9999.0 -9999.0 -9999.0 -9999.0 -9999.0 -9999.0 -9999.0 -9999.0 -9999.0 -9999.0 -9999.0 -9999.0 -9999.0 -9999.0 289.97 289.906 329.212 362.364 357.731 304.198 282.789 267.945 358.787 353.274 343.5 327.494 358.183 271.087 275.153 265.361 338.635 338.114 312.428 317.447 331.159 314.85 323.993 278.496 255.541 337.351 273.945 281.109 333.295 330.578 327.818 299.646 273.405
-9999.0 -9999.0 -9999.0 -9999.0 -9999.0 -9999.0 -9999.0 -9999.0 -9999.0 -9999.0 -9999.0 -9999.0 -9999.0 -9999.0 -9999.0 -9999.0 -9999.0 -9999.0 -9999.0 -9999.0 -9999.0 -9999.0 -9999.0 -9999.0 -9999.0 -9999.0 -9999.0 -9999.0 -9999.0 -9999.0 -9999.0 -9999.0 -9999.0 -9999.0 -9999.0 323.56 303.67 376.361 336.25 277.105 285.354 288.875 270.736 265.445 332.134 353.379 356.531 324.607 353.886 331.605 331.282 270.464 269.928 272.315 277.706 363.093 359.457 321.388 255.899 336.827 267.329 278.336 325.839 359.923 348.227 351.205 259.311
-9999.0 -9999.0 -9999.0 -9999.0 -9999.0 -9999.0 -9999.0 -9999.0 -9999.0 -9999.0 -9999.0 -9999.0 -9999.0 -9999.0 -9999.0 -9999.0 -9999.0 -9999.0 -9999.0 -9999.0 -9999.0 -9999.0 -9999.0 -9999.0 -9999.0 -9999.0 -9999.0 -9999.0 -9999.0 -9999.0 -9999.0 -9999.0 -9999.0 -9999.0 -9999.0 281.646 333.406 328.494 341.301 328.399 342.202 327.279 320.431 271.983 339.136 337.141 340.874 326.942 348.776 322.238 325.701 273.935 268.551 327.911 315.426 353.59 353.359 324.107 290.326 348.441 279.829 276.024 272.866 346.152 356.718 341.186 264.488
-9999.0 -9999.0 -9999.0 -9999.0 -9999.0 -9999.0 -9999.0 -9999.0 -9999.0 -9999.0 -9999.0 -9999.0 -9999.0 -9999.0 -9999.0 -9999.0 -9999.0 -9999.0 -9999.0 -9999.0 -9999.0 332.366 -9999.0 -9999.0 -9999.0 -9999.0 -9999.0 -9999.0 -9999.0 -9999.0 -9999.0 -9999.0 -9999.0 -9999.0 271.185 277.193 300.279 289.118 287.389 274.213 272.29 333.612 278.009 337.867 277.933 281.507 277.163 292.572 320.639 321.239 333.641 340.278 305.168 347.15 340.492 323.109 356.676 318.828 327.891 338.963 342.482 343.97 343.848 351.693 364.831 348.755 262.765
-9999.0 -9999.0 -9999.0 -9999.0 -9999.0 -9999.0 -9999.0 -9999.0 -9999.0 -9999.0 -9999.0 -9999.0 -9999.0 -9999.0 -9999.0 -9999.0 298.301 298.792 328.616 299.56 332.393 333.513 330.492 333.598 293.123 277.955 269.262 -9999.0 -9999.0 -9999.0 -9999.0 -9999.0 -9999.0 -9999.0 275.254 273.675 288.607 314.574 302.139 277.238 273.391 270.563 273.976 273.82 291.783 282.368 295.079 310.196 321.642 324.925 327.898 338.322 350.322 340.686 347.794 333.482 321.781 364.009 364.687 360.334 363.165 346.54 273.269 363.27 364.01 295.539 259.609
-9999.0 -9999.0 -9999.0 -9999.0 -9999.0 -9999.0 -9999.0 -9999.0 -9999.0 -9999.0 -9999.0 -9999.0 -9999.0 -9999.0 284.515 343.786 295.974 329.806 305.534 325.769 361.404 302.201 300.702 330.102 268.75 270.97 269.617 271.086 -9999.0 -9999.0 -9999.0 -9999.0 266.584 266.996 264.117 266.16 248.031 313.381 314.789 301.829 299.552 278.217 277.096 277.405 284.429 276.705 298.207 330.296 337.923 336.961 340.922 303.644 309.285 329.19 360.613 364.393 310.112 353.972 368.846 367.287 346.243 316.799 367.65 366.039 356.138 264.845 258.062
-9999.0 -9999.0 -9999.0 -9999.0 -9999.0 -9999.0 -9999.0 -9999.0 -9999.0 -9999.0 -9999.0 -9999.0 -9999.0 -9999.0 353.545 333.004 302.602 281.468 328.142 351.518 342.408 331.967 332.704 331.529 324.312 299.11 299.39 283.449 270.743 270.875 257.581 259.505 261.674 265.771 265.163 265.309 268.513 268.524 272.607 248.309 250.3 269.737 271.671 306.968 254.09 277.855 279.681 292.917 321.293 325.036 312.755 313.15 308.052 336.203 356.828 366.257 344.837 364.702 370.08 342.041 362.591 287.996 356.397 365.404 294.62 363.367 342.535
-9999.0 -9999.0 -9999.0 -9999.0 -9999.0 -9999.0 -9999.0 -9999.0 -9999.0 -9999.0 -9999.0 -9999.0 328.959 316.52 350.09 309.125 342.645 331.153 341.133 317.856 305.606 361.14 348.127 337.422 327.588 296.255 271.16 272.335 283.243 290.613 265.127 265.571 259.543 321.525 265.849 266.318 267.393 319.632 291.829 249.116 248.991 249.345 266.328 265.626 275.736 278.007 275.401 275.427 309.078 326.237 311.824 313.955 329.052 348.416 362.62 363.327 367.034 361.412 366.452 366.773 368.43 357.724 354.644 352.29 313.171 296.868 273.316
-9999.0 -9999.0 -9999.0 -9999.0 -9999.0 -9999.0 -9999.0 -9999.0 -9999.0 -9999.0 -9999.0 -9999.0 -9999.0 280.596 293.255 243.175 262.312 263.748 349.317 264.444 349.792 359.597 361.797 281.813 368.041 326.019 293.015 307.925 308.94 288.58 297.405 282.373 265.622 313.572 278.227 276.216 342.919 320.903 253.044 345.136 338.348 332.289 348.981 322.318 301.551 272.307 271.25 313.307 291.889 289.175 295.862 304.953 319.687 307.104 359.863 364.871 369.477 367.085 369.969 366.442 362.193 355.771 362.207 349.366 281.789 343.299 261.801
-9999.0 -9999.0 -9999.0 -9999.0 -9999.0 -9999.0 -9999.0 -9999.0 -9999.0 -9999.0 -9999.0 -9999.0 -9999.0 261.786 262.285 261.196 265.498 246.315 337.65 344.944 349.359 356.557 363.239 359.833 364.911 357.637 359.954 304.989 326.035 320.681 318.23 330.728 263.411 314.085 262.758 295.636 337.682 326.728 267.912 342.958 338.338 332.645 349.911 244.38 333.877 272.084 350.913 323.474 326.548 291.315 267.27 295.057 254.126 17.484 21.843 369.759 368.65 369.183 369.073 365.925 358.869 365.833 288.741 274.497 281.899 337.52 254.775
-9999.0 -9999.0 -9999.0 -9999.0 -9999.0 -9999.0 -9999.0 -9999.0 -9999.0 -9999.0 -9999.0 -9999.0 -9999.0 267.39 240.763 240.472 240.524 340.076 311.451 321.374 352.585 364.812 364.307 357.856 278.523 343.195 315.967 328.177 328.086 362.097 296.903 283.546 260.661 315.134 336.839 345.104 253.124 252.925 326.928 343.947 340.493 326.556 272.31 333.175 272.347 346.101 337.34 330.984 339.209 321.788 320.631 254.399 272.929 17.484 21.88 17.484 271.882 367.004 361.157 370.482 368.286 361.139 270.387 279.284 274.002 307.159 255.061
-9999.0 -9999.0 -9999.0 -9999.0 -9999.0 -9999.0 -9999.0 -9999.0 -9999.0 -9999.0 -9999.0 -9999.0 -9999.0 269.788 240.261 337.496 322.405 338.709 352.88 360.951 359.425 365.646 368.781 360.673 306.789 328.085 327.245 288.188 270.277 343.023 335.745 353.341 340.426 327.591 270.618 269.834 253.89 337.349 328.474 346.344 346.659 335.076 272.367 344.407 329.087 343.537 331.752 342.507 331.129 399.392 402.872 369.385 21.63 21.858 21.546 21.263 366.595 366.286 362.807 354.344 279.181 335.794 271.311 275.799 291.877 315.805 244.121
-9999.0 -9999.0 -9999.0 -9999.0 -9999.0 -9999.0 -9999.0 -9999.0 -9999.0 -9999.0 -9999.0 -9999.0 266.93 267.234 249.778 241.914 240.566 249.616 343.864 338.065 353.997 289.125 362.487 286.043 272.609 288.966 287.049 366.385 326.666 357.592 297.021 253.47 326.15 314.324 338.08 318.506 324.939 336.239 324.236 346.337 353.214 355.349 359.914 303.748 390.502 398.185 404.023 355.67 292.992 344.571 290.948 296.579 264.888 293.303 364.813 359.341 351.979 351.274 328.87 327.267 272.279 334.776 339.463 270.81 333.007 272.534 241.597
-9999.0 -9999.0 -9999.0 -9999.0 -9999.0 -9999.0 -9999.0 -9999.0 -9999.0 291.523 309.182 320.997 275.53 266.27 265.008 267.79 242.678 241.106 339.758 343.991 339.054 362.654 365.493 283.765 295.193 292.995 282.126 275.195 273.029 302.697 346.503 321.154 276.898 306.479 276.033 324.433 329.644 265.856 349.105 314.155 366.567 368.601 370.024 404.596 403.434 396.887 404.686 404.513 396.63 299.304 352.752 257.009 253.351 300.404 335.948 359.444 305.492 333.793 330.459 357.065 270.261 327.562 363.961 360.289 275.828 366.618 244.081
-9999.0 -9999.0 -9999.0 -9999.0 -9999.0 -9999.0 -9999.0 -9999.0 -9999.0 283.004 278.515 329.429 298.904 291.382 289.077 332.084 274.029 267.777 337.481 336.829 354.283 341.535 316.284 312.323 268.114 277.913 305.502 290.132 288.374 271.109 319.369 328.654 260.384 274.718 262.02 267.883 253.992 354.488 363.469 366.166 370.103 370.007 369.241 338.441 399.008 399.579 398.76 399.299 268.873 390.879 377.534 329.044 341.141 359.869 285.349 346.06 338.302 335.028 300.777 280.196 362.663 353.599 357.241 366.859 363.63 305.657 365.876
-9999.0 -9999.0 -9999.0 -9999.0 -9999.0 -9999.0 -9999.0 -9999.0 -9999.0 270.205 266.785 296.023 313.823 280.027 322.47 331.735 328.869 310.197 318.299 262.492 363.541 332.61 296.599 297.764 294.58 279.198 356.078 350.991 352.171 341.674 351.148 271.648 271.839 273.945 264.21 332.222 334.794 335.471 341.424 361.762 313.702 366.517 354.546 403.457 334.371 400.843 347.391 366.864 401.295 397.183 386.154 394.267 358.824 368.711 340.576 349.321 344.561 316.122 322.406 275.638 363.505 353.836 363.764 356.821 356.551 355.283 348.151
-9999.0 -9999.0 -9999.0 -9999.0 -9999.0 -9999.0 -9999.0 -9999.0 -9999.0 264.565 257.917 261.119 336.141 284.96 337.219 326.956 322.03 278.647 333.644 334.428 345.467 341.443 305.923 276.041 286.675 269.821 261.848 277.732 286.343 343.212 339.11 280.605 270.422 268.219 270.507 257.556 296.744 335.332 366.991 311.776 356.952 283.867 363.91 359.699 363.267 363.568 366.445 363.799 361.057 403.435 401.615 364.838 367.5 362.774 366.42 359.828 357.99 342.255 340.54 280.08 351.689 356.429 364.021 359.64 362.01 367.904 346.584
-9999.0 -9999.0 -9999.0 -9999.0 -9999.0 -9999.0 -9999.0 -9999.0 -9999.0 269.891 269.917 274.877 340.197 340.29 347.63 286.881 274.578 303.196 293.996 351.602 327.247 326.626 331.64 295.942 291.392 271.638 270.659 272.89 275.253 317.727 323.17 278.746 259.203 265.938 270.882 270.434 336.069 296.006 348.104 365.998 367.511 363.598 365.891 364.231 362.927 364.19 367.026 366.04 331.771 403.187 402.946 356.387 363.133 362.203 364.91 358.549 355.106 345.847 343.173 242.707 355.692 356.234 361.801 364.27 362.274 352.297 258.339
-9999.0 -9999.0 -9999.0 -9999.0 -9999.0 -9999.0 -9999.0 -9999.0 278.967 267.825 270.157 261.853 337.556 335.802 354.723 342.505 361.331 363.195 354.785 361.456 333.055 337.008 278.973 298.485 266.688 267.213 317.484 270.687 268.527 267.748 279.116 276.866 257.343 267.717 257.634 258.693 270.026 295.377 298.818 344.836 363.217 366.673 363.707 363.468 337.387 357.477 355.5 359.917 401.622 309.271 395.416 341.679 369.364 362.479 346.782 361.85 365.294 366.055 365.848 366.604 368.299 363.741 269.071 360.069 365.596 361.183 363.074
-9999.0 -9999.0 -9999.0 -9999.0 -9999.0 -9999.0 -9999.0 -9999.0 297.078 303.579 304.325 268.598 309.262 326.142 292.951 333.303 288.623 290.607 351.235 363.184 363.349 331.513 341.923 299.493 271.54 314.199 265.112 266.137 300.936 297.6 259.524 275.138 263.872 266.602 257.419 295.788 299.401 295.424 303.171 318.145 326.058 348.611 361.354 364.02 356.59 352.029 368.657 342.285 377.578 371.394 362.212 329.273 329.617 366.946 363.674 277.154 350.104 361.425 281.734 366.389 358.788 368.031 366.318 359.343 358.009 363.928 363.729
