static/jobfarm/user_models/minyf/common/HOME-GBHM/输出文件/Output/Grids/soilWaterDepth20020223.asc
ncols 221
nrows 204
xllcorner -627000.0
yllcorner 3955000.0
cellsize 900.0
NODATA_value -9999.0
[rows 60 to 89 of 204, columns 134 to 200 of 221]
268.644 268.441 314.264 359.024 276.067 301.74 -9999.0 -9999.0 274.284 -9999.0 -9999.0 -9999.0 -9999.0 -9999.0 -9999.0 -9999.0 -9999.0 -9999.0 -9999.0 -9999.0 -9999.0 -9999.0 -9999.0 -9999.0 -9999.0 -9999.0 -9999.0 -9999.0 -9999.0 -9999.0 -9999.0 -9999.0 -9999.0 -9999.0 -9999.0 -9999.0 -9999.0 -9999.0 -9999.0 -9999.0 -9999.0 -9999.0 -9999.0 -9999.0 -9999.0 -9999.0 -9999.0 -9999.0 -9999.0 -9999.0 -9999.0 -9999.0 -9999.0 -9999.0 -9999.0 -9999.0 -9999.0 -9999.0 -9999.0 -9999.0 -9999.0 -9999.0 -9999.0 -9999.0 -9999.0 -9999.0 -9999.0
269.141 269.344 273.728 370.89 374.814 265.554 264.632 263.736 263.954 274.186 269.729 -9999.0 -9999.0 -9999.0 -9999.0 -9999.0 -9999.0 -9999.0 -9999.0 -9999.0 -9999.0 -9999.0 -9999.0 -9999.0 -9999.0 -9999.0 -9999.0 -9999.0 -9999.0 -9999.0 -9999.0 -9999.0 -9999.0 -9999.0 -9999.0 -9999.0 -9999.0 -9999.0 -9999.0 -9999.0 -9999.0 -9999.0 -9999.0 -9999.0 -9999.0 -9999.0 -9999.0 -9999.0 -9999.0 -9999.0 -9999.0 -9999.0 -9999.0 -9999.0 -9999.0 -9999.0 -9999.0 -9999.0 -9999.0 -9999.0 -9999.0 -9999.0 -9999.0 -9999.0 -9999.0 -9999.0 -9999.0
284.12 268.957 268.582 266.698 281.669 340.053 263.708 263.892 264.023 277.324 268.645 270.522 -9999.0 268.788 268.782 -9999.0 -9999.0 -9999.0 -9999.0 -9999.0 -9999.0 -9999.0 -9999.0 -9999.0 -9999.0 -9999.0 -9999.0 -9999.0 -9999.0 -9999.0 -9999.0 -9999.0 -9999.0 -9999.0 -9999.0 -9999.0 -9999.0 -9999.0 -9999.0 -9999.0 -9999.0 -9999.0 -9999.0 -9999.0 -9999.0 -9999.0 -9999.0 -9999.0 -9999.0 -9999.0 -9999.0 -9999.0 -9999.0 -9999.0 -9999.0 -9999.0 -9999.0 -9999.0 -9999.0 -9999.0 -9999.0 -9999.0 -9999.0 -9999.0 -9999.0 -9999.0 -9999.0
265.361 264.962 267.175 264.891 263.462 334.324 341.232 264.882 264.75 328.085 333.035 324.338 303.707 265.082 264.952 -9999.0 -9999.0 -9999.0 -9999.0 -9999.0 -9999.0 -9999.0 -9999.0 -9999.0 -9999.0 -9999.0 -9999.0 -9999.0 -9999.0 -9999.0 -9999.0 -9999.0 -9999.0 -9999.0 -9999.0 -9999.0 -9999.0 -9999.0 -9999.0 -9999.0 -9999.0 -9999.0 -9999.0 -9999.0 -9999.0 -9999.0 -9999.0 -9999.0 -9999.0 -9999.0 -9999.0 -9999.0 -9999.0 -9999.0 -9999.0 -9999.0 -9999.0 -9999.0 -9999.0 -9999.0 -9999.0 -9999.0 -9999.0 -9999.0 -9999.0 -9999.0 -9999.0
266.345 265.52 267.157 266.235 288.769 345.025 264.62 264.161 264.483 296.943 279.042 396.958 421.82 298.291 288.059 265.479 264.236 -9999.0 -9999.0 -9999.0 -9999.0 -9999.0 -9999.0 -9999.0 -9999.0 -9999.0 -9999.0 -9999.0 -9999.0 -9999.0 -9999.0 -9999.0 -9999.0 -9999.0 -9999.0 -9999.0 -9999.0 -9999.0 -9999.0 -9999.0 -9999.0 -9999.0 -9999.0 -9999.0 -9999.0 -9999.0 -9999.0 -9999.0 -9999.0 -9999.0 -9999.0 -9999.0 -9999.0 -9999.0 -9999.0 -9999.0 -9999.0 -9999.0 -9999.0 -9999.0 -9999.0 -9999.0 -9999.0 -9999.0 -9999.0 -9999.0 -9999.0
265.573 265.639 267.475 345.986 352.651 265.251 264.492 300.195 287.614 298.476 283.855 265.378 289.311 399.168 418.714 265.044 267.232 287.978 298.859 -9999.0 -9999.0 -9999.0 -9999.0 -9999.0 -9999.0 -9999.0 -9999.0 -9999.0 -9999.0 -9999.0 -9999.0 -9999.0 -9999.0 -9999.0 -9999.0 -9999.0 -9999.0 -9999.0 -9999.0 -9999.0 -9999.0 -9999.0 -9999.0 -9999.0 -9999.0 -9999.0 -9999.0 -9999.0 -9999.0 -9999.0 -9999.0 -9999.0 -9999.0 -9999.0 -9999.0 -9999.0 -9999.0 -9999.0 -9999.0 -9999.0 -9999.0 -9999.0 -9999.0 -9999.0 -9999.0 -9999.0 -9999.0
310.445 284.598 350.992 290.032 264.435 264.209 277.817 299.897 296.026 267.905 264.838 264.567 264.11 286.732 423.422 311.034 268.939 266.994 271.982 276.687 277.089 -9999.0 264.976 264.551 -9999.0 -9999.0 -9999.0 -9999.0 -9999.0 -9999.0 -9999.0 -9999.0 -9999.0 -9999.0 -9999.0 -9999.0 -9999.0 -9999.0 -9999.0 -9999.0 -9999.0 -9999.0 -9999.0 -9999.0 -9999.0 -9999.0 -9999.0 -9999.0 -9999.0 -9999.0 -9999.0 -9999.0 -9999.0 -9999.0 -9999.0 -9999.0 -9999.0 -9999.0 -9999.0 -9999.0 -9999.0 -9999.0 -9999.0 -9999.0 -9999.0 -9999.0 -9999.0
294.979 290.986 365.7 269.929 310.045 298.724 276.174 359.556 293.966 276.394 266.946 288.288 336.368 290.522 419.135 344.227 298.21 274.059 403.32 311.158 272.178 267.782 265.135 265.564 265.114 -9999.0 -9999.0 -9999.0 -9999.0 -9999.0 -9999.0 -9999.0 -9999.0 -9999.0 -9999.0 -9999.0 -9999.0 -9999.0 -9999.0 -9999.0 -9999.0 -9999.0 -9999.0 -9999.0 -9999.0 -9999.0 -9999.0 -9999.0 -9999.0 -9999.0 -9999.0 -9999.0 -9999.0 -9999.0 -9999.0 -9999.0 -9999.0 -9999.0 -9999.0 -9999.0 -9999.0 -9999.0 -9999.0 -9999.0 -9999.0 -9999.0 -9999.0
337.94 331.426 366.863 276.864 314.428 310.348 344.23 335.439 284.751 290.454 306.384 263.97 286.152 392.745 426.023 309.778 293.675 301.513 335.829 394.814 291.687 297.339 265.585 274.603 279.695 270.036 -9999.0 -9999.0 -9999.0 -9999.0 -9999.0 -9999.0 -9999.0 -9999.0 -9999.0 -9999.0 -9999.0 -9999.0 -9999.0 -9999.0 -9999.0 -9999.0 -9999.0 -9999.0 -9999.0 -9999.0 -9999.0 -9999.0 -9999.0 -9999.0 -9999.0 -9999.0 -9999.0 -9999.0 -9999.0 -9999.0 -9999.0 -9999.0 -9999.0 -9999.0 -9999.0 -9999.0 -9999.0 -9999.0 -9999.0 -9999.0 -9999.0
280.618 396.148 406.463 379.327 299.54 339.28 345.311 300.358 315.394 286.118 322.769 283.242 350.444 346.625 304.043 351.779 315.58 287.541 353.798 391.242 291.846 299.954 274.38 291.064 284.046 279.356 265.689 265.491 -9999.0 -9999.0 -9999.0 -9999.0 -9999.0 -9999.0 -9999.0 -9999.0 -9999.0 -9999.0 -9999.0 -9999.0 -9999.0 -9999.0 -9999.0 -9999.0 -9999.0 -9999.0 -9999.0 -9999.0 -9999.0 -9999.0 -9999.0 -9999.0 -9999.0 -9999.0 -9999.0 -9999.0 -9999.0 -9999.0 -9999.0 -9999.0 -9999.0 -9999.0 -9999.0 -9999.0 -9999.0 -9999.0 -9999.0
278.924 329.596 393.596 357.88 390.494 313.03 316.918 315.556 283.248 300.363 352.84 366.146 387.909 351.372 309.712 399.284 328.215 310.295 393.973 302.679 344.739 291.26 265.067 276.621 350.357 274.806 274.173 265.935 275.075 274.296 -9999.0 -9999.0 -9999.0 -9999.0 -9999.0 -9999.0 -9999.0 -9999.0 -9999.0 -9999.0 -9999.0 -9999.0 -9999.0 -9999.0 -9999.0 -9999.0 -9999.0 -9999.0 -9999.0 -9999.0 -9999.0 -9999.0 -9999.0 -9999.0 -9999.0 -9999.0 -9999.0 -9999.0 -9999.0 -9999.0 -9999.0 -9999.0 -9999.0 -9999.0 -9999.0 -9999.0 -9999.0
392.048 395.018 405.197 330.329 343.665 282.078 282.735 314.7 358.838 300.453 348.317 368.937 320.212 371.155 338.096 400.973 321.328 374.42 347.412 402.246 399.723 276.488 265.33 266.804 341.628 265.988 274.214 273.367 265.859 265.782 265.783 -9999.0 -9999.0 -9999.0 -9999.0 -9999.0 -9999.0 -9999.0 -9999.0 -9999.0 -9999.0 -9999.0 -9999.0 -9999.0 -9999.0 -9999.0 -9999.0 -9999.0 -9999.0 -9999.0 -9999.0 -9999.0 -9999.0 -9999.0 -9999.0 -9999.0 -9999.0 -9999.0 -9999.0 -9999.0 -9999.0 -9999.0 -9999.0 -9999.0 -9999.0 -9999.0 -9999.0
394.875 421.408 427.95 427.787 327.255 343.113 344.437 398.298 355.7 334.078 316.669 319.992 308.629 351.294 394.634 399.799 394.05 396.288 432.836 423.398 405.906 346.998 337.41 347.403 340.537 284.203 286.095 334.924 296.18 292.57 274.902 284.306 -9999.0 -9999.0 -9999.0 -9999.0 -9999.0 -9999.0 -9999.0 -9999.0 -9999.0 -9999.0 -9999.0 -9999.0 -9999.0 -9999.0 -9999.0 -9999.0 -9999.0 -9999.0 -9999.0 -9999.0 -9999.0 -9999.0 -9999.0 -9999.0 -9999.0 -9999.0 -9999.0 -9999.0 -9999.0 -9999.0 -9999.0 -9999.0 -9999.0 -9999.0 -9999.0
421.964 397.017 395.624 424.231 401.895 397.267 404.23 400.307 333.347 319.535 293.964 295.846 299.436 308.118 368.162 394.943 398.042 338.129 401.051 388.431 403.576 410.284 427.431 423.479 290.436 269.69 398.972 338.81 331.692 330.421 282.189 287.511 -9999.0 -9999.0 -9999.0 -9999.0 -9999.0 -9999.0 -9999.0 -9999.0 -9999.0 -9999.0 -9999.0 -9999.0 -9999.0 -9999.0 -9999.0 -9999.0 -9999.0 -9999.0 -9999.0 -9999.0 -9999.0 -9999.0 -9999.0 -9999.0 -9999.0 -9999.0 -9999.0 -9999.0 -9999.0 -9999.0 -9999.0 -9999.0 -9999.0 -9999.0 -9999.0
342.174 318.264 397.482 415.464 437.075 424.5 420.747 333.429 333.073 341.758 333.191 364.203 288.28 268.403 351.714 336.515 403.085 415.453 399.756 400.969 395.075 340.127 394.586 398.311 393.972 317.957 308.616 391.749 392.285 393.061 326.158 268.733 -9999.0 -9999.0 -9999.0 -9999.0 -9999.0 -9999.0 -9999.0 -9999.0 -9999.0 -9999.0 -9999.0 -9999.0 -9999.0 -9999.0 -9999.0 -9999.0 -9999.0 -9999.0 -9999.0 -9999.0 -9999.0 -9999.0 -9999.0 -9999.0 -9999.0 -9999.0 -9999.0 -9999.0 -9999.0 -9999.0 -9999.0 -9999.0 -9999.0 -9999.0 -9999.0
334.275 331.419 395.252 391.279 438.648 428.374 337.938 331.96 394.157 390.964 343.315 304.113 272.582 274.623 264.837 299.654 401.154 418.114 411.491 394.097 340.051 337.318 338.919 386.607 274.476 244.278 319.282 324.436 292.706 391.622 259.027 284.018 297.699 -9999.0 -9999.0 -9999.0 287.338 -9999.0 -9999.0 -9999.0 -9999.0 -9999.0 -9999.0 -9999.0 -9999.0 -9999.0 -9999.0 -9999.0 -9999.0 -9999.0 -9999.0 -9999.0 -9999.0 -9999.0 -9999.0 -9999.0 -9999.0 -9999.0 -9999.0 -9999.0 -9999.0 -9999.0 -9999.0 -9999.0 -9999.0 -9999.0 -9999.0
344.285 347.874 396.015 398.16 347.513 333.139 339.428 400.411 401.187 400.593 396.374 399.132 391.381 299.461 277.71 277.987 340.302 299.113 320.842 337.105 307.553 304.217 342.802 290.422 402.686 265.224 256.925 320.484 266.8 312.458 268.302 292.204 298.2 -9999.0 -9999.0 -9999.0 297.681 320.749 289.893 -9999.0 -9999.0 -9999.0 -9999.0 -9999.0 -9999.0 -9999.0 -9999.0 -9999.0 -9999.0 -9999.0 -9999.0 -9999.0 -9999.0 -9999.0 -9999.0 -9999.0 -9999.0 -9999.0 -9999.0 -9999.0 -9999.0 -9999.0 -9999.0 -9999.0 -9999.0 -9999.0 -9999.0
340.214 393.974 395.568 361.84 338.556 345.184 312.659 409.429 417.682 417.895 298.344 296.643 300.545 270.865 270.55 269.053 346.501 334.096 351.317 265.603 273.316 267.048 266.745 252.275 390.761 238.554 238.069 263.53 276.482 298.552 283.744 277.806 275.604 287.838 292.231 311.182 336.625 340.996 303.397 351.559 301.62 297.099 266.347 -9999.0 -9999.0 -9999.0 -9999.0 -9999.0 -9999.0 -9999.0 -9999.0 -9999.0 -9999.0 -9999.0 -9999.0 -9999.0 -9999.0 -9999.0 -9999.0 -9999.0 -9999.0 -9999.0 -9999.0 -9999.0 -9999.0 -9999.0 -9999.0
331.54 393.043 395.114 345.062 361.749 332.515 347.064 417.589 393.36 398.308 340.753 364.269 313.855 277.269 272.536 271.032 290.533 291.652 309.192 265.967 278.828 264.417 270.246 265.874 274.952 324.292 325.601 324.809 333.747 238.482 292.519 292.234 281.251 284.232 309.989 281.75 265.596 266.737 395.156 374.267 317.859 317.636 317.217 325.085 305.633 -9999.0 -9999.0 -9999.0 -9999.0 -9999.0 -9999.0 -9999.0 -9999.0 -9999.0 -9999.0 -9999.0 -9999.0 -9999.0 -9999.0 -9999.0 -9999.0 -9999.0 -9999.0 -9999.0 -9999.0 -9999.0 -9999.0
396.353 397.337 399.839 366.74 342.765 342.355 348.448 388.672 401.964 407.316 355.98 318.597 321.199 312.027 289.715 278.359 263.968 264.295 265.475 271.391 281.868 345.369 337.001 292.593 394.4 393.66 344.554 327.765 331.902 324.23 296.113 298.721 321.635 323.375 278.348 309.214 325.86 327.279 325.294 394.767 406.715 326.159 356.979 308.102 308.429 -9999.0 -9999.0 -9999.0 -9999.0 -9999.0 -9999.0 -9999.0 -9999.0 -9999.0 -9999.0 -9999.0 -9999.0 -9999.0 -9999.0 -9999.0 -9999.0 -9999.0 -9999.0 -9999.0 -9999.0 -9999.0 -9999.0
401.825 401.032 348.171 341.131 349.841 347.017 411.099 374.793 400.935 401.746 320.662 323.752 292.874 291.539 396.363 290.25 290.001 287.275 270.223 268.097 273.397 264.009 263.174 388.472 283.953 343.962 385.173 392.967 321.083 322.341 399.358 306.849 282.505 322.516 276.123 294.911 287.585 286.942 259.029 258.944 313.143 405.143 323.374 320.521 272.249 259.97 256.516 256.444 -9999.0 -9999.0 -9999.0 -9999.0 -9999.0 -9999.0 -9999.0 -9999.0 -9999.0 -9999.0 -9999.0 -9999.0 -9999.0 -9999.0 -9999.0 -9999.0 -9999.0 -9999.0 -9999.0
395.435 394.895 348.791 342.218 347.875 393.032 423.766 430.659 385.936 350.99 327.537 358.891 358.805 292.529 401.039 397.63 391.216 394.748 400.122 290.833 307.667 275.056 288.56 347.08 331.746 302.574 390.352 417.168 349.879 287.181 388.511 329.626 326.449 307.104 279.667 285.249 287.05 398.674 401.11 286.029 286.111 394.78 398.158 340.453 314.609 309.134 297.552 260.522 290.053 282.445 -9999.0 -9999.0 -9999.0 -9999.0 -9999.0 -9999.0 -9999.0 -9999.0 -9999.0 -9999.0 -9999.0 -9999.0 -9999.0 -9999.0 -9999.0 -9999.0 -9999.0
397.433 401.609 404.41 400.311 416.369 376.967 433.143 433.445 401.676 422.218 298.697 385.626 296.902 401.467 335.343 343.566 298.518 314.035 306.859 389.724 289.264 271.929 295.862 413.276 389.688 382.421 395.295 404.097 289.561 402.106 326.835 323.74 402.402 301.76 257.134 256.289 286.204 284.899 395.652 401.69 317.21 344.988 311.499 395.742 401.967 310.88 314.382 287.769 311.001 289.615 -9999.0 -9999.0 -9999.0 -9999.0 -9999.0 -9999.0 -9999.0 -9999.0 -9999.0 -9999.0 -9999.0 -9999.0 -9999.0 -9999.0 -9999.0 -9999.0 -9999.0
389.824 395.203 399.101 398.798 420.147 418.363 433.456 423.654 328.284 318.405 292.067 296.426 293.637 391.102 290.636 337.041 375.559 326.563 393.904 304.57 392.199 265.592 278.202 394.676 395.741 392.823 332.995 333.89 412.07 392.742 390.749 390.652 392.621 402.638 276.027 277.94 341.629 305.154 297.287 393.315 321.965 322.348 327.094 396.052 277.564 391.123 398.403 324.65 316.783 314.612 -9999.0 -9999.0 -9999.0 -9999.0 -9999.0 -9999.0 -9999.0 -9999.0 -9999.0 -9999.0 -9999.0 -9999.0 -9999.0 -9999.0 -9999.0 -9999.0 -9999.0
316.614 392.432 411.392 386.799 420.796 401.107 382.721 412.586 379.923 339.627 402.88 401.828 410.087 394.963 389.327 366.307 417.569 389.491 384.858 308.397 390.874 309.503 318.887 396.162 394.617 395.645 407.91 342.322 370.623 430.412 415.996 313.911 304.545 304.744 271.546 316.503 314.619 285.679 299.58 397.75 402.562 389.907 397.155 327.945 342.679 281.949 289.394 263.984 262.455 -9999.0 -9999.0 -9999.0 -9999.0 -9999.0 -9999.0 -9999.0 -9999.0 -9999.0 -9999.0 -9999.0 -9999.0 -9999.0 -9999.0 -9999.0 -9999.0 -9999.0 -9999.0
320.11 313.051 265.996 318.364 325.134 396.65 298.721 293.414 293.568 400.314 397.557 392.14 396.699 397.904 319.655 389.733 373.653 375.418 380.665 301.666 300.209 394.95 370.688 400.155 387.213 388.725 400.686 430.484 417.19 387.585 333.123 304.034 307.566 311.192 298.389 282.672 315.479 306.926 287.288 287.014 392.832 394.667 393.076 314.966 339.231 309.094 285.247 289.667 -9999.0 -9999.0 -9999.0 -9999.0 -9999.0 -9999.0 -9999.0 -9999.0 -9999.0 -9999.0 -9999.0 -9999.0 -9999.0 -9999.0 -9999.0 -9999.0 -9999.0 -9999.0 -9999.0
349.576 313.867 274.683 267.024 272.713 327.769 329.1 345.147 292.095 301.104 400.053 388.114 392.713 397.684 396.778 388.558 422.779 391.146 411.692 306.935 304.487 390.917 400.497 403.044 428.8 339.849 400.18 422.869 401.883 391.428 352.966 309.482 306.109 306.597 259.734 323.58 330.278 344.352 359.438 294.133 391.635 330.922 399.039 343.118 337.438 340.871 288.303 287.663 -9999.0 -9999.0 -9999.0 -9999.0 -9999.0 -9999.0 -9999.0 -9999.0 -9999.0 -9999.0 -9999.0 -9999.0 -9999.0 -9999.0 -9999.0 -9999.0 -9999.0 -9999.0 -9999.0
344.157 309.964 270.409 343.192 265.32 319.884 327.077 289.683 278.648 301.735 295.727 291.365 400.614 388.101 397.03 318.823 318.743 366.331 408.28 308.516 398.07 403.098 393.857 402.076 342.221 401.214 332.616 411.745 418.523 404.008 407.51 320.176 306.427 259.391 315.81 314.653 389.192 355.827 351.8 355.122 395.027 393.821 395.663 391.93 390.94 318.408 265.172 264.48 -9999.0 -9999.0 -9999.0 -9999.0 -9999.0 -9999.0 -9999.0 -9999.0 -9999.0 -9999.0 -9999.0 -9999.0 -9999.0 -9999.0 -9999.0 -9999.0 -9999.0 -9999.0 -9999.0
298.783 298.591 264.659 268.039 290.955 315.568 293.031 288.541 351.424 279.182 279.308 318.22 292.207 305.105 390.323 389.196 288.52 336.316 409.56 411.09 366.658 419.705 423.9 404.983 399.299 401.717 399.466 399.397 394.143 389.803 399.221 422.033 262.025 270.205 319.858 354.837 291.508 389.56 320.935 315.202 393.011 398.308 266.1 395.792 340.527 399.916 307.156 265.422 -9999.0 -9999.0 -9999.0 -9999.0 -9999.0 -9999.0 -9999.0 -9999.0 -9999.0 -9999.0 -9999.0 -9999.0 -9999.0 -9999.0 -9999.0 -9999.0 -9999.0 -9999.0 -9999.0
330.912 320.831 264.883 265.38 271.898 320.143 352.597 298.421 302.183 353.142 357.116 289.742 279.428 394.734 381.651 392.871 310.366 312.497 354.975 345.821 348.293 395.703 394.723 397.791 392.094 337.996 328.393 399.739 404.072 414.584 416.795 356.366 299.359 316.573 307.147 305.886 359.393 391.48 290.147 371.254 400.39 397.289 340.722 345.329 354.298 340.588 266.14 265.49 264.471 -9999.0 -9999.0 -9999.0 -9999.0 -9999.0 -9999.0 -9999.0 -9999.0 -9999.0 -9999.0 -9999.0 -9999.0 -9999.0 -9999.0 -9999.0 -9999.0 -9999.0 -9999.0
