static/jobfarm/user_models/minyf/common/HOME-GBHM/输出文件/Output/Grids/soilWaterDepth20020224.asc
ncols 221
nrows 204
xllcorner -627000.0
yllcorner 3955000.0
cellsize 900.0
NODATA_value -9999.0
[rows 120 to 149 of 204, columns 134 to 200 of 221]
355.892 360.373 372.107 350.195 355.714 303.539 351.473 376.373 374.474 329.266 383.643 312.576 312.019 318.748 343.502 352.522 360.482 315.308 341.376 318.316 312.037 323.448 342.496 341.277 312.895 315.449 341.773 318.369 341.602 358.89 346.573 351.824 343.999 344.269 333.595 329.19 325.378 327.745 352.818 351.749 265.963 338.34 336.156 374.502 380.033 375.589 322.982 345.279 346.862 338.071 336.783 337.473 357.253 -9999.0 -9999.0 -9999.0 -9999.0 -9999.0 -9999.0 -9999.0 -9999.0 -9999.0 -9999.0 -9999.0 -9999.0 -9999.0 -9999.0
358.945 360.921 357.683 355.841 374.358 332.157 307.26 349.129 365.032 358.159 360.412 375.747 316.744 307.445 323.231 322.401 347.267 316.511 356.838 346.992 308.489 309.106 360.454 343.455 304.633 318.61 331.335 334.823 320.663 324.417 343.663 337.798 333.959 344.098 327.783 311.116 317.974 352.717 345.775 352.144 289.475 354.372 334.389 378.034 379.212 337.974 335.456 345.998 339.179 333.986 398.041 400.212 419.787 -9999.0 -9999.0 -9999.0 -9999.0 -9999.0 -9999.0 -9999.0 -9999.0 -9999.0 -9999.0 -9999.0 -9999.0 -9999.0 -9999.0
377.662 392.961 357.591 355.901 378.442 331.191 318.01 313.502 302.459 296.306 353.196 342.24 330.304 328.14 320.347 322.291 329.043 310.118 328.151 337.496 314.642 324.913 343.381 299.887 301.686 303.552 333.338 289.344 358.213 347.854 338.78 338.292 311.815 332.601 348.734 319.243 312.787 346.421 349.891 345.572 353.953 333.789 338.336 378.802 378.487 341.476 336.64 337.733 336.167 312.178 401.904 399.125 415.379 -9999.0 -9999.0 -9999.0 -9999.0 -9999.0 -9999.0 -9999.0 -9999.0 -9999.0 -9999.0 -9999.0 -9999.0 -9999.0 -9999.0
355.157 354.803 347.851 355.159 385.486 310.948 332.135 313.45 360.446 307.078 337.195 336.663 335.181 323.85 319.49 324.368 328.288 316.887 324.563 321.071 342.759 347.004 345.707 309.567 311.522 340.999 277.776 363.426 366.945 341.57 344.435 345.14 312.939 343.969 343.637 317.453 348.833 357.568 351.273 346.559 324.167 336.963 367.572 350.329 371.893 364.093 338.403 340.003 351.69 318.324 401.281 340.518 364.174 329.897 -9999.0 -9999.0 -9999.0 -9999.0 -9999.0 -9999.0 -9999.0 -9999.0 -9999.0 -9999.0 -9999.0 -9999.0 -9999.0
361.816 369.684 352.653 355.006 292.667 281.967 330.438 323.208 322.343 289.594 356.195 349.713 336.134 311.815 326.572 325.888 315.93 311.356 319.174 319.316 345.018 315.986 307.532 308.93 282.998 288.576 368.356 383.6 347.83 370.593 350.152 342.156 326.623 314.243 322.565 348.946 344.74 358.084 349.232 323.68 324.534 360.397 335.095 342.578 357.282 369.612 362.828 356.85 316.943 339.455 341.581 340.947 342.929 325.349 -9999.0 -9999.0 -9999.0 -9999.0 -9999.0 -9999.0 -9999.0 -9999.0 -9999.0 -9999.0 -9999.0 -9999.0 -9999.0
359.606 366.693 373.706 357.477 313.828 350.48 292.062 281.32 297.749 286.956 297.525 369.295 364.216 336.775 308.806 328.602 353.415 300.418 321.209 294.392 338.746 310.885 333.257 335.923 360.704 370.661 352.887 354.769 351.215 330.208 352.767 355.425 375.459 321.074 351.647 311.964 328.138 353.97 350.418 353.911 338.72 358.571 341.071 362.054 361.501 365.019 353.588 340.417 338.792 341.239 341.895 347.169 329.028 -9999.0 -9999.0 -9999.0 -9999.0 -9999.0 -9999.0 -9999.0 -9999.0 -9999.0 -9999.0 -9999.0 -9999.0 -9999.0 -9999.0
365.745 360.108 391.623 361.725 366.795 350.439 354.066 358.334 321.467 287.253 317.747 385.664 367.568 355.689 350.641 270.839 301.74 317.927 306.286 303.862 306.679 315.322 337.503 343.722 285.332 342.908 348.107 371.898 356.109 375.952 355.469 351.748 368.615 358.258 351.84 308.401 335.354 354.001 351.978 355.172 362.068 353.975 353.479 330.865 353.829 380.485 309.656 331.009 348.828 316.952 317.951 346.907 327.819 -9999.0 -9999.0 -9999.0 -9999.0 -9999.0 -9999.0 -9999.0 -9999.0 -9999.0 -9999.0 -9999.0 -9999.0 -9999.0 -9999.0
363.469 367.507 368.412 369.139 382.921 351.152 282.408 355.335 354.74 348.863 323.851 371.1 384.072 328.442 360.938 351.949 333.677 319.313 306.969 333.903 329.696 368.913 348.694 370.661 347.791 367.347 340.421 323.31 355.091 363.582 358.525 351.467 372.896 368.904 354.302 312.037 335.535 353.608 351.472 354.87 357.069 353.654 352.216 350.956 328.801 339.73 308.914 318.156 328.8 339.587 348.152 354.358 -9999.0 -9999.0 -9999.0 -9999.0 -9999.0 -9999.0 -9999.0 -9999.0 -9999.0 -9999.0 -9999.0 -9999.0 -9999.0 -9999.0 -9999.0
373.986 357.999 355.842 369.991 355.119 348.762 348.816 355.064 347.994 350.78 332.884 348.8 362.717 363.026 356.145 332.51 332.788 296.585 319.672 338.215 361.58 342.795 355.436 357.342 367.851 358.294 346.15 352.89 362.951 373.85 357.857 349.636 357.809 358.848 355.455 316.321 326.581 354.129 353.37 354.656 358.325 338.267 340.404 320.811 354.021 352.178 345.882 328.194 351.907 351.507 -9999.0 -9999.0 -9999.0 -9999.0 -9999.0 -9999.0 -9999.0 -9999.0 -9999.0 -9999.0 -9999.0 -9999.0 -9999.0 -9999.0 -9999.0 -9999.0 -9999.0
395.676 389.406 338.624 368.386 352.137 379.798 349.235 363.902 354.974 371.045 370.81 374.369 368.419 367.857 355.727 374.38 386.208 362.3 332.958 377.55 391.641 326.183 330.592 363.297 356.641 342.093 294.555 358.586 366.073 370.663 362.918 352.228 366.952 364.032 354.96 317.154 355.419 355.039 353.818 354.793 352.501 332.886 357.136 342.97 334.476 360.257 347.761 367.311 -9999.0 -9999.0 -9999.0 -9999.0 -9999.0 -9999.0 -9999.0 -9999.0 -9999.0 -9999.0 -9999.0 -9999.0 -9999.0 -9999.0 -9999.0 -9999.0 -9999.0 -9999.0 -9999.0
366.596 339.632 374.139 359.236 349.941 370.69 357.065 357.253 355.512 355.08 369.117 369.053 372.502 366.197 367.657 569.469 345.669 368.66 359.031 318.591 357.041 358.596 367.354 366.323 365.213 361.794 355.367 375.538 371.422 372.79 362.975 362.722 350.13 357.639 354.532 353.098 362.025 360.046 324.316 333.221 355.696 348.492 334.77 340.533 366.63 341.05 -9999.0 -9999.0 -9999.0 -9999.0 -9999.0 -9999.0 -9999.0 -9999.0 -9999.0 -9999.0 -9999.0 -9999.0 -9999.0 -9999.0 -9999.0 -9999.0 -9999.0 -9999.0 -9999.0 -9999.0 -9999.0
347.09 380.99 391.474 384.839 382.07 347.467 381.282 350.248 353.645 358.278 385.001 374.195 390.828 359.671 586.115 572.3 328.05 365.729 368.66 323.161 362.068 361.405 375.055 371.002 377.82 302.701 325.03 372.226 364.687 385.564 359.237 361.642 366.918 350.693 359.963 352.34 362.371 362.078 329.778 331.025 342.427 360.698 339.819 343.339 346.415 -9999.0 -9999.0 -9999.0 -9999.0 -9999.0 -9999.0 -9999.0 -9999.0 -9999.0 -9999.0 -9999.0 -9999.0 -9999.0 -9999.0 -9999.0 -9999.0 -9999.0 -9999.0 -9999.0 -9999.0 -9999.0 -9999.0
357.392 392.92 386.943 377.925 382.344 371.73 569.36 379.887 369.571 380.294 362.519 362.207 390.09 582.287 367.92 598.351 364.579 367.522 359.856 341.935 339.559 327.215 321.742 322.484 320.721 354.729 333.701 332.285 392.214 359.311 377.99 359.967 371.514 343.435 330.211 353.966 360.341 360.517 362.379 353.236 366.868 311.161 314.231 303.49 317.976 -9999.0 -9999.0 -9999.0 -9999.0 -9999.0 -9999.0 -9999.0 -9999.0 -9999.0 -9999.0 -9999.0 -9999.0 -9999.0 -9999.0 -9999.0 -9999.0 -9999.0 -9999.0 -9999.0 -9999.0 -9999.0 -9999.0
368.88 382.189 405.519 372.869 357.92 378.107 581.561 362.944 369.692 392.961 366.577 362.713 586.683 594.91 373.125 598.409 368.66 368.66 343.288 334.55 322.914 320.81 350.28 356.08 353.561 360.173 333.875 372.413 381.547 368.145 370.697 378.818 375.247 358.069 323.872 333.69 337.828 357.797 334.427 335.93 328.237 319.995 323.224 363.424 344.498 -9999.0 -9999.0 -9999.0 -9999.0 -9999.0 -9999.0 -9999.0 -9999.0 -9999.0 -9999.0 -9999.0 -9999.0 -9999.0 -9999.0 -9999.0 -9999.0 -9999.0 -9999.0 -9999.0 -9999.0 -9999.0 -9999.0
372.237 382.154 407.01 389.443 379.777 385.241 587.543 576.293 380.968 373.866 387.025 363.074 577.247 567.32 594.346 368.66 365.779 351.819 347.701 350.523 361.676 324.436 341.64 377.658 330.793 347.642 392.961 391.28 367.624 365.332 366.261 371.878 367.976 358.035 323.992 336.121 334.282 367.78 327.257 338.038 322.943 322.81 330.388 331.242 -9999.0 -9999.0 -9999.0 -9999.0 -9999.0 -9999.0 -9999.0 -9999.0 -9999.0 -9999.0 -9999.0 -9999.0 -9999.0 -9999.0 -9999.0 -9999.0 -9999.0 -9999.0 -9999.0 -9999.0 -9999.0 -9999.0 -9999.0
373.045 384.384 379.117 395.878 385.307 375.625 551.326 555.307 376.948 374.451 383.627 385.205 575.514 596.726 363.591 345.719 368.66 333.142 327.493 347.978 360.832 366.004 392.961 392.961 392.706 387.7 387.613 384.905 375.515 356.527 379.041 376.302 371.576 359.019 339.698 351.422 342.584 340.863 338.146 337.673 367.401 331.292 326.803 359.176 -9999.0 -9999.0 -9999.0 -9999.0 -9999.0 -9999.0 -9999.0 -9999.0 -9999.0 -9999.0 -9999.0 -9999.0 -9999.0 -9999.0 -9999.0 -9999.0 -9999.0 -9999.0 -9999.0 -9999.0 -9999.0 -9999.0 -9999.0
370.096 369.963 583.926 370.331 392.955 407.316 590.08 556.743 375.751 581.321 582.303 567.126 579.881 362.566 368.084 368.66 368.66 368.66 617.564 589.805 361.282 360.88 321.461 389.764 390.037 568.032 568.018 350.321 372.201 590.05 588.741 378.855 327.011 373.066 347.063 371.609 331.121 337.082 338.316 334.861 354.82 362.889 273.397 363.349 -9999.0 -9999.0 -9999.0 -9999.0 -9999.0 -9999.0 -9999.0 -9999.0 -9999.0 -9999.0 -9999.0 -9999.0 -9999.0 -9999.0 -9999.0 -9999.0 -9999.0 -9999.0 -9999.0 -9999.0 -9999.0 -9999.0 -9999.0
587.955 585.486 584.515 582.69 369.046 410.478 596.226 577.834 588.227 596.798 595.074 326.444 591.549 358.703 368.66 368.66 363.241 327.801 609.517 616.747 386.462 379.486 383.369 384.435 329.697 592.195 559.193 591.008 379.538 603.091 584.831 378.544 324.92 363.917 375.424 336.083 327.124 341.191 360.47 358.453 338.533 368.805 370.661 322.848 -9999.0 -9999.0 -9999.0 -9999.0 -9999.0 -9999.0 -9999.0 -9999.0 -9999.0 -9999.0 -9999.0 -9999.0 -9999.0 -9999.0 -9999.0 -9999.0 -9999.0 -9999.0 -9999.0 -9999.0 -9999.0 -9999.0 -9999.0
564.556 586.227 571.247 566.973 592.839 592.65 594.355 564.763 596.237 588.912 594.855 356.917 363.294 353.154 366.686 330.622 476.461 504.023 589.651 594.643 360.537 508.282 589.094 374.9 589.988 583.015 591.05 583.887 567.773 587.564 327.61 338.999 341.046 343.009 329.788 337.311 352.837 351.299 355.706 362.23 363.585 368.038 364.623 -9999.0 -9999.0 -9999.0 -9999.0 -9999.0 -9999.0 -9999.0 -9999.0 -9999.0 -9999.0 -9999.0 -9999.0 -9999.0 -9999.0 -9999.0 -9999.0 -9999.0 -9999.0 -9999.0 -9999.0 -9999.0 -9999.0 -9999.0 -9999.0
565.634 582.286 576.154 577.386 580.594 595.383 587.87 593.614 596.249 590.442 338.305 356.706 368.66 362.931 360.437 591.061 496.902 478.632 480.779 357.154 355.68 479.641 584.224 365.504 591.132 581.073 590.899 589.774 583.195 587.311 332.415 353.166 356.273 357.505 372.745 349.679 345.013 345.431 375.247 385.051 387.213 370.169 364.953 -9999.0 -9999.0 -9999.0 -9999.0 -9999.0 -9999.0 -9999.0 -9999.0 -9999.0 -9999.0 -9999.0 -9999.0 -9999.0 -9999.0 -9999.0 -9999.0 -9999.0 -9999.0 -9999.0 -9999.0 -9999.0 -9999.0 -9999.0 -9999.0
590.799 568.388 587.369 587.067 593.08 593.904 597.035 584.487 578.704 596.493 363.889 364.716 362.54 361.988 635.053 608.16 599.185 322.843 334.873 320.878 376.421 474.249 355.894 359.366 590.35 585.429 591.078 593.593 587.549 360.406 367.172 360.179 590.743 359.461 340.783 337.753 370.585 361.095 359.703 359.342 359.882 390.455 392.961 -9999.0 -9999.0 -9999.0 -9999.0 -9999.0 -9999.0 -9999.0 -9999.0 -9999.0 -9999.0 -9999.0 -9999.0 -9999.0 -9999.0 -9999.0 -9999.0 -9999.0 -9999.0 -9999.0 -9999.0 -9999.0 -9999.0 -9999.0 -9999.0
576.531 594.064 591.805 598.409 598.409 598.409 583.853 595.559 598.409 363.881 368.66 367.783 368.66 628.231 614.455 612.117 315.566 325.171 325.68 326.307 360.059 360.992 369.484 356.885 591.643 590.15 591.222 597.809 358.465 357.929 348.458 589.138 358.186 359.578 356.17 359.465 358.575 357.745 374.268 385.828 377.355 -9999.0 -9999.0 -9999.0 -9999.0 -9999.0 -9999.0 -9999.0 -9999.0 -9999.0 -9999.0 -9999.0 -9999.0 -9999.0 -9999.0 -9999.0 -9999.0 -9999.0 -9999.0 -9999.0 -9999.0 -9999.0 -9999.0 -9999.0 -9999.0 -9999.0 -9999.0
400.727 396.557 584.062 598.409 598.409 598.409 574.775 593.254 596.372 356.58 368.66 588.822 590.359 624.385 592.627 592.29 358.917 342.555 285.047 284.771 285.256 324.886 591.209 630.298 586.184 586.291 593.718 616.408 375.424 341.293 589.568 587.968 356.76 353.239 356.294 371.589 385.262 387.724 386.909 388.758 -9999.0 -9999.0 -9999.0 -9999.0 -9999.0 -9999.0 -9999.0 -9999.0 -9999.0 -9999.0 -9999.0 -9999.0 -9999.0 -9999.0 -9999.0 -9999.0 -9999.0 -9999.0 -9999.0 -9999.0 -9999.0 -9999.0 -9999.0 -9999.0 -9999.0 -9999.0 -9999.0
379.212 396.903 404.579 598.409 598.409 593.518 597.361 598.409 355.157 364.273 344.382 590.664 589.257 591.972 591.471 354.718 291.973 320.729 284.331 284.331 284.437 325.853 590.835 590.689 576.727 590.92 590.904 366.616 355.061 593.921 588.381 598.066 357.752 356.76 359.95 354.888 371.127 385.52 389.864 -9999.0 -9999.0 -9999.0 -9999.0 -9999.0 -9999.0 -9999.0 -9999.0 -9999.0 -9999.0 -9999.0 -9999.0 -9999.0 -9999.0 -9999.0 -9999.0 -9999.0 -9999.0 -9999.0 -9999.0 -9999.0 -9999.0 -9999.0 -9999.0 -9999.0 -9999.0 -9999.0 -9999.0
390.567 403.338 403.609 405.966 405.966 588.256 594.649 585.831 354.977 354.899 363.186 605.841 606.315 608.625 375.332 368.143 387.645 375.089 283.94 307.694 307.734 307.073 616.437 589.258 588.025 590.623 590.222 366.87 586.079 585.523 592.813 595.028 603.707 382.585 390.142 387.522 386.87 389.197 -9999.0 -9999.0 -9999.0 -9999.0 -9999.0 -9999.0 -9999.0 -9999.0 -9999.0 -9999.0 -9999.0 -9999.0 -9999.0 -9999.0 -9999.0 -9999.0 -9999.0 -9999.0 -9999.0 -9999.0 -9999.0 -9999.0 -9999.0 -9999.0 -9999.0 -9999.0 -9999.0 -9999.0 -9999.0
397.492 402.765 402.663 405.162 398.535 590.934 598.409 598.409 607.986 639.589 626.465 632.079 629.811 604.984 384.837 281.141 587.041 468.975 464.817 500.069 612.051 590.343 620.542 589.373 632.038 589.957 372.222 588.729 597.004 598.67 587.415 587.415 588.065 376.811 388.62 390.08 390.429 -9999.0 -9999.0 -9999.0 -9999.0 -9999.0 -9999.0 -9999.0 -9999.0 -9999.0 -9999.0 -9999.0 -9999.0 -9999.0 -9999.0 -9999.0 -9999.0 -9999.0 -9999.0 -9999.0 -9999.0 -9999.0 -9999.0 -9999.0 -9999.0 -9999.0 -9999.0 -9999.0 -9999.0 -9999.0 -9999.0
402.727 399.259 403.911 597.314 598.409 593.678 597.437 598.409 367.921 627.475 639.431 634.203 599.824 468.463 466.745 583.877 472.02 468.321 600.407 585.947 587.394 580.754 613.49 590.829 619.926 620.444 596.52 611.323 595.592 598.39 598.818 600.517 591.307 589.769 388.599 391.881 -9999.0 -9999.0 -9999.0 -9999.0 -9999.0 -9999.0 -9999.0 -9999.0 -9999.0 -9999.0 -9999.0 -9999.0 -9999.0 -9999.0 -9999.0 -9999.0 -9999.0 -9999.0 -9999.0 -9999.0 -9999.0 -9999.0 -9999.0 -9999.0 -9999.0 -9999.0 -9999.0 -9999.0 -9999.0 -9999.0 -9999.0
595.897 397.692 402.372 596.506 587.649 598.409 583.99 598.409 361.99 627.554 593.544 607.33 601.957 467.397 467.574 582.824 466.514 546.95 571.168 542.635 604.888 602.887 619.949 636.195 598.286 586.323 588.974 589.582 596.458 601.138 602.328 606.349 609.269 382.964 392.72 392.917 -9999.0 -9999.0 -9999.0 -9999.0 -9999.0 -9999.0 -9999.0 -9999.0 -9999.0 -9999.0 -9999.0 -9999.0 -9999.0 -9999.0 -9999.0 -9999.0 -9999.0 -9999.0 -9999.0 -9999.0 -9999.0 -9999.0 -9999.0 -9999.0 -9999.0 -9999.0 -9999.0 -9999.0 -9999.0 -9999.0 -9999.0
403.277 394.34 392.853 401.797 405.966 405.966 405.966 405.966 368.551 318.026 608.649 616.459 608.302 466.089 465.136 584.124 465.894 601.948 591.981 618.087 584.163 585.107 623.99 612.571 590.999 590.655 590.079 588.408 601.633 596.813 602.201 597.039 599.359 380.478 392.927 -9999.0 -9999.0 -9999.0 -9999.0 -9999.0 -9999.0 -9999.0 -9999.0 -9999.0 -9999.0 -9999.0 -9999.0 -9999.0 -9999.0 -9999.0 -9999.0 -9999.0 -9999.0 -9999.0 -9999.0 -9999.0 -9999.0 -9999.0 -9999.0 -9999.0 -9999.0 -9999.0 -9999.0 -9999.0 -9999.0 -9999.0 -9999.0
399.699 401.634 397.108 399.543 405.966 405.966 405.966 390.985 590.073 338.299 232.191 404.398 618.826 604.955 549.142 610.873 626.472 611.587 568.654 559.875 585.437 593.955 636.603 617.762 589.769 589.056 588.17 587.915 587.361 590.788 591.36 592.715 592.661 383.063 613.747 613.297 -9999.0 -9999.0 -9999.0 -9999.0 -9999.0 -9999.0 -9999.0 -9999.0 -9999.0 -9999.0 -9999.0 -9999.0 -9999.0 -9999.0 -9999.0 -9999.0 -9999.0 -9999.0 -9999.0 -9999.0 -9999.0 -9999.0 -9999.0 -9999.0 -9999.0 -9999.0 -9999.0 -9999.0 -9999.0 -9999.0 -9999.0
