static/jobfarm/user_models/minyf/common/HOME-GBHM/输出文件/Output/Grids/soilWaterDepth20020227.asc
ncols 221
nrows 204
xllcorner -627000.0
yllcorner 3955000.0
cellsize 900.0
NODATA_value -9999.0
[rows 120 to 149 of 204, columns 134 to 200 of 221]
350.306 355.297 289.291 317.494 310.401 322.699 310.6 373.144 372.894 292.926 384.207 313.097 309.741 317.238 342.013 350.614 358.978 312.91 339.161 318.704 312.332 323.878 343.102 284.552 313.231 315.877 250.627 318.688 253.635 278.455 318.138 311.958 319.216 319.29 335.053 329.298 325.429 327.791 354.051 352.049 336.415 304.158 301.784 313.383 380.598 376.17 270.505 312.485 306.685 317.647 337.483 411.669 319.382 -9999.0 -9999.0 -9999.0 -9999.0 -9999.0 -9999.0 -9999.0 -9999.0 -9999.0 -9999.0 -9999.0 -9999.0 -9999.0 -9999.0
351.839 355.931 355.281 348.984 353.54 326.383 348.006 301.634 365.546 359.145 358.842 373.657 314.443 304.786 321.112 320.057 345.563 315.24 355.09 347.785 308.858 363.298 324.794 283.096 305.127 319.056 331.925 262.784 354.908 330.017 307.585 300.502 313.405 307.958 327.828 311.116 317.939 353.962 353.968 347.608 254.923 302.204 272.485 316.557 379.8 275.221 315.033 279.455 339.179 333.986 397.949 342.112 321.062 -9999.0 -9999.0 -9999.0 -9999.0 -9999.0 -9999.0 -9999.0 -9999.0 -9999.0 -9999.0 -9999.0 -9999.0 -9999.0 -9999.0
330.506 388.011 303.062 349.878 341.079 324.114 310.81 305.866 263.31 262.502 350.425 339.603 328.533 326.119 317.831 319.937 326.526 239.472 240.8 338.074 314.961 325.339 300.327 299.985 302.14 303.668 262.796 316.298 336.979 297.964 299.392 301.094 311.934 270.178 348.736 319.243 312.898 354.356 350.283 353.829 352.542 275.788 265.557 379.344 379.256 293.458 336.64 337.733 336.167 312.419 310.499 348.998 300.995 -9999.0 -9999.0 -9999.0 -9999.0 -9999.0 -9999.0 -9999.0 -9999.0 -9999.0 -9999.0 -9999.0 -9999.0 -9999.0 -9999.0
355.37 355.025 347.851 355.428 362.881 308.856 332.226 312.108 321.98 265.14 334.846 334.311 332.126 321.394 316.891 239.449 239.453 237.244 240.821 321.464 313.952 348.212 284.996 309.865 311.79 341.604 355.613 357.054 359.562 305.422 282.914 306.035 312.883 304.578 343.673 317.516 348.689 353.347 351.273 354.43 315.021 336.979 333.17 351.16 303.259 325.995 338.403 340.003 351.738 318.291 401.379 338.945 334.912 269.658 -9999.0 -9999.0 -9999.0 -9999.0 -9999.0 -9999.0 -9999.0 -9999.0 -9999.0 -9999.0 -9999.0 -9999.0 -9999.0
357.784 365.687 352.653 355.223 301.746 284.233 330.6 305.709 310.479 283.924 344.735 347.416 333.533 232.453 323.664 232.486 232.463 239.491 239.47 319.974 345.988 316.531 307.947 309.157 307.037 329.296 333.06 359.583 344.621 310.481 350.029 304.734 326.776 314.243 322.565 349.385 289.803 353.471 350.445 324.522 330.915 348.972 335.084 342.402 314.767 331.085 331.887 356.857 316.903 339.431 341.567 340.947 305.343 269.393 -9999.0 -9999.0 -9999.0 -9999.0 -9999.0 -9999.0 -9999.0 -9999.0 -9999.0 -9999.0 -9999.0 -9999.0 -9999.0
355.439 363.912 384.597 357.245 298.117 350.48 279.575 281.976 295.289 267.241 293.659 362.206 357.137 253.151 233.566 329.148 353.456 232.476 232.505 295.13 339.711 311.385 333.784 336.493 316.133 326.592 351.928 346.659 325.487 312.933 352.885 355.394 318.897 321.038 351.647 312.149 328.148 354.06 350.418 354.002 327.107 347.696 341.141 279.931 322.881 328.578 353.588 340.43 338.792 341.239 341.895 300.209 271.61 -9999.0 -9999.0 -9999.0 -9999.0 -9999.0 -9999.0 -9999.0 -9999.0 -9999.0 -9999.0 -9999.0 -9999.0 -9999.0 -9999.0
362.633 356.074 332.299 318.463 355.285 350.664 354.304 353.765 319.276 273.789 282.507 378.567 345.897 314.599 310.695 232.478 233.597 318.151 306.77 304.498 307.023 316.674 333.407 344.294 298.679 319.477 313.224 349.258 349.234 353.914 344.52 351.651 353.714 347.157 352.023 308.401 335.354 354.001 352.266 355.172 354.989 354.057 353.622 330.859 353.829 380.501 310.162 283.213 348.893 317.073 318.058 346.981 295.04 -9999.0 -9999.0 -9999.0 -9999.0 -9999.0 -9999.0 -9999.0 -9999.0 -9999.0 -9999.0 -9999.0 -9999.0 -9999.0 -9999.0
359.246 363.412 364.547 366.576 348.183 351.406 290.431 355.335 354.74 349.723 275.138 322.358 376.971 290.586 353.852 299.016 230.267 319.589 307.349 297.979 321.397 363.496 335.417 284.111 285.938 329.194 307.001 293.979 348.012 341.94 358.469 351.661 356.716 368.843 354.358 312.28 335.535 353.608 354.204 354.87 350.005 353.745 352.414 351.059 329.394 339.938 265.366 318.223 328.824 284.345 348.107 354.344 -9999.0 -9999.0 -9999.0 -9999.0 -9999.0 -9999.0 -9999.0 -9999.0 -9999.0 -9999.0 -9999.0 -9999.0 -9999.0 -9999.0 -9999.0
371.376 355.429 355.961 367.393 355.161 339.202 348.816 355.107 325.675 350.78 291.128 294.181 295.755 337.9 349.058 291.046 327.418 291.15 312.758 283.092 354.497 335.76 290.296 350.232 336.204 331.001 296.945 346.407 336.202 352.534 357.857 349.504 357.809 358.792 355.462 316.433 326.693 354.129 353.589 354.656 350.889 330.943 335.417 321.047 354.061 352.192 345.853 284.663 318.525 355.028 -9999.0 -9999.0 -9999.0 -9999.0 -9999.0 -9999.0 -9999.0 -9999.0 -9999.0 -9999.0 -9999.0 -9999.0 -9999.0 -9999.0 -9999.0 -9999.0 -9999.0
396.218 389.861 357.132 368.757 352.395 333.957 349.5 364.062 354.974 371.644 350.601 368.979 276.088 294.454 349.093 297.082 380.837 356.925 327.864 372.254 386.234 317.95 323.504 331.487 324.265 313.153 270.023 351.511 311.943 349.407 362.918 352.418 366.952 364.064 354.96 317.154 355.467 355.039 354.279 354.793 345.195 327.45 351.373 335.863 334.508 360.259 292.097 290.04 -9999.0 -9999.0 -9999.0 -9999.0 -9999.0 -9999.0 -9999.0 -9999.0 -9999.0 -9999.0 -9999.0 -9999.0 -9999.0 -9999.0 -9999.0 -9999.0 -9999.0 -9999.0 -9999.0
367.341 345.247 369.912 359.365 350.206 371.19 357.065 357.724 355.98 355.295 352.23 361.961 366.976 290.417 360.568 562.407 340.316 364.064 353.612 310.296 348.99 351.515 340.174 339.556 317.568 318.104 348.293 331.941 351.056 346.213 362.975 363.024 350.466 357.639 354.532 353.022 354.968 354.872 324.559 331.658 354.473 347.36 327.478 333.446 328.368 341.075 -9999.0 -9999.0 -9999.0 -9999.0 -9999.0 -9999.0 -9999.0 -9999.0 -9999.0 -9999.0 -9999.0 -9999.0 -9999.0 -9999.0 -9999.0 -9999.0 -9999.0 -9999.0 -9999.0 -9999.0 -9999.0
334.134 378.197 387.883 326.94 338.441 347.698 337.048 350.736 353.981 358.552 377.848 293.07 280.994 352.417 460.316 565.553 320.93 357.2 363.206 316.078 354.987 354.325 333.062 336.93 286.205 296.103 318.116 330.207 344.975 361.174 359.1 361.642 352.724 350.936 360.048 352.527 355.052 354.761 329.778 329.623 341.175 359.422 332.265 335.802 345.184 -9999.0 -9999.0 -9999.0 -9999.0 -9999.0 -9999.0 -9999.0 -9999.0 -9999.0 -9999.0 -9999.0 -9999.0 -9999.0 -9999.0 -9999.0 -9999.0 -9999.0 -9999.0 -9999.0 -9999.0 -9999.0 -9999.0
353.309 389.652 383.102 373.565 304.799 372.262 569.497 315.146 369.502 373.245 355.344 354.914 381.648 574.97 360.754 519.841 358.699 360.365 352.943 335.376 332.731 320.044 314.651 315.391 313.632 295.429 296.928 299.103 360.736 354.679 351.223 352.915 328.43 343.348 330.467 278.278 353.853 354.027 356.09 347.423 330.034 280.05 280.691 277.235 298.318 -9999.0 -9999.0 -9999.0 -9999.0 -9999.0 -9999.0 -9999.0 -9999.0 -9999.0 -9999.0 -9999.0 -9999.0 -9999.0 -9999.0 -9999.0 -9999.0 -9999.0 -9999.0 -9999.0 -9999.0 -9999.0 -9999.0
364.922 378.252 402.427 368.862 330.837 378.197 581.57 362.976 369.646 312.943 359.41 355.406 579.336 589.032 367.502 593.622 364.238 365.822 335.933 327.757 315.892 313.768 294.12 262.685 292.689 297.534 299.377 352.758 284.212 282.761 283.105 283.964 283.097 327.262 324.18 334.108 331.338 351.426 327.899 329.514 321.134 312.934 316.157 279.044 330.314 -9999.0 -9999.0 -9999.0 -9999.0 -9999.0 -9999.0 -9999.0 -9999.0 -9999.0 -9999.0 -9999.0 -9999.0 -9999.0 -9999.0 -9999.0 -9999.0 -9999.0 -9999.0 -9999.0 -9999.0 -9999.0 -9999.0
368.097 377.697 402.811 390.311 376.472 385.561 587.624 486.425 357.624 366.628 381.877 357.139 571.12 560.997 589.239 365.914 359.344 344.713 341.901 345.108 354.519 317.43 265.919 304.219 332.974 350.652 306.876 306.637 282.663 281.247 349.592 283.227 361.502 351.783 324.545 336.832 327.948 361.322 320.708 331.547 315.789 315.706 277.683 278.499 -9999.0 -9999.0 -9999.0 -9999.0 -9999.0 -9999.0 -9999.0 -9999.0 -9999.0 -9999.0 -9999.0 -9999.0 -9999.0 -9999.0 -9999.0 -9999.0 -9999.0 -9999.0 -9999.0 -9999.0 -9999.0 -9999.0 -9999.0
373.162 380.094 379.636 397.279 385.214 368.223 538.268 545.885 369.664 368.17 378.479 381.323 569.221 458.391 358.478 357.389 364.529 326.567 320.19 342.184 353.676 359.096 306.334 306.099 289.591 279.937 279.665 276.768 282.889 352.155 284.453 283.104 284.323 352.697 333.113 345.053 336.321 334.603 331.63 331.181 330.472 278.068 278.298 279.033 -9999.0 -9999.0 -9999.0 -9999.0 -9999.0 -9999.0 -9999.0 -9999.0 -9999.0 -9999.0 -9999.0 -9999.0 -9999.0 -9999.0 -9999.0 -9999.0 -9999.0 -9999.0 -9999.0 -9999.0 -9999.0 -9999.0 -9999.0
370.202 370.097 503.41 370.779 386.519 321.709 542.47 515.107 307.539 514.382 575.808 560.623 573.662 357.382 362.898 362.881 364.677 362.686 612.016 582.672 354.127 353.805 340.53 287.619 285.483 434.643 434.675 273.372 282.544 585.727 584.425 284.338 322.828 289.153 342.69 365.243 324.582 330.564 331.909 328.467 300.898 326.096 333.786 336.339 -9999.0 -9999.0 -9999.0 -9999.0 -9999.0 -9999.0 -9999.0 -9999.0 -9999.0 -9999.0 -9999.0 -9999.0 -9999.0 -9999.0 -9999.0 -9999.0 -9999.0 -9999.0 -9999.0 -9999.0 -9999.0 -9999.0 -9999.0
587.998 508.006 523.506 518.914 366.327 404.054 547.318 559.581 488.276 493.576 589.857 319.828 585.085 353.635 365.505 366.33 358.064 321.633 603.276 610.9 381.096 372.344 275.934 276.534 296.643 473.893 433.776 586.632 284.981 455.213 581.071 340.111 320.876 359.629 267.302 329.558 320.605 334.272 353.454 351.763 318.558 342.945 340.983 342.533 -9999.0 -9999.0 -9999.0 -9999.0 -9999.0 -9999.0 -9999.0 -9999.0 -9999.0 -9999.0 -9999.0 -9999.0 -9999.0 -9999.0 -9999.0 -9999.0 -9999.0 -9999.0 -9999.0 -9999.0 -9999.0 -9999.0 -9999.0
562.077 584.686 571.565 567.009 442.547 590.275 444.692 562.122 556.683 582.485 589.712 350.46 357.095 346.58 361.516 325.512 427.078 430.496 583.073 587.267 272.205 431.117 586.265 371.962 587.137 580.321 588.176 581.28 466.183 584.736 324.682 334.505 338.021 338.715 325.315 331.041 346.422 344.344 348.721 329.247 330.303 325.701 339.955 -9999.0 -9999.0 -9999.0 -9999.0 -9999.0 -9999.0 -9999.0 -9999.0 -9999.0 -9999.0 -9999.0 -9999.0 -9999.0 -9999.0 -9999.0 -9999.0 -9999.0 -9999.0 -9999.0 -9999.0 -9999.0 -9999.0 -9999.0 -9999.0
563.197 580.518 573.722 571.064 578.506 592.901 585.392 591.046 524.485 584.153 332.089 350.386 364.911 356.555 355.291 584.575 430.308 427.613 427.684 282.37 272.961 427.92 582.14 362.863 588.265 578.397 588.017 586.881 580.456 584.447 329.611 350.491 351.775 353.146 368.508 345.324 338.584 338.994 368.211 378.032 331.943 352.085 325.056 -9999.0 -9999.0 -9999.0 -9999.0 -9999.0 -9999.0 -9999.0 -9999.0 -9999.0 -9999.0 -9999.0 -9999.0 -9999.0 -9999.0 -9999.0 -9999.0 -9999.0 -9999.0 -9999.0 -9999.0 -9999.0 -9999.0 -9999.0 -9999.0
472.568 565.792 585.004 584.597 590.565 591.454 593.838 578.1 572.321 590.07 357.671 358.344 358.054 356.825 479.069 603.411 441.338 282.086 286.386 326.298 282.22 457.577 353.183 356.631 587.458 582.672 588.166 590.945 584.727 357.515 364.385 357.265 586.377 355.108 336.347 333.317 366.282 354.601 353.136 352.53 353.132 347.45 368.32 -9999.0 -9999.0 -9999.0 -9999.0 -9999.0 -9999.0 -9999.0 -9999.0 -9999.0 -9999.0 -9999.0 -9999.0 -9999.0 -9999.0 -9999.0 -9999.0 -9999.0 -9999.0 -9999.0 -9999.0 -9999.0 -9999.0 -9999.0 -9999.0
460.209 480.705 590.149 573.285 551.873 443.881 584.979 591.6 594.59 359.29 365.779 364.407 366.097 622.9 609.893 606.906 282.228 282.199 310.192 335.989 288.804 275.622 366.746 354.434 589.242 587.515 588.315 595.155 355.708 356.128 345.417 586.229 355.257 355.215 351.719 355.007 354.11 351.115 367.946 378.836 370.479 -9999.0 -9999.0 -9999.0 -9999.0 -9999.0 -9999.0 -9999.0 -9999.0 -9999.0 -9999.0 -9999.0 -9999.0 -9999.0 -9999.0 -9999.0 -9999.0 -9999.0 -9999.0 -9999.0 -9999.0 -9999.0 -9999.0 -9999.0 -9999.0 -9999.0 -9999.0
398.196 394.01 581.537 595.647 559.491 432.634 570.593 588.804 494.75 351.31 363.269 584.453 586.18 619.235 586.088 585.794 284.903 275.935 284.541 284.315 284.663 282.714 588.312 510.324 583.451 583.706 591.215 613.71 372.681 338.783 586.667 584.976 353.694 350.225 351.739 367.362 275.847 381.266 380.536 381.793 -9999.0 -9999.0 -9999.0 -9999.0 -9999.0 -9999.0 -9999.0 -9999.0 -9999.0 -9999.0 -9999.0 -9999.0 -9999.0 -9999.0 -9999.0 -9999.0 -9999.0 -9999.0 -9999.0 -9999.0 -9999.0 -9999.0 -9999.0 -9999.0 -9999.0 -9999.0 -9999.0
376.692 394.695 402.665 597.057 573.387 593.68 597.371 418.986 352.917 355.591 340.261 408.355 584.97 585.402 585.029 354.668 301.707 340.692 283.877 283.884 283.999 274.947 588.142 587.985 575.67 588.207 588.167 364.955 352.774 591.261 585.389 495.204 354.81 353.829 355.502 350.415 366.858 379.091 382.875 -9999.0 -9999.0 -9999.0 -9999.0 -9999.0 -9999.0 -9999.0 -9999.0 -9999.0 -9999.0 -9999.0 -9999.0 -9999.0 -9999.0 -9999.0 -9999.0 -9999.0 -9999.0 -9999.0 -9999.0 -9999.0 -9999.0 -9999.0 -9999.0 -9999.0 -9999.0 -9999.0 -9999.0
388.181 400.728 400.949 404.094 404.905 456.868 593.884 597.356 351.164 351.067 233.221 411.271 602.85 605.314 363.39 371.251 346.056 362.115 308.775 364.488 366.341 368.245 614.614 586.589 585.306 587.885 587.526 364.207 583.306 582.737 507.466 510.205 502.911 378.153 281.706 276.579 276.036 294.617 -9999.0 -9999.0 -9999.0 -9999.0 -9999.0 -9999.0 -9999.0 -9999.0 -9999.0 -9999.0 -9999.0 -9999.0 -9999.0 -9999.0 -9999.0 -9999.0 -9999.0 -9999.0 -9999.0 -9999.0 -9999.0 -9999.0 -9999.0 -9999.0 -9999.0 -9999.0 -9999.0 -9999.0 -9999.0
394.849 400.136 400.025 402.457 395.83 596.417 596.181 457.924 605.6 409.263 623.943 625.53 593.805 584.615 360.071 312.412 587.041 505.786 483.186 499.504 612.251 495.319 618.705 586.685 630.197 587.251 369.204 586.067 499.64 510.894 584.613 584.504 585.141 373.756 278.238 284.171 288.572 -9999.0 -9999.0 -9999.0 -9999.0 -9999.0 -9999.0 -9999.0 -9999.0 -9999.0 -9999.0 -9999.0 -9999.0 -9999.0 -9999.0 -9999.0 -9999.0 -9999.0 -9999.0 -9999.0 -9999.0 -9999.0 -9999.0 -9999.0 -9999.0 -9999.0 -9999.0 -9999.0 -9999.0 -9999.0 -9999.0
400.026 396.702 401.218 594.579 596.157 595.901 594.724 574.615 248.643 626.086 517.13 529.274 597.166 489.963 492.017 584.105 463.67 504.61 503.409 586.458 587.847 581.449 611.646 588.131 618.17 617.917 594.206 475.014 499.184 510.647 514.143 515.91 588.257 586.735 278.223 288.119 -9999.0 -9999.0 -9999.0 -9999.0 -9999.0 -9999.0 -9999.0 -9999.0 -9999.0 -9999.0 -9999.0 -9999.0 -9999.0 -9999.0 -9999.0 -9999.0 -9999.0 -9999.0 -9999.0 -9999.0 -9999.0 -9999.0 -9999.0 -9999.0 -9999.0 -9999.0 -9999.0 -9999.0 -9999.0 -9999.0 -9999.0
593.231 395.168 399.684 593.811 596.535 596.223 597.648 557.074 359.278 622.256 586.678 604.808 599.481 501.756 497.787 582.909 485.458 517.671 476.595 463.367 605.702 603.781 618.273 634.295 596.789 583.522 586.191 586.842 499.492 513.274 514.142 520.448 522.801 379.89 288.298 288.398 -9999.0 -9999.0 -9999.0 -9999.0 -9999.0 -9999.0 -9999.0 -9999.0 -9999.0 -9999.0 -9999.0 -9999.0 -9999.0 -9999.0 -9999.0 -9999.0 -9999.0 -9999.0 -9999.0 -9999.0 -9999.0 -9999.0 -9999.0 -9999.0 -9999.0 -9999.0 -9999.0 -9999.0 -9999.0 -9999.0 -9999.0
400.585 392.224 390.401 399.145 404.992 404.857 404.84 404.573 363.996 318.026 603.402 609.513 533.221 499.902 499.45 584.197 484.613 503.883 506.313 484.982 584.697 585.564 622.16 609.967 588.217 587.859 587.286 585.67 599.008 499.597 501.854 509.278 503.84 377.353 288.404 -9999.0 -9999.0 -9999.0 -9999.0 -9999.0 -9999.0 -9999.0 -9999.0 -9999.0 -9999.0 -9999.0 -9999.0 -9999.0 -9999.0 -9999.0 -9999.0 -9999.0 -9999.0 -9999.0 -9999.0 -9999.0 -9999.0 -9999.0 -9999.0 -9999.0 -9999.0 -9999.0 -9999.0 -9999.0 -9999.0 -9999.0 -9999.0
397.194 399.031 394.58 396.984 405.223 405.15 404.009 388.23 587.334 335.605 345.37 611.425 510.453 502.419 593.79 611.611 584.359 478.72 483.243 486.167 586.237 501.227 513.464 615.3 587.425 586.549 585.343 585.265 584.735 587.932 588.505 504.449 504.358 379.957 470.259 472.375 -9999.0 -9999.0 -9999.0 -9999.0 -9999.0 -9999.0 -9999.0 -9999.0 -9999.0 -9999.0 -9999.0 -9999.0 -9999.0 -9999.0 -9999.0 -9999.0 -9999.0 -9999.0 -9999.0 -9999.0 -9999.0 -9999.0 -9999.0 -9999.0 -9999.0 -9999.0 -9999.0 -9999.0 -9999.0 -9999.0 -9999.0
