static/jobfarm/user_models/minyf/common/HOME-GBHM/输出文件/Output/Grids/soilWaterDepth20020223.asc
ncols 221
nrows 204
xllcorner -627000.0
yllcorner 3955000.0
cellsize 900.0
NODATA_value -9999.0
[rows 30 to 59 of 204, columns 67 to 133 of 221]
312.276 317.257 328.324 332.364 351.876 327.407 323.963 320.948 321.24 331.239 350.488 336.925 359.439 350.968 297.202 352.723 356.376 368.277 361.527 361.991 367.819 365.971 349.566 292.647 299.901 294.267 324.511 263.264 256.278 259.325 336.58 260.68 260.518 266.709 265.731 270.132 317.113 296.341 369.417 307.265 359.092 371.893 364.882 354.169 311.065 363.046 303.458 392.086 -9999.0 -9999.0 -9999.0 -9999.0 -9999.0 -9999.0 -9999.0 -9999.0 -9999.0 -9999.0 -9999.0 -9999.0 -9999.0 -9999.0 -9999.0 -9999.0 -9999.0 -9999.0 -9999.0
310.891 303.936 347.878 352.246 310.98 332.59 332.521 318.47 317.385 315.651 316.016 344.659 362.949 357.307 338.795 291.872 361.27 363.388 354.328 310.205 341.76 352.469 331.38 340.902 338.399 290.058 342.802 265.271 260.579 260.574 341.845 262.168 271.822 267.563 341.718 323.876 358.344 305.215 360.139 374.931 366.765 353.117 368.311 347.043 370.552 340.535 257.786 382.61 269.107 297.909 274.769 -9999.0 -9999.0 -9999.0 -9999.0 -9999.0 -9999.0 -9999.0 -9999.0 -9999.0 -9999.0 -9999.0 -9999.0 -9999.0 -9999.0 -9999.0 -9999.0
305.876 330.769 324.457 331.808 302.342 319.548 301.804 355.846 356.988 296.017 333.232 348.097 352.017 381.478 389.828 392.516 395.028 394.204 364.175 305.115 350.178 336.369 330.236 310.257 313.323 342.658 314.027 260.407 259.366 263.32 357.23 292.919 285.635 290.631 286.809 309.388 268.911 364.946 358.39 340.911 342.603 341.434 338.555 357.922 355.945 354.727 358.764 335.756 300.814 277.031 285.784 280.246 -9999.0 -9999.0 -9999.0 -9999.0 -9999.0 -9999.0 -9999.0 -9999.0 -9999.0 -9999.0 -9999.0 -9999.0 -9999.0 -9999.0 -9999.0
353.327 346.087 305.783 295.919 295.884 319.612 314.968 319.671 345.721 351.258 324.384 362.713 317.676 387.125 392.979 389.913 396.8 313.97 310.369 290.619 265.488 331.645 343.85 299.046 336.303 335.31 259.11 285.239 261.599 352.471 260.52 286.375 291.877 321.724 313.727 351.17 261.491 327.927 294.424 351.295 340.019 364.701 339.055 297.168 309.365 347.052 360.93 302.323 297.484 310.782 278.175 274.121 268.124 -9999.0 -9999.0 -9999.0 -9999.0 -9999.0 -9999.0 -9999.0 -9999.0 -9999.0 -9999.0 -9999.0 -9999.0 -9999.0 -9999.0
305.264 305.942 323.414 352.68 329.583 318.506 310.775 299.075 328.871 334.24 353.357 362.873 363.299 314.09 395.009 396.788 396.357 327.804 292.525 297.539 329.527 331.127 338.645 335.044 275.103 328.709 267.479 332.968 353.749 261.591 261.239 263.725 300.869 349.048 353.332 261.5 263.033 261.729 353.146 351.039 310.09 342.531 327.996 348.694 354.365 271.433 370.132 302.405 343.179 357.126 291.379 279.113 -9999.0 -9999.0 -9999.0 -9999.0 -9999.0 -9999.0 -9999.0 -9999.0 -9999.0 -9999.0 -9999.0 -9999.0 -9999.0 -9999.0 -9999.0
307.406 286.479 363.491 312.413 303.792 347.742 331.606 345.993 330.58 355.166 356.428 395.803 360.683 386.049 395.909 396.593 334.546 348.564 347.091 342.589 287.616 331.543 347.567 333.772 307.047 312.505 277.379 331.466 300.018 261.412 263.833 315.446 294.325 317.372 334.545 259.857 280.734 261.241 266.932 342.797 342.088 338.417 339.931 374.46 354.734 369.283 355.225 355.066 349.588 322.035 304.209 275.249 -9999.0 -9999.0 -9999.0 -9999.0 -9999.0 -9999.0 -9999.0 -9999.0 -9999.0 -9999.0 -9999.0 -9999.0 -9999.0 -9999.0 -9999.0
353.681 319.653 353.071 299.532 329.095 294.414 314.743 348.098 340.153 310.731 310.447 297.57 301.316 358.444 393.716 328.977 358.689 271.694 275.295 308.062 287.49 270.177 338.83 238.099 325.94 345.8 335.275 324.527 263.995 264.622 331.889 335.189 331.43 317.627 264.116 259.196 261.543 280.877 262.573 296.181 324.715 303.698 338.915 374.796 334.391 358.357 345.555 331.045 304.53 339.496 316.576 286.039 284.267 -9999.0 -9999.0 -9999.0 -9999.0 -9999.0 -9999.0 -9999.0 -9999.0 -9999.0 -9999.0 -9999.0 -9999.0 -9999.0 -9999.0
332.101 352.351 352.443 327.58 330.448 333.887 331.15 337.031 331.375 332.057 310.465 292.728 279.339 263.556 307.53 262.41 326.034 269.505 335.115 289.385 295.93 290.04 262.067 331.393 238.908 237.912 318.961 339.41 259.15 335.668 328.55 334.531 342.586 328.158 351.174 263.771 327.471 260.353 262.183 282.525 325.896 360.958 354.616 366.082 303.116 278.63 334.371 340.923 281.645 321.705 316.554 300.608 290.042 -9999.0 -9999.0 -9999.0 -9999.0 -9999.0 -9999.0 -9999.0 -9999.0 -9999.0 -9999.0 -9999.0 -9999.0 -9999.0 -9999.0
347.393 320.434 357.331 275.165 320.851 273.993 315.426 325.132 311.887 371.991 310.162 295.978 304.092 280.087 333.303 262.72 271.354 363.676 281.317 285.788 357.419 266.001 273.573 352.547 340.976 322.445 311.504 357.275 352.008 355.35 361.077 357.497 325.538 298.138 344.235 259.78 337.693 257.704 268.271 341.988 287.626 350.21 343.335 341.589 302.195 345.177 331.004 284.705 336.805 329.464 297.858 300.517 307.449 268.752 262.547 260.63 260.259 262.353 253.034 -9999.0 -9999.0 -9999.0 -9999.0 -9999.0 -9999.0 -9999.0 -9999.0
368.356 311.747 319.08 361.135 310.476 346.855 314.152 318.203 310.784 371.933 372.707 284.97 303.509 291.876 268.973 264.658 393.157 263.273 335.513 310.123 299.123 305.094 355.307 279.281 351.915 316.968 349.234 364.641 361.122 363.697 350.546 357.139 336.835 338.373 340.736 272.255 286.286 321.299 265.235 336.189 286.702 356.123 349.13 315.714 296.842 343.782 322.079 291.107 282.885 365.063 370.971 316.32 318.621 270.119 267.739 262.239 258.409 260.046 261.774 260.576 -9999.0 -9999.0 -9999.0 -9999.0 -9999.0 -9999.0 -9999.0
356.492 312.894 356.356 318.113 351.384 324.828 349.863 318.877 363.012 352.668 391.804 377.203 280.116 297.221 269.526 271.103 394.305 261.284 284.178 303.124 256.381 347.251 262.08 335.329 288.865 331.321 343.999 336.995 324.191 325.332 278.915 336.586 352.903 266.969 338.323 258.154 261.332 351.533 338.321 270.996 348.869 352.131 361.774 348.738 335.451 353.541 362.388 345.733 352.826 306.446 321.484 318.677 330.042 270.756 268.21 264.853 263.197 267.238 267.078 262.173 -9999.0 -9999.0 -9999.0 -9999.0 -9999.0 -9999.0 -9999.0
335.094 328.202 342.399 326.03 357.956 328.32 357.564 333.945 389.2 359.851 359.547 381.933 275.336 288.508 286.844 276.774 256.395 263.326 314.857 256.471 322.604 267.791 271.248 327.364 337.73 265.753 340.917 326.681 337.818 355.325 339.888 342.087 326.552 350.803 322.544 348.374 283.866 288.495 323.442 342.143 323.151 352.196 337.517 345.466 338.82 276.397 357.619 360.806 328.583 336.177 321.754 351.697 358.037 269.462 305.222 290.92 267.622 268.072 357.257 260.237 262.248 -9999.0 -9999.0 -9999.0 -9999.0 -9999.0 -9999.0
341.699 355.755 346.349 358.724 311.53 324.559 332.71 354.77 389.591 359.972 307.841 359.244 390.912 339.287 351.599 275.325 312.831 262.562 262.273 318.542 295.466 261.237 262.174 327.248 308.706 307.375 312.338 327.934 345.084 321.089 327.366 309.389 305.602 368.564 328.013 267.009 260.554 259.25 288.47 288.96 274.384 338.927 359.519 337.41 362.191 337.072 356.713 334.903 301.816 338.594 368.48 363.338 367.431 313.634 344.083 273.741 266.006 267.609 370.204 262.73 -9999.0 -9999.0 -9999.0 -9999.0 -9999.0 -9999.0 -9999.0
343.531 354.288 338.267 370.69 350.836 358.316 391.496 391.163 359.381 390.33 359.316 307.243 358.549 325.773 343.802 362.702 350.536 272.512 259.734 274.445 262.776 261.788 261.747 323.811 273.915 288.414 284.684 338.639 334.341 326.349 343.372 339.222 301.595 308.982 347.189 322.745 272.648 258.787 279.917 284.288 360.026 324.868 363.738 285.199 330.97 351.21 344.254 358.435 355.741 356.967 357.946 326.726 324.964 292.738 357.746 285.942 272.545 365.775 262.581 263.365 -9999.0 -9999.0 -9999.0 -9999.0 -9999.0 -9999.0 -9999.0
320.845 362.968 392.739 340.071 370.533 309.317 391.23 372.364 356.838 359.293 359.213 310.273 359.239 347.75 362.916 337.447 343.734 275.861 260.23 280.365 262.96 260.321 327.854 260.193 270.206 285.98 289.286 288.741 326.716 345.754 340.51 312.422 309.6 339.21 344.554 331.851 256.442 259.338 264.901 279.426 266.75 337.39 346.354 360.729 362.642 359.417 357.316 312.885 284.702 357.132 361.498 362.907 360.278 364.133 360.833 364.875 371.5 300.771 266.902 262.011 -9999.0 -9999.0 -9999.0 -9999.0 -9999.0 -9999.0 -9999.0
300.976 342.687 378.944 389.853 346.763 372.817 375.841 376.87 380.863 312.898 373.539 391.477 328.4 387.587 337.053 341.386 350.065 275.523 269.093 262.789 263.308 261.681 259.856 262.329 285.338 283.581 290.886 285.774 329.551 310.122 305.476 308.253 339.983 324.545 344.654 291.173 337.413 261.272 262.079 265.37 268.798 298.374 355.328 290.006 332.674 353.409 368.452 359.242 316.222 341.107 340.301 353.132 363.392 367.31 324.54 290.064 315.771 272.59 267.418 262.335 262.406 -9999.0 -9999.0 -9999.0 -9999.0 -9999.0 -9999.0
341.009 319.746 390.399 386.853 316.98 305.152 374.688 386.099 380.594 309.972 304.68 378.664 386.564 306.004 391.613 389.419 330.111 267.586 274.337 273.202 261.916 262.254 257.803 288.818 276.075 268.985 331.567 323.773 263.277 307.17 265.801 320.832 321.385 286.172 348.444 274.104 338.404 341.001 263.028 274.231 291.882 336.421 367.56 283.873 328.115 347.281 280.341 348.864 354.863 344.939 322.863 325.755 330.632 277.819 282.15 309.898 332.663 280.033 277.948 266.703 267.004 265.993 -9999.0 -9999.0 270.64 293.167 -9999.0
315.608 315.142 391.08 386.039 292.134 345.973 348.432 380.106 389.569 384.281 356.781 259.267 384.385 296.179 384.196 390.636 341.665 285.57 286.743 292.683 266.456 268.451 270.168 289.554 287.791 339.737 321.973 285.727 279.625 304.715 313.868 314.392 334.116 346.32 341.413 273.734 255.193 343.597 244.087 273.932 262.151 365.671 355.303 297.518 361.157 328.033 347.689 355.371 339.932 356.3 328.554 292.023 284.635 320.736 318.311 323.137 293.641 284.765 374.594 273.962 271.853 268.273 -9999.0 -9999.0 304.28 316.551 -9999.0
263.776 263.538 257.026 264.765 263.957 288.48 266.277 267.34 269.801 282.379 272.498 284.363 292.773 283.13 345.735 286.438 351.167 362.176 281.876 265.269 262.695 262.108 261.643 273.58 284.873 274.035 286.733 275.655 291.9 296.681 313.919 288.664 289.463 279.656 269.667 319.254 327.937 288.021 303.66 281.382 294.568 263.909 307.702 310.682 345.674 350.718 339.023 348.917 349.219 275.425 357.677 349.218 351.711 349.535 350.479 332.043 344.815 347.663 364.129 275.015 276.526 319.739 340.536 317.044 324.434 295.825 -9999.0
263.469 263.75 263.404 263.498 263.512 261.909 267.282 268.893 282.934 266.8 268.968 286.814 292.414 291.876 274.444 291.832 299.896 280.273 276.047 283.455 292.274 336.425 327.319 330.322 339.799 299.115 337.201 321.032 297.177 291.602 306.104 284.649 297.212 316.524 287.635 336.901 334.498 327.901 358.008 282.559 358.338 256.437 321.717 318.187 321.226 356.468 351.489 357.377 341.798 317.144 352.12 359.878 336.233 313.258 298.057 301.186 281.941 270.619 271.895 273.198 285.186 318.223 334.738 314.507 379.716 297.388 -9999.0
263.507 264.07 262.227 263.407 262.797 266.888 287.16 268.51 266.861 262.465 293.118 268.257 268.377 280.831 285.526 271.26 262.629 265.309 264.948 265.626 263.139 265.928 262.674 293.666 342.599 351.474 339.95 346.414 338.29 311.629 321.115 313.023 318.922 312.929 288.842 307.962 308.58 298.012 272.643 371.629 369.056 359.8 335.421 318.531 343.477 337.625 321.664 351.738 353.562 351.989 350.579 355.318 341.682 313.61 321.933 305.186 291.421 275.724 271.637 264.265 308.329 311.746 385.881 384.093 371.629 284.499 284.961
263.071 261.659 261.433 262.36 263.077 292.146 330.562 272.649 283.577 269.146 285.633 266.056 265.612 267.938 268.877 261.727 264.318 262.927 260.878 262.607 260.395 265.682 261.799 298.019 288.418 291.901 298.703 260.05 329.391 326.134 339.562 314.973 354.6 312.233 315.236 342.309 275.549 280.443 356.274 348.374 368.881 305.08 336.384 335.37 336.957 349.382 349.146 356.751 353.587 335.526 354.203 342.123 269.002 335.131 332.452 308.834 288.663 287.396 266.949 268.832 270.156 380.895 350.819 380.498 343.121 288.462 285.088
258.751 252.49 263.074 263.044 263.484 321.397 267.17 283.207 267.723 274.47 341.163 267.045 266.334 266.65 262.299 333.294 264.464 263.345 261.078 262.443 265.713 265.654 265.709 339.745 305.27 292.78 318.573 312.545 310.662 345.518 328.12 337.857 326.403 338.081 315.407 331.001 328.555 334.64 347.119 375.775 286.253 367.494 356.142 351.688 282.676 347.187 301.84 336.193 268.314 342.946 351.4 335.388 341.913 340.299 344.493 336.863 291.926 276.128 298.379 282.645 266.587 342.476 343.438 317.951 351.489 292.509 284.949
259.195 258.15 318.736 261.601 259.691 316.616 276.857 268.628 333.581 262.897 329.799 264.557 341.087 320.548 258.95 318.091 261.823 263.542 262.569 262.212 263.284 263.872 280.142 331.687 297.376 327.381 348.342 342.284 338.01 329.882 298.951 308.053 338.176 330.508 324.349 358.979 351.572 352.284 373.116 342.655 279.206 273.901 355.628 323.792 332.464 325.344 327.068 333.267 331.905 343.567 344.969 347.133 339.61 349.18 313.662 296.254 292.976 295.965 290.876 290.5 285.555 312.067 291.654 359.207 291.09 287.134 288.419
305.841 346.068 358.154 362.136 340.948 360.363 337.028 334.772 334.978 337.279 329.398 311.111 321.79 334.798 337.535 319.824 336.302 264.058 318.015 260.538 295.148 293.899 325.246 283.308 326.831 287.771 328.175 328.302 322.463 331.178 313.329 321.089 313.22 321.842 286.943 328.103 368.782 275.441 351.293 266.741 340.977 343.094 324.101 291.145 311.83 300.995 318.525 280.955 270.78 290.995 293.007 271.083 269.112 348.002 339.157 312.789 303.314 300.613 283.664 306.079 308.407 384.884 381.968 332.286 386.399 321.02 313.51
346.752 359.554 359.948 365.374 368.47 346.481 355.255 350.298 354.535 353.424 356.462 356.399 331.71 351.219 366.458 348.531 346.982 320.863 318.876 260.39 269.674 286.784 288.676 286.574 289.138 288.847 281.568 285.466 326.383 349.5 338.507 335.172 334.729 314.472 312.26 339.825 276.321 375.085 348.02 356.948 299.609 351.982 315.925 297.164 301.561 306.309 300.354 293.432 256.812 257.607 268.579 284.307 257.894 340.714 311.622 304.892 307.831 362.182 303.689 304.402 345.092 350.405 354.198 372.683 391.862 342.756 389.439
360.344 361.389 359.119 363.147 356.27 344.802 351.566 362.619 365.323 355.321 337.049 342.224 340.816 352.265 332.426 347.185 329.134 337.818 332.265 322.294 261.424 260.422 260.068 267.37 265.727 287.892 288.494 280.607 283.39 319.5 327.013 295.831 261.976 258.789 317.202 319.393 266.895 372.746 268.087 252.819 252.844 356.283 335.427 332.394 329.759 300.768 302.602 286.315 256.199 262.746 262.303 257.203 259.361 252.461 252.459 266.444 361.485 371.681 371.687 377.673 364.248 273.494 348.207 373.203 384.929 391.776 349.332
369.591 360.848 360.82 342.03 338.075 360.263 366.598 338.963 350.073 350.812 347.942 305.705 348.409 350.911 336.681 343.854 333.695 290.17 267.005 273.563 321.934 257.509 274.927 267.315 271.395 266.385 267.406 286.446 293.017 322.641 263.803 320.875 350.317 249.301 238.211 282.171 290.535 272.809 252.918 252.897 252.623 254.389 302.226 291.5 298.947 293.614 267.21 267.28 259.276 263.495 309.781 259.48 263.251 262.17 266.309 265.933 266.561 376.459 365.083 378.243 378.949 366.23 379.435 392.957 301.139 367.965 295.845
366.168 360.907 366.487 344.541 361.803 335.195 362.256 346.245 314.858 351.769 267.667 279.681 329.727 340.809 349.976 354.38 300.897 271.845 276.064 289.142 279.238 283.345 273.079 265.547 277.375 274.07 265.249 261.305 267.648 321.504 292.041 256.724 255.501 349.544 343.827 274.151 350.237 252.613 365.986 363.026 252.903 253.141 252.56 252.565 294.457 300.289 275.581 265.728 267.479 275.719 365.093 288.256 288.886 272.968 347.294 378.182 398.442 381.558 374.404 390.559 281.697 383.065 390.905 390.163 379.018 289.735 280.357
366.917 366.531 354.928 363.997 338.326 341.165 354.968 332.263 352.657 358.971 359.352 315.677 341.844 344.25 319.618 338.87 342.152 289.465 281.076 286.17 286.344 285.519 291.891 283.129 268.226 286.166 335.207 269.958 281.26 275.236 252.857 238.22 246.253 294.758 357.499 352.574 353.8 252.868 353.905 351.365 349.214 252.018 252.497 252.479 252.46 292.081 270.737 268.555 291.829 365.983 379.86 389.404 335.145 393.015 378.772 267.525 399.318 398.538 386.749 364.17 387.894 395.898 384.889 331.436 366.723 297.697 291.309
