static/jobfarm/user_models/minyf/common/HOME-GBHM/输出文件/Output/Grids/soilWaterDepth20020224.asc
ncols 221
nrows 204
xllcorner -627000.0
yllcorner 3955000.0
cellsize 900.0
NODATA_value -9999.0
[rows 90 to 119 of 204, columns 134 to 200 of 221]
359.664 368.755 369.982 295.7 338.691 288.266 355.941 354.557 280.047 283.635 354.803 354.092 358.51 387.932 388.211 392.387 315.865 284.508 352.189 295.046 282.854 352.319 398.585 349.549 342.92 338.651 322.275 340.984 337.0 403.003 425.952 407.928 261.302 323.48 346.03 317.02 396.25 389.793 396.632 400.159 397.008 354.137 345.464 312.547 311.296 339.29 311.116 317.955 316.93 284.766 -9999.0 -9999.0 -9999.0 -9999.0 -9999.0 -9999.0 -9999.0 -9999.0 -9999.0 -9999.0 -9999.0 -9999.0 -9999.0 -9999.0 -9999.0 -9999.0 -9999.0
340.343 369.694 323.224 315.527 324.235 358.334 371.495 363.634 319.957 280.607 298.767 334.916 306.393 343.238 367.469 369.871 328.818 290.962 304.979 306.074 296.796 351.165 349.784 348.036 349.089 321.285 318.412 319.042 309.813 349.892 299.95 305.73 317.709 272.117 343.501 327.308 398.005 394.675 396.468 396.634 397.8 400.523 399.235 360.823 369.203 310.872 316.813 321.952 319.557 -9999.0 -9999.0 -9999.0 -9999.0 -9999.0 -9999.0 -9999.0 -9999.0 -9999.0 -9999.0 -9999.0 -9999.0 -9999.0 -9999.0 -9999.0 -9999.0 -9999.0 -9999.0
369.006 374.211 321.106 295.65 363.99 372.329 355.044 370.127 362.438 339.945 284.981 327.296 353.026 353.268 353.665 377.927 339.327 310.421 316.872 281.645 327.295 318.664 364.919 349.487 346.603 332.536 240.418 334.202 241.091 315.65 275.793 273.618 315.234 275.196 344.048 327.977 332.64 396.399 336.091 398.574 396.232 375.623 399.803 399.791 401.714 310.808 303.274 293.241 314.023 316.858 -9999.0 -9999.0 -9999.0 -9999.0 -9999.0 -9999.0 -9999.0 -9999.0 -9999.0 -9999.0 -9999.0 -9999.0 -9999.0 -9999.0 -9999.0 -9999.0 -9999.0
362.731 374.833 332.071 313.597 321.742 361.074 353.92 351.964 369.693 359.773 346.528 278.761 351.203 354.014 351.989 375.481 345.892 335.628 288.672 351.724 281.325 283.601 279.177 304.122 337.04 240.414 240.478 316.418 240.606 326.106 272.934 326.782 332.598 275.515 341.846 323.451 404.313 406.605 337.205 338.445 406.925 400.133 382.305 364.235 370.739 395.182 397.2 394.502 378.006 377.574 358.448 355.489 -9999.0 -9999.0 -9999.0 -9999.0 -9999.0 -9999.0 -9999.0 -9999.0 -9999.0 -9999.0 -9999.0 -9999.0 -9999.0 -9999.0 -9999.0
349.165 371.234 322.546 318.057 352.765 319.53 355.154 353.528 378.187 355.378 363.691 350.995 324.432 351.387 345.061 380.359 341.326 311.165 304.025 350.024 285.102 281.329 279.974 280.522 240.793 240.802 240.239 345.532 241.031 240.699 270.925 318.374 265.082 299.203 332.352 323.316 335.127 413.472 410.73 367.919 409.972 405.249 391.26 398.064 398.819 419.699 340.453 397.846 373.949 336.443 415.033 390.935 -9999.0 -9999.0 -9999.0 -9999.0 -9999.0 -9999.0 -9999.0 -9999.0 -9999.0 -9999.0 -9999.0 -9999.0 -9999.0 -9999.0 -9999.0
314.448 360.861 313.639 349.926 352.365 353.32 355.287 370.318 354.787 371.923 360.831 355.077 374.123 382.816 349.622 386.21 351.852 349.741 313.795 370.509 285.541 285.142 310.055 278.399 240.129 240.191 240.231 347.907 240.895 241.091 352.563 316.34 313.208 268.007 331.108 315.857 337.288 330.912 414.255 398.423 397.695 397.736 398.904 397.233 405.671 389.269 379.794 407.796 407.296 397.346 398.284 350.62 -9999.0 -9999.0 -9999.0 -9999.0 -9999.0 -9999.0 -9999.0 -9999.0 -9999.0 -9999.0 -9999.0 -9999.0 -9999.0 -9999.0 -9999.0
348.677 259.427 345.975 342.205 357.691 377.943 385.345 386.871 368.06 380.605 354.751 355.132 289.788 382.283 390.11 334.653 311.389 378.332 377.16 310.505 381.563 350.6 288.541 329.255 338.841 328.296 240.15 316.555 240.842 314.744 340.402 322.73 314.145 329.102 341.291 339.476 316.736 322.349 406.951 298.417 374.227 363.046 339.036 339.299 402.011 397.454 396.502 394.559 396.336 403.393 339.767 334.13 -9999.0 -9999.0 -9999.0 -9999.0 -9999.0 -9999.0 -9999.0 -9999.0 -9999.0 -9999.0 -9999.0 -9999.0 -9999.0 -9999.0 -9999.0
289.932 319.482 319.418 352.296 363.691 362.694 362.638 368.428 369.825 367.618 388.574 388.629 385.908 377.534 387.865 335.146 384.223 389.263 379.146 355.948 309.057 378.89 373.549 366.837 335.545 332.142 266.368 350.958 266.301 342.009 311.24 344.125 321.794 310.192 315.254 313.235 335.289 322.975 407.532 400.852 405.877 356.995 358.567 358.559 327.192 343.013 405.77 395.544 406.521 397.826 338.386 407.351 -9999.0 -9999.0 -9999.0 -9999.0 -9999.0 -9999.0 -9999.0 -9999.0 -9999.0 -9999.0 -9999.0 -9999.0 -9999.0 -9999.0 -9999.0
348.755 370.313 362.478 363.614 350.64 367.739 367.06 299.192 362.895 365.223 390.793 389.487 364.556 377.045 310.03 379.055 312.798 392.961 348.81 388.656 385.135 365.438 383.944 375.854 367.489 346.371 266.32 349.716 354.804 353.621 332.516 314.212 311.603 321.452 336.961 310.794 336.377 340.194 411.631 417.715 413.446 358.168 346.389 344.947 409.502 343.691 396.002 390.261 392.794 396.116 337.988 416.831 -9999.0 -9999.0 -9999.0 -9999.0 -9999.0 -9999.0 -9999.0 -9999.0 -9999.0 -9999.0 -9999.0 -9999.0 -9999.0 -9999.0 -9999.0
349.965 374.137 356.397 353.257 364.611 359.112 369.308 368.484 369.461 369.325 355.993 355.385 353.448 364.972 362.235 370.636 369.251 371.436 369.754 369.203 365.809 383.111 384.642 353.929 374.818 358.547 267.042 349.928 382.719 331.548 315.614 321.116 311.671 333.107 342.067 392.524 363.813 411.207 412.555 410.188 416.565 411.157 339.646 409.043 408.764 417.443 340.362 341.855 339.669 329.31 337.436 418.671 -9999.0 -9999.0 -9999.0 -9999.0 -9999.0 -9999.0 -9999.0 -9999.0 -9999.0 -9999.0 -9999.0 -9999.0 -9999.0 -9999.0 -9999.0
313.586 372.802 349.727 346.877 342.191 352.329 360.252 361.222 365.908 332.984 346.66 369.515 370.138 362.137 367.647 363.921 371.436 371.436 365.575 364.265 359.124 372.381 355.229 377.916 370.048 377.877 267.049 353.666 364.974 342.816 323.757 327.228 329.636 338.092 406.827 358.024 357.953 408.682 407.313 409.525 400.121 406.173 396.335 397.423 413.726 416.144 369.581 343.8 340.462 350.841 335.326 421.72 410.196 429.643 -9999.0 -9999.0 -9999.0 -9999.0 -9999.0 -9999.0 -9999.0 -9999.0 -9999.0 -9999.0 -9999.0 -9999.0 -9999.0
315.533 353.04 372.596 328.922 338.057 349.945 357.999 362.522 343.846 361.529 386.319 392.318 387.552 375.605 388.623 371.436 367.345 368.771 365.941 355.822 370.647 353.457 373.446 377.804 375.71 371.107 359.478 361.429 339.417 333.984 340.118 326.344 324.272 331.266 405.967 412.144 379.168 406.717 409.14 401.095 395.494 393.773 392.698 391.671 412.862 415.999 422.144 418.026 411.744 413.181 411.003 340.725 374.171 431.185 -9999.0 -9999.0 -9999.0 -9999.0 -9999.0 -9999.0 -9999.0 -9999.0 -9999.0 -9999.0 -9999.0 -9999.0 -9999.0
341.392 365.049 374.833 349.96 299.201 281.624 285.957 324.793 344.497 292.658 355.485 322.358 342.29 360.777 385.385 386.848 360.32 392.961 371.158 354.33 354.406 356.533 376.036 378.28 376.669 372.298 364.927 322.69 341.141 341.432 301.092 313.348 409.676 402.831 409.431 401.454 405.315 405.099 397.75 394.417 333.021 362.972 407.629 400.689 399.801 403.345 341.009 339.633 400.534 341.675 390.768 339.142 402.458 415.587 -9999.0 -9999.0 -9999.0 -9999.0 -9999.0 -9999.0 -9999.0 -9999.0 -9999.0 -9999.0 -9999.0 -9999.0 -9999.0
341.392 367.262 371.957 363.74 278.232 283.786 312.863 305.897 285.66 342.456 361.674 320.089 315.529 361.624 358.928 355.486 359.701 352.443 354.49 353.525 356.7 359.911 370.015 370.125 368.808 380.92 356.566 314.013 344.686 349.513 316.602 406.772 400.924 411.757 378.524 404.462 405.183 412.962 394.301 401.671 390.445 372.858 392.277 409.232 410.017 362.672 348.966 402.823 405.805 399.303 406.531 394.634 339.967 359.106 -9999.0 -9999.0 -9999.0 -9999.0 -9999.0 -9999.0 -9999.0 -9999.0 -9999.0 -9999.0 -9999.0 -9999.0 -9999.0
326.65 313.23 362.2 370.379 303.619 299.17 297.487 300.269 322.657 291.939 306.682 315.199 309.569 325.407 330.544 376.954 375.306 348.527 355.176 353.006 362.271 361.216 369.58 361.635 355.233 355.184 384.874 340.148 320.305 316.456 319.982 345.376 417.553 308.437 401.869 337.178 338.548 407.084 322.986 393.544 372.943 366.625 334.356 423.826 417.101 338.664 336.778 393.922 405.58 317.883 396.268 409.864 366.377 405.373 372.605 -9999.0 -9999.0 -9999.0 -9999.0 -9999.0 -9999.0 -9999.0 -9999.0 -9999.0 -9999.0 -9999.0 -9999.0
343.725 311.076 311.117 325.82 299.052 301.435 295.941 297.605 294.162 285.95 331.844 315.171 317.172 288.844 330.994 347.568 355.827 353.349 351.717 350.313 298.513 266.807 264.86 231.755 352.184 375.482 344.364 336.391 343.369 345.081 345.034 400.711 316.626 351.224 308.538 395.944 401.245 412.599 401.591 326.216 327.186 407.472 403.074 368.182 360.634 326.26 335.577 389.525 325.582 338.633 338.276 357.344 369.561 406.843 408.996 -9999.0 -9999.0 -9999.0 -9999.0 -9999.0 -9999.0 -9999.0 -9999.0 -9999.0 -9999.0 -9999.0 -9999.0
343.991 361.318 310.771 333.612 291.824 290.658 293.52 282.04 292.138 294.333 302.061 315.203 353.422 319.986 337.177 359.934 355.493 358.614 351.901 332.9 326.019 333.002 300.731 314.841 314.623 334.198 350.13 338.833 369.298 336.77 357.111 414.369 346.014 298.277 393.478 398.982 335.538 398.586 420.123 404.929 342.27 382.783 376.227 374.08 359.297 320.475 334.523 391.38 329.665 335.537 337.476 346.664 312.967 391.065 324.942 -9999.0 -9999.0 -9999.0 -9999.0 -9999.0 -9999.0 -9999.0 -9999.0 -9999.0 -9999.0 -9999.0 -9999.0
334.887 335.181 337.314 310.506 322.131 356.851 318.3 352.041 296.509 296.879 308.961 323.728 313.935 318.006 319.949 364.661 375.685 387.977 353.046 317.732 306.652 300.097 350.158 238.738 240.722 333.344 332.241 335.088 351.61 343.684 344.276 337.44 323.753 385.913 335.687 338.663 337.101 406.096 406.523 405.866 424.075 426.204 377.503 416.754 401.214 394.686 338.656 293.523 326.098 318.303 338.35 329.511 391.08 387.955 -9999.0 -9999.0 -9999.0 -9999.0 -9999.0 -9999.0 -9999.0 -9999.0 -9999.0 -9999.0 -9999.0 -9999.0 -9999.0
338.695 334.437 328.352 333.582 373.552 300.966 347.2 339.221 365.691 367.782 307.184 355.631 369.659 333.838 361.181 330.744 387.048 374.339 339.473 315.231 350.156 354.03 339.861 296.52 275.188 274.812 283.889 345.646 329.027 319.542 325.942 316.688 287.997 397.4 327.148 337.271 351.261 415.597 418.121 412.6 417.343 405.993 336.874 367.566 370.947 340.599 338.533 317.268 342.924 338.533 336.293 313.984 321.012 420.958 420.284 -9999.0 -9999.0 -9999.0 -9999.0 -9999.0 -9999.0 -9999.0 -9999.0 -9999.0 -9999.0 -9999.0 -9999.0
338.305 352.075 374.833 374.833 374.726 372.363 354.538 338.028 341.537 371.108 321.282 354.905 370.668 330.754 345.686 299.574 372.98 343.07 310.581 362.384 329.505 327.307 344.726 240.168 337.046 307.264 317.146 336.902 328.849 329.662 319.109 334.561 393.661 401.897 350.095 343.722 341.279 413.933 316.577 341.53 420.293 382.498 418.124 344.028 350.546 417.846 330.516 347.669 312.496 315.174 386.054 392.4 361.771 348.289 389.821 -9999.0 -9999.0 -9999.0 -9999.0 -9999.0 -9999.0 -9999.0 -9999.0 -9999.0 -9999.0 -9999.0 -9999.0
338.375 340.705 341.875 374.833 372.43 373.199 352.767 344.854 370.827 368.977 365.826 371.436 371.436 348.639 304.22 350.817 383.215 343.528 332.434 324.681 334.804 357.848 337.607 341.017 340.603 343.687 303.713 342.8 330.894 318.232 326.878 318.0 317.899 321.232 337.493 317.878 350.481 412.97 354.25 401.425 325.185 382.231 412.524 337.529 339.754 343.092 353.921 323.557 390.21 398.502 398.206 397.594 396.25 382.71 407.08 -9999.0 -9999.0 -9999.0 -9999.0 -9999.0 -9999.0 -9999.0 -9999.0 -9999.0 -9999.0 -9999.0 -9999.0
342.848 341.189 360.968 353.291 372.368 374.833 343.46 351.76 371.436 371.436 392.961 371.436 371.436 368.016 312.408 354.591 357.525 316.155 329.908 319.242 339.156 332.431 342.074 305.86 343.212 305.089 306.528 305.914 340.059 315.754 330.315 316.914 317.341 315.748 393.63 326.556 282.198 417.304 354.288 398.516 314.896 284.394 389.857 321.581 377.363 312.162 327.726 355.925 320.349 400.766 404.013 403.706 377.254 -9999.0 -9999.0 -9999.0 -9999.0 -9999.0 -9999.0 -9999.0 -9999.0 -9999.0 -9999.0 -9999.0 -9999.0 -9999.0 -9999.0
339.83 346.246 340.157 349.3 367.038 356.421 348.041 346.986 371.336 371.436 391.313 390.466 389.716 340.727 290.058 358.973 320.316 327.441 329.504 324.725 341.509 325.729 341.752 310.359 305.556 318.071 318.166 343.598 323.5 317.78 337.579 329.234 328.42 329.47 296.457 339.683 405.457 379.768 335.675 400.829 363.003 417.681 342.577 310.725 347.418 312.524 336.227 327.279 310.431 394.168 400.349 403.133 415.199 -9999.0 -9999.0 -9999.0 -9999.0 -9999.0 -9999.0 -9999.0 -9999.0 -9999.0 -9999.0 -9999.0 -9999.0 -9999.0 -9999.0
365.589 348.95 339.698 360.14 362.255 374.833 336.383 362.521 362.047 388.207 392.717 386.916 383.016 359.186 272.353 355.335 311.654 326.639 326.311 340.259 325.718 353.132 305.922 342.37 314.539 350.745 317.013 332.774 341.128 313.231 354.398 331.812 330.805 332.078 415.031 395.185 342.431 359.759 402.217 392.165 411.539 385.078 418.361 333.304 329.618 305.236 316.424 349.513 350.779 398.885 336.797 396.505 356.234 -9999.0 -9999.0 -9999.0 -9999.0 -9999.0 -9999.0 -9999.0 -9999.0 -9999.0 -9999.0 -9999.0 -9999.0 -9999.0 -9999.0
328.952 346.856 310.443 340.211 366.575 374.833 338.212 363.448 372.757 390.467 379.101 386.233 351.573 325.035 339.336 328.505 333.887 338.77 364.961 311.317 341.665 311.117 327.002 330.03 294.715 328.566 318.043 333.187 287.74 332.349 287.55 285.152 323.441 302.161 331.459 340.486 338.77 337.585 354.714 395.282 346.783 405.509 353.071 350.106 325.799 358.051 328.584 328.034 339.167 405.715 406.134 406.558 413.129 -9999.0 -9999.0 -9999.0 -9999.0 -9999.0 -9999.0 -9999.0 -9999.0 -9999.0 -9999.0 -9999.0 -9999.0 -9999.0 -9999.0
313.449 348.668 341.836 320.732 374.833 369.546 345.937 326.248 365.278 382.267 347.079 369.347 342.351 293.471 306.958 310.327 282.117 314.515 367.984 368.423 365.836 325.056 322.106 313.533 308.554 343.448 310.33 321.403 320.069 287.248 294.615 287.926 288.712 300.509 341.334 332.341 333.792 333.212 337.89 342.498 339.709 330.845 284.656 357.115 353.148 330.869 325.471 326.626 336.368 405.3 406.148 336.356 400.726 396.082 -9999.0 -9999.0 -9999.0 -9999.0 -9999.0 -9999.0 -9999.0 -9999.0 -9999.0 -9999.0 -9999.0 -9999.0 -9999.0
367.636 371.08 357.64 345.049 339.116 365.143 354.167 365.818 345.296 341.634 343.208 341.908 310.724 305.504 284.946 313.548 304.122 310.374 359.059 362.187 334.13 321.014 357.605 344.167 340.961 310.849 319.437 321.219 271.961 270.68 271.5 319.406 303.271 287.661 351.749 342.535 339.434 331.963 312.326 350.52 331.255 344.227 343.165 359.302 376.337 335.206 307.862 335.407 337.439 339.595 338.43 337.116 336.847 412.829 -9999.0 -9999.0 -9999.0 -9999.0 -9999.0 -9999.0 -9999.0 -9999.0 -9999.0 -9999.0 -9999.0 -9999.0 -9999.0
366.09 375.94 348.825 359.539 357.679 335.311 366.506 374.269 400.17 371.157 365.148 310.064 309.76 328.979 336.511 332.026 351.604 355.623 353.537 331.999 282.811 339.628 319.995 342.947 321.801 313.449 326.543 324.02 331.126 292.996 322.132 282.94 261.258 261.214 326.795 331.898 334.019 330.995 312.472 346.969 328.074 338.121 331.003 356.618 369.38 343.568 345.997 362.531 355.374 341.961 343.339 336.392 405.858 355.359 -9999.0 -9999.0 -9999.0 -9999.0 -9999.0 -9999.0 -9999.0 -9999.0 -9999.0 -9999.0 -9999.0 -9999.0 -9999.0
373.665 371.446 355.081 358.621 352.205 359.621 349.306 372.845 375.456 385.46 388.399 313.276 291.874 310.882 334.199 342.53 352.451 363.962 361.816 310.205 310.463 317.841 346.221 341.613 353.652 308.912 320.246 325.28 332.43 364.545 315.215 302.041 262.579 309.008 326.517 332.005 336.434 340.662 355.293 346.268 331.373 337.096 336.272 365.019 365.736 364.873 357.134 322.841 352.972 354.639 328.803 337.613 338.938 355.376 -9999.0 -9999.0 -9999.0 -9999.0 -9999.0 -9999.0 -9999.0 -9999.0 -9999.0 -9999.0 -9999.0 -9999.0 -9999.0
365.254 355.433 353.848 355.276 354.945 346.324 347.538 339.785 369.264 397.457 406.301 320.949 304.698 319.942 315.488 360.503 359.439 367.154 324.004 282.054 318.625 342.605 321.744 330.33 317.789 313.837 308.128 320.748 314.624 308.543 292.907 328.936 278.635 282.953 326.561 326.872 333.016 333.946 354.71 351.727 338.482 337.471 336.869 365.518 351.36 352.295 332.724 352.956 351.513 355.75 312.499 395.956 338.387 -9999.0 -9999.0 -9999.0 -9999.0 -9999.0 -9999.0 -9999.0 -9999.0 -9999.0 -9999.0 -9999.0 -9999.0 -9999.0 -9999.0
