static/jobfarm/user_models/minyf/common/HOME-GBHM/输出文件/Output/Grids/soilWaterDepth20020225.asc
ncols 221
nrows 204
xllcorner -627000.0
yllcorner 3955000.0
cellsize 900.0
NODATA_value -9999.0
[rows 30 to 59 of 204, columns 0 to 66 of 221]
-9999.0 -9999.0 -9999.0 -9999.0 -9999.0 -9999.0 -9999.0 -9999.0 -9999.0 -9999.0 -9999.0 -9999.0 -9999.0 -9999.0 -9999.0 -9999.0 -9999.0 -9999.0 -9999.0 -9999.0 -9999.0 -9999.0 -9999.0 -9999.0 -9999.0 -9999.0 -9999.0 -9999.0 -9999.0 -9999.0 -9999.0 -9999.0 -9999.0 -9999.0 299.385 255.189 259.871 394.467 288.237 261.7 263.762 261.678 377.875 258.842 318.191 255.968 354.143 238.543 238.07 237.751 321.486 241.063 368.464 369.529 368.671 364.091 359.749 363.891 361.737 367.718 369.938 359.208 366.718 368.395 369.363 363.923 371.627
-9999.0 -9999.0 -9999.0 -9999.0 -9999.0 -9999.0 -9999.0 -9999.0 -9999.0 -9999.0 -9999.0 -9999.0 -9999.0 -9999.0 -9999.0 -9999.0 -9999.0 -9999.0 -9999.0 -9999.0 -9999.0 -9999.0 -9999.0 -9999.0 -9999.0 -9999.0 -9999.0 -9999.0 -9999.0 -9999.0 -9999.0 -9999.0 -9999.0 -9999.0 285.171 263.523 263.488 262.851 263.629 263.967 264.228 264.219 378.673 259.663 363.351 370.209 358.951 334.027 351.052 302.049 341.742 237.476 367.34 369.11 368.732 368.169 358.569 357.351 362.386 333.133 295.396 365.486 364.877 370.145 358.073 364.624 359.824
-9999.0 -9999.0 -9999.0 -9999.0 -9999.0 -9999.0 -9999.0 -9999.0 -9999.0 -9999.0 -9999.0 -9999.0 -9999.0 -9999.0 -9999.0 -9999.0 -9999.0 -9999.0 -9999.0 -9999.0 -9999.0 -9999.0 -9999.0 -9999.0 -9999.0 -9999.0 -9999.0 -9999.0 -9999.0 -9999.0 -9999.0 -9999.0 -9999.0 -9999.0 356.095 291.961 262.747 262.448 262.963 263.168 263.214 262.726 259.648 302.188 363.745 365.258 349.568 308.257 351.793 313.36 238.226 237.585 238.573 240.048 238.773 368.566 369.126 365.783 328.847 360.128 365.051 362.914 359.332 360.329 363.17 361.885 342.6
-9999.0 -9999.0 -9999.0 -9999.0 -9999.0 -9999.0 -9999.0 -9999.0 -9999.0 -9999.0 -9999.0 -9999.0 -9999.0 -9999.0 -9999.0 -9999.0 -9999.0 -9999.0 -9999.0 -9999.0 -9999.0 -9999.0 -9999.0 -9999.0 -9999.0 -9999.0 -9999.0 -9999.0 -9999.0 -9999.0 -9999.0 -9999.0 -9999.0 -9999.0 272.9 268.074 291.62 292.114 290.352 276.888 275.241 264.363 384.94 302.139 368.805 355.078 336.162 356.871 321.797 355.407 264.273 238.233 237.611 240.103 240.597 358.669 369.177 366.171 366.259 327.932 330.056 329.785 354.216 356.324 370.138 365.267 339.299
-9999.0 -9999.0 -9999.0 -9999.0 -9999.0 -9999.0 -9999.0 -9999.0 -9999.0 -9999.0 -9999.0 -9999.0 -9999.0 -9999.0 -9999.0 -9999.0 -9999.0 -9999.0 -9999.0 -9999.0 -9999.0 -9999.0 -9999.0 -9999.0 -9999.0 -9999.0 -9999.0 -9999.0 -9999.0 -9999.0 -9999.0 -9999.0 -9999.0 366.014 296.154 278.494 290.714 290.615 291.923 314.785 260.718 283.403 262.65 273.172 387.8 360.804 359.293 330.355 355.941 352.283 365.016 238.572 238.326 241.033 273.687 247.354 237.177 244.374 244.194 334.328 360.221 297.704 328.645 323.684 328.054 330.491 310.258
-9999.0 -9999.0 -9999.0 -9999.0 -9999.0 -9999.0 -9999.0 -9999.0 -9999.0 -9999.0 -9999.0 -9999.0 -9999.0 -9999.0 -9999.0 -9999.0 -9999.0 -9999.0 -9999.0 -9999.0 -9999.0 -9999.0 -9999.0 -9999.0 -9999.0 -9999.0 -9999.0 -9999.0 -9999.0 -9999.0 -9999.0 -9999.0 -9999.0 353.08 293.805 281.267 294.352 328.697 288.726 335.707 269.355 255.405 352.78 325.332 364.619 393.49 395.187 363.79 356.724 330.112 329.57 302.626 282.575 316.991 297.023 274.93 267.262 249.407 256.181 248.988 302.528 355.009 320.703 323.635 322.226 323.9 326.146
-9999.0 -9999.0 -9999.0 -9999.0 -9999.0 -9999.0 -9999.0 -9999.0 -9999.0 -9999.0 -9999.0 -9999.0 -9999.0 -9999.0 -9999.0 -9999.0 -9999.0 -9999.0 -9999.0 -9999.0 -9999.0 -9999.0 -9999.0 -9999.0 -9999.0 -9999.0 -9999.0 -9999.0 -9999.0 -9999.0 -9999.0 -9999.0 -9999.0 -9999.0 330.182 274.835 356.469 357.365 17.159 17.912 257.054 290.052 263.664 347.557 374.456 301.62 388.734 393.849 327.7 364.798 365.844 288.284 261.721 314.703 240.054 241.0 361.899 302.028 239.857 238.12 313.174 333.885 315.606 323.189 360.592 327.699 322.639
-9999.0 -9999.0 -9999.0 -9999.0 -9999.0 -9999.0 -9999.0 -9999.0 -9999.0 -9999.0 -9999.0 -9999.0 -9999.0 -9999.0 -9999.0 -9999.0 -9999.0 -9999.0 -9999.0 -9999.0 -9999.0 -9999.0 -9999.0 -9999.0 -9999.0 -9999.0 -9999.0 -9999.0 -9999.0 -9999.0 -9999.0 -9999.0 -9999.0 -9999.0 -9999.0 290.338 347.36 339.164 18.275 340.42 395.448 292.261 365.786 386.252 305.837 327.708 394.965 336.136 362.098 359.671 277.27 279.849 333.805 368.317 369.374 256.338 252.504 237.453 237.452 240.568 245.939 312.136 291.408 299.101 305.282 326.039 339.771
-9999.0 -9999.0 -9999.0 -9999.0 -9999.0 -9999.0 -9999.0 -9999.0 -9999.0 -9999.0 -9999.0 -9999.0 -9999.0 -9999.0 -9999.0 -9999.0 -9999.0 -9999.0 -9999.0 -9999.0 -9999.0 -9999.0 -9999.0 -9999.0 -9999.0 -9999.0 -9999.0 -9999.0 -9999.0 -9999.0 -9999.0 -9999.0 -9999.0 -9999.0 -9999.0 370.509 335.302 18.71 18.599 388.313 292.62 269.744 333.353 377.207 296.382 397.027 367.778 366.213 365.166 293.807 279.144 348.614 356.126 370.598 371.206 368.756 368.439 239.297 238.16 331.8 332.086 329.915 330.351 321.701 326.346 365.958 330.344
-9999.0 -9999.0 -9999.0 -9999.0 -9999.0 -9999.0 -9999.0 -9999.0 -9999.0 -9999.0 -9999.0 -9999.0 -9999.0 -9999.0 -9999.0 -9999.0 -9999.0 -9999.0 -9999.0 -9999.0 -9999.0 -9999.0 -9999.0 -9999.0 -9999.0 -9999.0 -9999.0 -9999.0 -9999.0 -9999.0 -9999.0 -9999.0 -9999.0 -9999.0 -9999.0 387.346 361.618 371.404 317.563 349.776 371.627 326.018 366.319 369.649 369.408 366.664 367.547 365.238 306.795 365.047 321.274 308.79 369.791 371.351 368.124 364.909 368.055 367.798 301.227 342.826 325.334 249.29 325.708 370.105 365.572 359.252 335.805
-9999.0 -9999.0 -9999.0 -9999.0 -9999.0 -9999.0 -9999.0 -9999.0 -9999.0 -9999.0 -9999.0 -9999.0 -9999.0 -9999.0 -9999.0 -9999.0 -9999.0 -9999.0 -9999.0 -9999.0 -9999.0 -9999.0 -9999.0 -9999.0 -9999.0 -9999.0 -9999.0 -9999.0 -9999.0 -9999.0 -9999.0 -9999.0 -9999.0 -9999.0 339.265 348.799 393.598 393.256 394.86 352.793 368.228 367.551 362.061 356.537 349.052 351.964 361.421 371.627 367.02 325.145 343.997 370.372 365.06 369.26 367.428 371.627 366.287 369.18 304.188 342.991 322.728 370.128 370.556 368.771 370.615 358.26 366.631
-9999.0 -9999.0 -9999.0 -9999.0 -9999.0 -9999.0 -9999.0 -9999.0 -9999.0 -9999.0 -9999.0 -9999.0 -9999.0 -9999.0 -9999.0 -9999.0 -9999.0 -9999.0 -9999.0 -9999.0 -9999.0 -9999.0 -9999.0 -9999.0 -9999.0 -9999.0 -9999.0 -9999.0 -9999.0 -9999.0 -9999.0 -9999.0 -9999.0 -9999.0 -9999.0 336.167 391.399 383.369 342.834 301.906 298.847 305.797 363.762 301.72 337.75 356.663 359.821 354.226 360.299 337.862 336.847 367.066 367.297 368.468 369.295 366.314 363.14 354.929 368.449 342.449 366.893 369.247 365.246 365.785 353.789 354.832 281.275
-9999.0 -9999.0 -9999.0 -9999.0 -9999.0 -9999.0 -9999.0 -9999.0 -9999.0 -9999.0 -9999.0 -9999.0 -9999.0 -9999.0 -9999.0 -9999.0 -9999.0 -9999.0 -9999.0 -9999.0 -9999.0 -9999.0 -9999.0 -9999.0 -9999.0 -9999.0 -9999.0 -9999.0 -9999.0 -9999.0 -9999.0 -9999.0 -9999.0 -9999.0 -9999.0 306.756 360.653 331.038 347.803 333.956 348.732 332.934 326.728 301.426 345.552 343.601 347.373 333.53 355.26 360.135 331.261 323.89 351.157 352.853 369.544 359.327 357.037 369.827 365.022 354.211 351.225 369.011 362.031 351.731 362.448 347.029 301.898
-9999.0 -9999.0 -9999.0 -9999.0 -9999.0 -9999.0 -9999.0 -9999.0 -9999.0 -9999.0 -9999.0 -9999.0 -9999.0 -9999.0 -9999.0 -9999.0 -9999.0 -9999.0 -9999.0 -9999.0 -9999.0 365.505 -9999.0 -9999.0 -9999.0 -9999.0 -9999.0 -9999.0 -9999.0 -9999.0 -9999.0 -9999.0 -9999.0 -9999.0 277.987 294.487 354.343 305.758 307.159 317.388 303.149 340.012 302.795 344.466 302.767 307.548 306.004 307.627 359.309 361.185 361.882 345.839 362.56 353.607 346.35 367.726 360.393 371.627 352.294 344.846 348.34 349.765 349.688 357.327 370.676 354.618 315.827
-9999.0 -9999.0 -9999.0 -9999.0 -9999.0 -9999.0 -9999.0 -9999.0 -9999.0 -9999.0 -9999.0 -9999.0 -9999.0 -9999.0 -9999.0 -9999.0 360.218 360.995 362.269 369.329 364.847 365.665 363.644 364.6 344.22 320.327 313.321 -9999.0 -9999.0 -9999.0 -9999.0 -9999.0 -9999.0 -9999.0 276.856 272.686 362.064 315.934 362.009 314.83 305.7 308.784 299.14 300.332 338.933 309.533 355.226 353.553 359.375 361.754 352.516 344.763 356.939 347.299 353.681 338.886 366.698 367.775 370.495 365.348 366.856 352.355 313.326 369.052 369.878 370.556 303.518
-9999.0 -9999.0 -9999.0 -9999.0 -9999.0 -9999.0 -9999.0 -9999.0 -9999.0 -9999.0 -9999.0 -9999.0 -9999.0 -9999.0 287.434 335.549 345.52 362.75 366.952 358.837 361.403 365.521 366.585 362.242 337.43 312.436 313.372 314.013 -9999.0 -9999.0 -9999.0 -9999.0 295.975 282.58 277.053 272.335 306.127 341.292 365.644 350.112 314.653 348.02 304.455 307.052 303.984 303.504 300.271 335.784 344.448 343.339 347.43 362.902 364.583 354.285 367.104 370.234 368.022 364.364 371.627 371.627 371.627 371.627 371.439 369.807 361.949 364.584 313.252
-9999.0 -9999.0 -9999.0 -9999.0 -9999.0 -9999.0 -9999.0 -9999.0 -9999.0 -9999.0 -9999.0 -9999.0 -9999.0 -9999.0 355.546 334.642 336.339 335.339 328.179 351.464 342.335 363.746 364.238 363.216 324.449 298.991 299.741 310.131 308.059 309.64 267.999 274.581 278.624 277.352 272.31 272.309 322.861 322.909 337.16 323.488 320.193 335.999 362.283 361.371 360.312 308.898 329.721 308.47 358.786 361.885 362.156 295.184 285.463 371.228 363.523 371.627 350.543 370.568 371.627 347.149 367.738 351.625 361.527 371.312 371.627 367.162 346.332
-9999.0 -9999.0 -9999.0 -9999.0 -9999.0 -9999.0 -9999.0 -9999.0 -9999.0 -9999.0 -9999.0 -9999.0 332.298 320.019 351.617 358.542 342.592 331.06 340.943 347.527 364.902 361.153 348.113 337.379 370.111 306.701 317.9 316.447 312.052 303.558 267.162 272.44 274.596 323.031 299.374 272.486 315.827 319.339 348.857 329.627 328.984 305.303 329.93 339.172 300.649 303.594 299.119 298.879 353.629 350.309 357.814 364.414 356.587 355.167 368.523 369.219 371.627 367.197 371.612 371.627 371.627 371.627 359.112 357.431 368.764 371.282 297.413
-9999.0 -9999.0 -9999.0 -9999.0 -9999.0 -9999.0 -9999.0 -9999.0 -9999.0 -9999.0 -9999.0 -9999.0 -9999.0 275.873 289.898 326.108 296.264 346.2 349.308 358.05 352.856 359.343 361.784 361.875 369.763 370.114 369.673 342.573 343.469 312.989 334.198 335.536 342.186 315.397 336.514 349.769 342.853 321.064 338.081 345.252 338.491 332.24 349.136 341.341 354.279 347.206 339.99 355.054 300.967 332.95 365.859 364.515 359.599 364.969 365.738 370.842 371.627 371.627 371.627 371.627 367.324 370.349 367.4 354.565 308.886 366.182 266.512
-9999.0 -9999.0 -9999.0 -9999.0 -9999.0 -9999.0 -9999.0 -9999.0 -9999.0 -9999.0 -9999.0 -9999.0 -9999.0 272.69 272.253 286.937 296.403 339.704 337.517 344.752 349.151 356.292 363.165 359.673 364.402 358.911 361.213 368.524 346.013 322.479 341.509 332.589 341.498 314.049 339.723 344.326 337.648 326.808 347.24 343.087 338.485 332.602 349.854 287.579 333.902 345.566 350.94 356.273 332.547 303.195 353.297 358.486 362.866 17.484 22.45 371.627 371.627 371.627 371.627 371.124 364.001 370.384 368.979 309.604 311.65 361.337 267.516
-9999.0 -9999.0 -9999.0 -9999.0 -9999.0 -9999.0 -9999.0 -9999.0 -9999.0 -9999.0 -9999.0 -9999.0 -9999.0 301.989 287.541 287.142 260.7 340.173 358.186 361.891 352.261 364.578 364.035 357.693 366.947 345.661 340.123 330.08 330.018 362.579 363.433 360.944 330.393 314.874 336.78 345.021 306.29 336.965 326.857 343.891 340.396 326.57 346.592 333.104 347.003 346.122 337.244 359.683 345.257 362.761 361.846 364.777 368.082 17.484 22.45 17.484 371.627 307.451 366.405 371.627 371.627 364.565 312.502 307.888 317.946 362.414 267.202
-9999.0 -9999.0 -9999.0 -9999.0 -9999.0 -9999.0 -9999.0 -9999.0 -9999.0 -9999.0 -9999.0 -9999.0 -9999.0 300.628 288.618 337.623 322.217 338.767 352.829 360.986 359.204 365.435 368.578 360.458 332.102 355.645 358.956 369.848 298.801 343.864 336.542 352.521 340.398 327.595 338.374 334.842 341.777 337.5 328.196 346.26 346.631 335.102 346.756 344.344 386.57 342.941 332.137 342.532 402.955 403.437 406.424 371.627 23.127 22.45 22.45 22.45 370.094 369.86 366.266 357.801 309.983 335.17 320.321 308.577 351.986 344.116 262.283
-9999.0 -9999.0 -9999.0 -9999.0 -9999.0 -9999.0 -9999.0 -9999.0 -9999.0 -9999.0 -9999.0 -9999.0 272.984 297.951 286.318 289.978 288.598 285.25 343.91 337.922 354.047 369.499 362.201 370.624 357.589 370.707 307.477 366.912 365.628 358.099 363.549 338.806 326.04 314.339 338.134 349.045 325.049 336.337 324.271 346.352 353.225 355.239 359.892 368.554 390.362 343.941 349.845 338.275 404.624 397.451 406.424 405.131 370.465 369.382 368.861 363.388 355.477 354.77 334.089 332.621 312.033 334.143 348.827 358.956 338.324 312.452 248.427
-9999.0 -9999.0 -9999.0 -9999.0 -9999.0 -9999.0 -9999.0 -9999.0 -9999.0 289.318 319.183 364.039 274.887 291.863 272.495 274.26 326.729 288.576 339.824 344.023 338.929 362.459 365.55 368.824 370.29 372.612 373.183 349.475 347.45 355.385 348.731 323.382 356.842 359.335 303.15 324.499 329.892 346.65 348.891 368.286 366.567 368.594 370.025 404.594 349.247 362.763 330.82 338.066 395.847 391.562 353.461 313.884 358.463 367.076 366.586 363.522 359.077 365.159 334.884 349.054 344.55 332.731 367.475 325.464 347.245 340.836 269.091
-9999.0 -9999.0 -9999.0 -9999.0 -9999.0 -9999.0 -9999.0 -9999.0 -9999.0 279.596 280.874 332.451 324.62 342.974 349.864 334.516 334.818 341.108 337.553 336.747 354.147 341.251 354.827 351.273 310.246 366.149 372.486 368.757 359.927 322.959 321.404 352.958 315.933 365.384 353.898 331.228 328.147 354.172 363.178 366.16 370.104 370.009 369.238 404.867 399.009 345.34 344.498 345.063 339.834 380.021 376.76 402.913 371.627 325.862 293.514 345.43 363.161 331.443 303.379 360.146 366.221 358.893 360.715 370.398 367.139 371.627 362.994
-9999.0 -9999.0 -9999.0 -9999.0 -9999.0 -9999.0 -9999.0 -9999.0 -9999.0 303.986 282.598 320.378 333.649 332.851 343.434 355.999 331.758 310.373 318.006 323.124 363.614 332.466 328.297 326.393 298.207 366.52 359.026 353.934 355.121 343.912 353.659 316.849 328.473 355.154 344.867 332.326 334.788 335.247 341.136 361.748 369.847 366.505 354.414 403.451 404.711 346.578 291.992 312.418 347.027 397.159 386.018 360.219 324.847 279.168 330.867 348.115 328.079 337.307 322.262 365.055 367.082 359.155 367.314 341.99 361.898 360.686 353.439
-9999.0 -9999.0 -9999.0 -9999.0 -9999.0 -9999.0 -9999.0 -9999.0 -9999.0 283.196 277.08 283.124 339.208 338.427 339.443 348.685 342.653 328.806 336.573 334.365 345.522 341.299 355.396 332.961 310.586 292.388 291.381 288.828 316.096 346.05 341.631 313.687 319.429 315.837 286.864 288.04 343.413 335.584 366.725 369.507 356.896 368.35 363.903 359.664 363.249 363.545 312.194 329.755 360.313 403.435 406.424 310.59 334.741 328.262 331.864 330.068 331.11 303.683 346.388 369.144 357.066 361.779 368.792 364.99 367.358 371.476 351.74
-9999.0 -9999.0 -9999.0 -9999.0 -9999.0 -9999.0 -9999.0 -9999.0 -9999.0 300.666 298.934 301.858 343.002 343.225 350.449 331.37 326.919 357.33 353.964 351.533 327.153 326.509 331.692 334.141 309.819 317.985 321.039 314.964 290.373 332.591 325.843 309.809 309.946 289.71 290.531 294.928 336.277 342.57 348.032 365.931 367.514 363.577 365.878 364.222 362.924 364.172 367.0 366.032 351.751 348.934 406.424 362.348 329.019 327.832 278.148 320.897 326.429 345.657 348.254 364.253 361.11 355.212 365.317 368.792 367.654 357.464 371.627
-9999.0 -9999.0 -9999.0 -9999.0 -9999.0 -9999.0 -9999.0 -9999.0 276.016 269.767 302.993 309.233 340.673 359.133 357.606 345.42 362.206 364.056 355.959 360.777 332.788 336.981 325.179 332.043 310.615 310.195 333.224 313.246 288.827 290.6 287.526 290.497 291.943 294.299 289.907 290.444 343.6 341.432 345.288 344.746 363.14 366.601 363.691 363.453 369.334 357.453 354.818 359.239 406.424 403.366 401.48 371.627 295.521 328.412 320.153 323.965 365.296 368.792 368.792 292.795 294.458 368.792 368.792 365.448 368.792 366.557 368.422
-9999.0 -9999.0 -9999.0 -9999.0 -9999.0 -9999.0 -9999.0 -9999.0 303.88 301.317 301.002 284.411 346.242 347.599 338.972 360.384 336.232 344.925 353.369 365.631 358.21 363.099 344.838 353.856 310.385 310.195 279.816 294.472 294.954 295.438 288.233 285.741 264.525 264.929 288.933 291.941 301.414 297.531 305.22 335.677 341.357 348.546 361.333 329.632 356.542 351.889 368.651 367.699 406.194 405.436 404.568 368.989 369.304 333.013 329.286 335.857 350.035 367.456 368.792 292.562 324.617 290.604 298.691 358.243 351.073 368.792 368.792
