static/jobfarm/user_models/minyf/common/HOME-GBHM/输出文件/Output/Grids/soilWaterDepth20020224.asc
ncols 221
nrows 204
xllcorner -627000.0
yllcorner 3955000.0
cellsize 900.0
NODATA_value -9999.0
[rows 60 to 89 of 204, columns 134 to 200 of 221]
276.287 273.256 313.377 381.563 277.757 317.919 -9999.0 -9999.0 284.629 -9999.0 -9999.0 -9999.0 -9999.0 -9999.0 -9999.0 -9999.0 -9999.0 -9999.0 -9999.0 -9999.0 -9999.0 -9999.0 -9999.0 -9999.0 -9999.0 -9999.0 -9999.0 -9999.0 -9999.0 -9999.0 -9999.0 -9999.0 -9999.0 -9999.0 -9999.0 -9999.0 -9999.0 -9999.0 -9999.0 -9999.0 -9999.0 -9999.0 -9999.0 -9999.0 -9999.0 -9999.0 -9999.0 -9999.0 -9999.0 -9999.0 -9999.0 -9999.0 -9999.0 -9999.0 -9999.0 -9999.0 -9999.0 -9999.0 -9999.0 -9999.0 -9999.0 -9999.0 -9999.0 -9999.0 -9999.0 -9999.0 -9999.0
274.366 274.446 282.493 370.89 374.814 267.01 266.223 265.136 265.394 284.579 275.218 -9999.0 -9999.0 -9999.0 -9999.0 -9999.0 -9999.0 -9999.0 -9999.0 -9999.0 -9999.0 -9999.0 -9999.0 -9999.0 -9999.0 -9999.0 -9999.0 -9999.0 -9999.0 -9999.0 -9999.0 -9999.0 -9999.0 -9999.0 -9999.0 -9999.0 -9999.0 -9999.0 -9999.0 -9999.0 -9999.0 -9999.0 -9999.0 -9999.0 -9999.0 -9999.0 -9999.0 -9999.0 -9999.0 -9999.0 -9999.0 -9999.0 -9999.0 -9999.0 -9999.0 -9999.0 -9999.0 -9999.0 -9999.0 -9999.0 -9999.0 -9999.0 -9999.0 -9999.0 -9999.0 -9999.0 -9999.0
285.441 274.008 272.771 269.322 281.23 339.8 264.98 265.214 265.478 289.183 274.179 276.76 -9999.0 273.326 276.405 -9999.0 -9999.0 -9999.0 -9999.0 -9999.0 -9999.0 -9999.0 -9999.0 -9999.0 -9999.0 -9999.0 -9999.0 -9999.0 -9999.0 -9999.0 -9999.0 -9999.0 -9999.0 -9999.0 -9999.0 -9999.0 -9999.0 -9999.0 -9999.0 -9999.0 -9999.0 -9999.0 -9999.0 -9999.0 -9999.0 -9999.0 -9999.0 -9999.0 -9999.0 -9999.0 -9999.0 -9999.0 -9999.0 -9999.0 -9999.0 -9999.0 -9999.0 -9999.0 -9999.0 -9999.0 -9999.0 -9999.0 -9999.0 -9999.0 -9999.0 -9999.0 -9999.0
267.108 266.587 270.105 266.595 264.696 334.324 341.253 276.527 266.359 326.26 358.225 348.565 317.045 266.332 266.475 -9999.0 -9999.0 -9999.0 -9999.0 -9999.0 -9999.0 -9999.0 -9999.0 -9999.0 -9999.0 -9999.0 -9999.0 -9999.0 -9999.0 -9999.0 -9999.0 -9999.0 -9999.0 -9999.0 -9999.0 -9999.0 -9999.0 -9999.0 -9999.0 -9999.0 -9999.0 -9999.0 -9999.0 -9999.0 -9999.0 -9999.0 -9999.0 -9999.0 -9999.0 -9999.0 -9999.0 -9999.0 -9999.0 -9999.0 -9999.0 -9999.0 -9999.0 -9999.0 -9999.0 -9999.0 -9999.0 -9999.0 -9999.0 -9999.0 -9999.0 -9999.0 -9999.0
282.671 290.013 269.944 266.798 333.27 344.716 271.364 268.63 266.035 322.378 291.341 396.915 421.82 298.664 288.447 266.966 265.494 -9999.0 -9999.0 -9999.0 -9999.0 -9999.0 -9999.0 -9999.0 -9999.0 -9999.0 -9999.0 -9999.0 -9999.0 -9999.0 -9999.0 -9999.0 -9999.0 -9999.0 -9999.0 -9999.0 -9999.0 -9999.0 -9999.0 -9999.0 -9999.0 -9999.0 -9999.0 -9999.0 -9999.0 -9999.0 -9999.0 -9999.0 -9999.0 -9999.0 -9999.0 -9999.0 -9999.0 -9999.0 -9999.0 -9999.0 -9999.0 -9999.0 -9999.0 -9999.0 -9999.0 -9999.0 -9999.0 -9999.0 -9999.0 -9999.0 -9999.0
290.961 292.875 273.719 345.656 352.645 291.165 270.695 315.514 297.513 313.618 298.706 267.185 290.544 399.168 418.76 266.628 268.342 285.957 295.419 -9999.0 -9999.0 -9999.0 -9999.0 -9999.0 -9999.0 -9999.0 -9999.0 -9999.0 -9999.0 -9999.0 -9999.0 -9999.0 -9999.0 -9999.0 -9999.0 -9999.0 -9999.0 -9999.0 -9999.0 -9999.0 -9999.0 -9999.0 -9999.0 -9999.0 -9999.0 -9999.0 -9999.0 -9999.0 -9999.0 -9999.0 -9999.0 -9999.0 -9999.0 -9999.0 -9999.0 -9999.0 -9999.0 -9999.0 -9999.0 -9999.0 -9999.0 -9999.0 -9999.0 -9999.0 -9999.0 -9999.0 -9999.0
346.607 341.493 344.614 335.382 283.595 271.247 290.064 317.998 305.079 272.402 265.587 265.231 264.342 287.311 423.422 309.061 271.314 268.499 274.578 282.343 282.234 -9999.0 266.552 265.92 -9999.0 -9999.0 -9999.0 -9999.0 -9999.0 -9999.0 -9999.0 -9999.0 -9999.0 -9999.0 -9999.0 -9999.0 -9999.0 -9999.0 -9999.0 -9999.0 -9999.0 -9999.0 -9999.0 -9999.0 -9999.0 -9999.0 -9999.0 -9999.0 -9999.0 -9999.0 -9999.0 -9999.0 -9999.0 -9999.0 -9999.0 -9999.0 -9999.0 -9999.0 -9999.0 -9999.0 -9999.0 -9999.0 -9999.0 -9999.0 -9999.0 -9999.0 -9999.0
337.459 351.022 365.7 331.449 309.724 310.681 294.002 360.588 317.097 287.5 268.409 286.772 336.34 291.405 419.088 342.753 299.504 280.018 404.386 322.946 274.89 269.314 266.745 267.261 266.702 -9999.0 -9999.0 -9999.0 -9999.0 -9999.0 -9999.0 -9999.0 -9999.0 -9999.0 -9999.0 -9999.0 -9999.0 -9999.0 -9999.0 -9999.0 -9999.0 -9999.0 -9999.0 -9999.0 -9999.0 -9999.0 -9999.0 -9999.0 -9999.0 -9999.0 -9999.0 -9999.0 -9999.0 -9999.0 -9999.0 -9999.0 -9999.0 -9999.0 -9999.0 -9999.0 -9999.0 -9999.0 -9999.0 -9999.0 -9999.0 -9999.0 -9999.0
336.76 418.986 366.863 341.692 322.767 313.952 351.586 342.799 287.289 289.119 304.261 265.246 277.445 392.745 426.023 305.636 293.291 305.04 398.372 395.124 308.387 314.956 267.295 277.195 284.103 273.373 -9999.0 -9999.0 -9999.0 -9999.0 -9999.0 -9999.0 -9999.0 -9999.0 -9999.0 -9999.0 -9999.0 -9999.0 -9999.0 -9999.0 -9999.0 -9999.0 -9999.0 -9999.0 -9999.0 -9999.0 -9999.0 -9999.0 -9999.0 -9999.0 -9999.0 -9999.0 -9999.0 -9999.0 -9999.0 -9999.0 -9999.0 -9999.0 -9999.0 -9999.0 -9999.0 -9999.0 -9999.0 -9999.0 -9999.0 -9999.0 -9999.0
343.8 396.235 339.583 395.419 322.816 346.906 352.565 312.982 320.16 286.858 328.366 288.826 330.745 365.352 304.008 379.416 342.011 285.442 394.388 391.63 305.668 315.709 277.83 288.677 348.184 282.667 267.387 267.135 -9999.0 -9999.0 -9999.0 -9999.0 -9999.0 -9999.0 -9999.0 -9999.0 -9999.0 -9999.0 -9999.0 -9999.0 -9999.0 -9999.0 -9999.0 -9999.0 -9999.0 -9999.0 -9999.0 -9999.0 -9999.0 -9999.0 -9999.0 -9999.0 -9999.0 -9999.0 -9999.0 -9999.0 -9999.0 -9999.0 -9999.0 -9999.0 -9999.0 -9999.0 -9999.0 -9999.0 -9999.0 -9999.0 -9999.0
347.531 401.112 393.668 396.284 390.387 309.549 337.328 313.542 307.953 314.329 344.325 384.704 416.135 381.451 398.073 432.345 390.457 338.613 393.887 322.176 324.961 299.737 266.594 279.932 361.747 277.446 276.515 267.68 287.871 289.614 -9999.0 -9999.0 -9999.0 -9999.0 -9999.0 -9999.0 -9999.0 -9999.0 -9999.0 -9999.0 -9999.0 -9999.0 -9999.0 -9999.0 -9999.0 -9999.0 -9999.0 -9999.0 -9999.0 -9999.0 -9999.0 -9999.0 -9999.0 -9999.0 -9999.0 -9999.0 -9999.0 -9999.0 -9999.0 -9999.0 -9999.0 -9999.0 -9999.0 -9999.0 -9999.0 -9999.0 -9999.0
392.141 395.072 414.227 365.249 343.681 305.777 307.173 313.837 368.924 314.331 345.727 374.947 310.069 308.162 398.201 401.359 389.454 341.971 413.182 402.229 399.881 289.437 267.027 270.598 341.607 269.772 278.025 277.152 267.506 267.399 267.389 -9999.0 -9999.0 -9999.0 -9999.0 -9999.0 -9999.0 -9999.0 -9999.0 -9999.0 -9999.0 -9999.0 -9999.0 -9999.0 -9999.0 -9999.0 -9999.0 -9999.0 -9999.0 -9999.0 -9999.0 -9999.0 -9999.0 -9999.0 -9999.0 -9999.0 -9999.0 -9999.0 -9999.0 -9999.0 -9999.0 -9999.0 -9999.0 -9999.0 -9999.0 -9999.0 -9999.0
394.875 421.481 305.955 309.956 338.517 408.381 344.445 332.101 355.711 334.078 329.394 327.321 320.466 356.288 395.024 400.266 393.958 396.263 432.836 429.907 406.053 365.757 337.483 335.63 340.537 298.029 300.916 334.924 288.894 289.112 284.362 294.404 -9999.0 -9999.0 -9999.0 -9999.0 -9999.0 -9999.0 -9999.0 -9999.0 -9999.0 -9999.0 -9999.0 -9999.0 -9999.0 -9999.0 -9999.0 -9999.0 -9999.0 -9999.0 -9999.0 -9999.0 -9999.0 -9999.0 -9999.0 -9999.0 -9999.0 -9999.0 -9999.0 -9999.0 -9999.0 -9999.0 -9999.0 -9999.0 -9999.0 -9999.0 -9999.0
406.355 397.029 395.354 328.506 341.057 395.719 403.699 400.329 333.347 316.743 316.574 310.863 314.16 315.523 425.403 395.2 398.022 389.11 401.035 388.471 403.576 409.939 430.805 423.43 301.39 276.675 398.945 364.649 331.914 330.079 292.969 295.617 -9999.0 -9999.0 -9999.0 -9999.0 -9999.0 -9999.0 -9999.0 -9999.0 -9999.0 -9999.0 -9999.0 -9999.0 -9999.0 -9999.0 -9999.0 -9999.0 -9999.0 -9999.0 -9999.0 -9999.0 -9999.0 -9999.0 -9999.0 -9999.0 -9999.0 -9999.0 -9999.0 -9999.0 -9999.0 -9999.0 -9999.0 -9999.0 -9999.0 -9999.0 -9999.0
342.164 317.914 395.975 341.144 351.574 395.155 330.61 333.155 333.073 341.742 408.14 400.573 295.678 272.914 416.123 424.494 403.157 415.453 399.791 400.941 395.075 359.207 394.656 398.44 393.972 317.957 308.616 391.749 392.375 393.061 326.225 273.088 -9999.0 -9999.0 -9999.0 -9999.0 -9999.0 -9999.0 -9999.0 -9999.0 -9999.0 -9999.0 -9999.0 -9999.0 -9999.0 -9999.0 -9999.0 -9999.0 -9999.0 -9999.0 -9999.0 -9999.0 -9999.0 -9999.0 -9999.0 -9999.0 -9999.0 -9999.0 -9999.0 -9999.0 -9999.0 -9999.0 -9999.0 -9999.0 -9999.0 -9999.0 -9999.0
334.307 331.419 394.941 390.883 353.659 310.309 337.648 346.323 394.22 390.864 342.584 345.684 287.703 284.765 265.586 323.795 401.157 418.131 401.453 394.138 340.051 337.318 340.452 385.363 280.666 252.819 316.612 329.645 278.136 391.622 269.651 282.037 306.265 -9999.0 -9999.0 -9999.0 285.228 -9999.0 -9999.0 -9999.0 -9999.0 -9999.0 -9999.0 -9999.0 -9999.0 -9999.0 -9999.0 -9999.0 -9999.0 -9999.0 -9999.0 -9999.0 -9999.0 -9999.0 -9999.0 -9999.0 -9999.0 -9999.0 -9999.0 -9999.0 -9999.0 -9999.0 -9999.0 -9999.0 -9999.0 -9999.0 -9999.0
344.717 347.214 395.709 397.627 347.224 332.899 354.119 400.068 401.215 400.615 403.471 398.012 378.679 319.251 301.498 291.248 340.634 321.696 318.409 335.424 307.36 302.835 340.532 281.784 335.885 247.729 254.755 310.113 279.059 331.047 279.541 311.937 303.493 -9999.0 -9999.0 -9999.0 295.497 325.223 326.704 -9999.0 -9999.0 -9999.0 -9999.0 -9999.0 -9999.0 -9999.0 -9999.0 -9999.0 -9999.0 -9999.0 -9999.0 -9999.0 -9999.0 -9999.0 -9999.0 -9999.0 -9999.0 -9999.0 -9999.0 -9999.0 -9999.0 -9999.0 -9999.0 -9999.0 -9999.0 -9999.0 -9999.0
339.649 393.626 395.186 358.105 334.24 344.875 360.937 408.408 342.463 342.441 319.474 331.52 325.68 277.661 277.359 274.305 346.872 351.207 346.149 266.326 288.804 274.894 266.702 254.745 390.761 240.429 242.39 241.655 274.534 289.62 310.72 275.34 300.979 296.039 288.62 307.203 342.245 340.983 316.993 385.69 338.552 345.816 298.956 -9999.0 -9999.0 -9999.0 -9999.0 -9999.0 -9999.0 -9999.0 -9999.0 -9999.0 -9999.0 -9999.0 -9999.0 -9999.0 -9999.0 -9999.0 -9999.0 -9999.0 -9999.0 -9999.0 -9999.0 -9999.0 -9999.0 -9999.0 -9999.0
331.068 392.747 394.852 344.754 334.971 341.954 346.726 342.353 393.09 397.801 367.831 373.065 358.644 289.294 280.121 277.623 293.265 305.763 316.66 267.618 305.086 265.133 280.534 279.314 272.095 324.338 325.652 324.809 333.747 243.72 308.386 331.984 299.641 302.113 304.726 279.505 297.097 300.945 395.156 370.334 403.366 338.64 327.594 327.876 325.89 -9999.0 -9999.0 -9999.0 -9999.0 -9999.0 -9999.0 -9999.0 -9999.0 -9999.0 -9999.0 -9999.0 -9999.0 -9999.0 -9999.0 -9999.0 -9999.0 -9999.0 -9999.0 -9999.0 -9999.0 -9999.0 -9999.0
395.79 396.672 399.408 332.703 342.541 341.978 348.09 388.041 401.589 341.387 423.009 348.53 348.121 330.678 290.342 291.263 264.735 265.762 266.918 272.921 285.685 345.323 337.001 298.452 385.599 393.66 344.543 314.239 331.929 324.23 324.568 320.176 322.081 346.056 299.331 306.704 344.314 351.74 346.444 390.28 406.715 378.563 393.186 332.325 330.097 -9999.0 -9999.0 -9999.0 -9999.0 -9999.0 -9999.0 -9999.0 -9999.0 -9999.0 -9999.0 -9999.0 -9999.0 -9999.0 -9999.0 -9999.0 -9999.0 -9999.0 -9999.0 -9999.0 -9999.0 -9999.0 -9999.0
401.36 400.572 347.819 346.153 349.437 351.713 342.827 345.926 400.604 401.772 351.895 352.749 297.914 293.231 395.65 291.143 291.433 287.247 271.862 270.402 274.855 265.432 272.858 388.472 286.513 308.581 383.898 391.893 321.083 331.235 398.636 307.114 316.868 322.516 291.947 313.783 289.027 295.884 269.487 259.52 323.954 338.493 371.052 333.03 288.586 259.783 256.58 256.626 -9999.0 -9999.0 -9999.0 -9999.0 -9999.0 -9999.0 -9999.0 -9999.0 -9999.0 -9999.0 -9999.0 -9999.0 -9999.0 -9999.0 -9999.0 -9999.0 -9999.0 -9999.0 -9999.0
395.179 394.628 348.403 341.937 328.935 392.586 336.085 348.033 407.11 351.424 357.473 427.847 424.105 293.838 343.594 397.63 391.112 394.677 400.147 291.456 305.76 276.583 291.173 312.686 331.746 290.935 390.352 331.924 393.974 287.196 388.183 391.431 369.154 319.04 277.422 286.427 288.433 331.96 401.129 283.011 281.8 393.542 398.158 350.161 384.741 306.382 298.551 260.79 312.766 278.904 -9999.0 -9999.0 -9999.0 -9999.0 -9999.0 -9999.0 -9999.0 -9999.0 -9999.0 -9999.0 -9999.0 -9999.0 -9999.0 -9999.0 -9999.0 -9999.0 -9999.0
397.018 401.131 403.971 399.826 337.906 407.079 354.381 429.256 402.453 425.427 322.578 400.352 318.246 401.488 336.266 357.886 300.39 312.55 307.173 389.724 289.198 273.696 303.015 398.967 389.688 392.319 395.295 397.553 290.004 402.018 401.382 400.002 399.725 309.685 280.309 256.616 287.493 286.033 398.647 401.672 341.165 346.583 356.612 395.742 401.917 311.824 315.001 284.923 311.822 312.073 -9999.0 -9999.0 -9999.0 -9999.0 -9999.0 -9999.0 -9999.0 -9999.0 -9999.0 -9999.0 -9999.0 -9999.0 -9999.0 -9999.0 -9999.0 -9999.0 -9999.0
389.274 393.523 398.738 398.437 335.843 335.743 432.764 403.491 421.415 372.194 321.217 326.989 323.871 391.102 299.769 390.692 378.563 422.636 419.924 305.153 391.492 267.108 278.934 394.676 396.026 392.823 412.017 412.659 412.07 392.657 390.438 390.34 393.069 399.73 300.7 275.862 351.856 333.749 310.45 393.427 372.365 314.31 391.045 394.637 291.961 391.123 398.403 324.596 313.805 314.55 -9999.0 -9999.0 -9999.0 -9999.0 -9999.0 -9999.0 -9999.0 -9999.0 -9999.0 -9999.0 -9999.0 -9999.0 -9999.0 -9999.0 -9999.0 -9999.0 -9999.0
315.898 415.617 324.727 387.03 420.796 425.138 404.305 418.428 386.134 363.703 402.919 401.848 410.103 395.018 389.198 397.998 405.276 414.421 401.333 314.202 387.827 314.135 331.594 395.426 403.95 395.633 408.62 416.882 412.241 412.018 417.469 311.848 301.938 302.406 281.093 312.478 311.321 299.345 323.505 396.869 402.558 396.654 378.6 356.576 340.877 281.374 291.196 265.852 263.855 -9999.0 -9999.0 -9999.0 -9999.0 -9999.0 -9999.0 -9999.0 -9999.0 -9999.0 -9999.0 -9999.0 -9999.0 -9999.0 -9999.0 -9999.0 -9999.0 -9999.0 -9999.0
323.541 311.87 267.837 313.94 322.316 405.334 339.442 330.662 332.306 399.509 397.555 392.952 396.74 397.939 376.74 389.61 411.125 398.599 355.934 305.622 304.409 394.199 370.072 399.255 387.213 388.73 400.68 430.44 431.097 390.847 331.256 302.031 305.132 305.071 309.964 289.621 311.933 301.493 285.621 288.179 392.712 392.187 391.755 330.993 341.034 308.687 283.667 292.939 -9999.0 -9999.0 -9999.0 -9999.0 -9999.0 -9999.0 -9999.0 -9999.0 -9999.0 -9999.0 -9999.0 -9999.0 -9999.0 -9999.0 -9999.0 -9999.0 -9999.0 -9999.0 -9999.0
345.28 312.765 282.753 269.895 273.976 344.132 345.78 394.962 309.529 331.195 400.863 388.114 392.628 397.77 396.818 388.419 400.966 391.183 392.321 312.938 320.44 389.718 399.59 402.273 329.398 339.835 399.236 422.869 416.519 391.934 354.854 307.45 303.382 308.852 260.622 352.746 371.015 337.321 406.153 295.479 391.499 365.125 332.442 345.554 339.814 342.971 290.275 289.177 -9999.0 -9999.0 -9999.0 -9999.0 -9999.0 -9999.0 -9999.0 -9999.0 -9999.0 -9999.0 -9999.0 -9999.0 -9999.0 -9999.0 -9999.0 -9999.0 -9999.0 -9999.0 -9999.0
345.986 308.64 271.683 343.192 266.68 340.042 344.413 297.873 279.61 327.727 297.281 292.502 400.661 387.957 397.069 318.746 318.822 413.047 400.396 314.336 411.687 400.67 392.898 401.279 343.065 401.193 332.65 413.544 416.723 398.972 386.982 322.072 304.624 260.006 315.81 312.519 388.426 370.671 386.129 339.36 394.774 393.219 395.108 394.454 393.467 328.893 267.949 266.617 -9999.0 -9999.0 -9999.0 -9999.0 -9999.0 -9999.0 -9999.0 -9999.0 -9999.0 -9999.0 -9999.0 -9999.0 -9999.0 -9999.0 -9999.0 -9999.0 -9999.0 -9999.0 -9999.0
310.888 315.812 266.164 271.022 290.199 315.011 302.268 292.008 351.424 280.355 280.32 316.792 306.923 405.002 390.207 389.196 331.329 406.802 411.458 407.926 383.014 328.969 309.871 338.011 332.658 400.924 399.451 403.486 396.535 404.257 401.223 415.296 263.181 271.212 319.858 346.153 337.921 388.112 333.322 320.639 391.563 397.951 301.724 399.81 342.958 402.048 320.444 268.353 -9999.0 -9999.0 -9999.0 -9999.0 -9999.0 -9999.0 -9999.0 -9999.0 -9999.0 -9999.0 -9999.0 -9999.0 -9999.0 -9999.0 -9999.0 -9999.0 -9999.0 -9999.0 -9999.0
314.133 336.846 265.889 267.017 276.682 361.837 352.597 305.899 313.065 353.142 361.571 360.235 280.585 394.734 381.733 392.871 310.434 334.226 351.478 351.464 340.131 394.959 393.885 395.664 391.494 342.091 332.468 403.887 409.457 416.511 421.859 347.548 300.8 316.573 305.024 302.975 370.057 389.935 275.777 398.691 399.406 396.35 340.722 347.832 356.453 342.446 269.603 268.503 266.771 -9999.0 -9999.0 -9999.0 -9999.0 -9999.0 -9999.0 -9999.0 -9999.0 -9999.0 -9999.0 -9999.0 -9999.0 -9999.0 -9999.0 -9999.0 -9999.0 -9999.0 -9999.0
