static/jobfarm/user_models/minyf/common/HOME-GBHM/输出文件/Output/Grids/soilWaterDepth20020222.asc
ncols 221
nrows 204
xllcorner -627000.0
yllcorner 3955000.0
cellsize 900.0
NODATA_value -9999.0
[rows 60 to 89 of 204, columns 134 to 200 of 221]
261.49 261.451 283.268 284.71 261.762 263.582 -9999.0 -9999.0 261.449 -9999.0 -9999.0 -9999.0 -9999.0 -9999.0 -9999.0 -9999.0 -9999.0 -9999.0 -9999.0 -9999.0 -9999.0 -9999.0 -9999.0 -9999.0 -9999.0 -9999.0 -9999.0 -9999.0 -9999.0 -9999.0 -9999.0 -9999.0 -9999.0 -9999.0 -9999.0 -9999.0 -9999.0 -9999.0 -9999.0 -9999.0 -9999.0 -9999.0 -9999.0 -9999.0 -9999.0 -9999.0 -9999.0 -9999.0 -9999.0 -9999.0 -9999.0 -9999.0 -9999.0 -9999.0 -9999.0 -9999.0 -9999.0 -9999.0 -9999.0 -9999.0 -9999.0 -9999.0 -9999.0 -9999.0 -9999.0 -9999.0 -9999.0
261.249 261.337 262.0 314.735 312.983 260.951 260.795 260.267 260.396 261.455 261.281 -9999.0 -9999.0 -9999.0 -9999.0 -9999.0 -9999.0 -9999.0 -9999.0 -9999.0 -9999.0 -9999.0 -9999.0 -9999.0 -9999.0 -9999.0 -9999.0 -9999.0 -9999.0 -9999.0 -9999.0 -9999.0 -9999.0 -9999.0 -9999.0 -9999.0 -9999.0 -9999.0 -9999.0 -9999.0 -9999.0 -9999.0 -9999.0 -9999.0 -9999.0 -9999.0 -9999.0 -9999.0 -9999.0 -9999.0 -9999.0 -9999.0 -9999.0 -9999.0 -9999.0 -9999.0 -9999.0 -9999.0 -9999.0 -9999.0 -9999.0 -9999.0 -9999.0 -9999.0 -9999.0 -9999.0 -9999.0
280.776 261.23 261.082 261.191 265.196 278.859 260.355 260.428 260.431 261.919 261.491 261.336 -9999.0 261.498 261.483 -9999.0 -9999.0 -9999.0 -9999.0 -9999.0 -9999.0 -9999.0 -9999.0 -9999.0 -9999.0 -9999.0 -9999.0 -9999.0 -9999.0 -9999.0 -9999.0 -9999.0 -9999.0 -9999.0 -9999.0 -9999.0 -9999.0 -9999.0 -9999.0 -9999.0 -9999.0 -9999.0 -9999.0 -9999.0 -9999.0 -9999.0 -9999.0 -9999.0 -9999.0 -9999.0 -9999.0 -9999.0 -9999.0 -9999.0 -9999.0 -9999.0 -9999.0 -9999.0 -9999.0 -9999.0 -9999.0 -9999.0 -9999.0 -9999.0 -9999.0 -9999.0 -9999.0
261.103 260.943 261.193 260.845 260.197 290.776 278.333 260.984 260.844 291.223 289.966 289.689 287.217 261.16 261.094 -9999.0 -9999.0 -9999.0 -9999.0 -9999.0 -9999.0 -9999.0 -9999.0 -9999.0 -9999.0 -9999.0 -9999.0 -9999.0 -9999.0 -9999.0 -9999.0 -9999.0 -9999.0 -9999.0 -9999.0 -9999.0 -9999.0 -9999.0 -9999.0 -9999.0 -9999.0 -9999.0 -9999.0 -9999.0 -9999.0 -9999.0 -9999.0 -9999.0 -9999.0 -9999.0 -9999.0 -9999.0 -9999.0 -9999.0 -9999.0 -9999.0 -9999.0 -9999.0 -9999.0 -9999.0 -9999.0 -9999.0 -9999.0 -9999.0 -9999.0 -9999.0 -9999.0
261.317 261.176 261.192 261.148 262.308 293.142 260.826 260.611 260.687 263.151 262.229 307.373 339.324 292.319 285.708 261.181 260.778 -9999.0 -9999.0 -9999.0 -9999.0 -9999.0 -9999.0 -9999.0 -9999.0 -9999.0 -9999.0 -9999.0 -9999.0 -9999.0 -9999.0 -9999.0 -9999.0 -9999.0 -9999.0 -9999.0 -9999.0 -9999.0 -9999.0 -9999.0 -9999.0 -9999.0 -9999.0 -9999.0 -9999.0 -9999.0 -9999.0 -9999.0 -9999.0 -9999.0 -9999.0 -9999.0 -9999.0 -9999.0 -9999.0 -9999.0 -9999.0 -9999.0 -9999.0 -9999.0 -9999.0 -9999.0 -9999.0 -9999.0 -9999.0 -9999.0 -9999.0
261.198 261.226 261.23 274.119 272.065 261.132 260.744 262.795 263.104 262.665 262.389 261.022 286.023 315.587 319.278 260.933 260.22 261.339 260.598 -9999.0 -9999.0 -9999.0 -9999.0 -9999.0 -9999.0 -9999.0 -9999.0 -9999.0 -9999.0 -9999.0 -9999.0 -9999.0 -9999.0 -9999.0 -9999.0 -9999.0 -9999.0 -9999.0 -9999.0 -9999.0 -9999.0 -9999.0 -9999.0 -9999.0 -9999.0 -9999.0 -9999.0 -9999.0 -9999.0 -9999.0 -9999.0 -9999.0 -9999.0 -9999.0 -9999.0 -9999.0 -9999.0 -9999.0 -9999.0 -9999.0 -9999.0 -9999.0 -9999.0 -9999.0 -9999.0 -9999.0 -9999.0
262.496 261.664 263.216 261.353 260.716 260.514 261.659 260.797 261.314 261.121 261.293 261.07 260.276 283.208 346.356 287.156 261.0 261.104 261.112 261.105 260.911 -9999.0 260.891 260.711 -9999.0 -9999.0 -9999.0 -9999.0 -9999.0 -9999.0 -9999.0 -9999.0 -9999.0 -9999.0 -9999.0 -9999.0 -9999.0 -9999.0 -9999.0 -9999.0 -9999.0 -9999.0 -9999.0 -9999.0 -9999.0 -9999.0 -9999.0 -9999.0 -9999.0 -9999.0 -9999.0 -9999.0 -9999.0 -9999.0 -9999.0 -9999.0 -9999.0 -9999.0 -9999.0 -9999.0 -9999.0 -9999.0 -9999.0 -9999.0 -9999.0 -9999.0 -9999.0
262.569 260.53 266.262 259.682 260.844 260.746 260.757 262.439 260.7 261.624 260.924 263.205 281.256 286.754 407.783 287.245 286.953 260.855 293.817 286.119 261.105 261.118 260.972 261.2 260.941 -9999.0 -9999.0 -9999.0 -9999.0 -9999.0 -9999.0 -9999.0 -9999.0 -9999.0 -9999.0 -9999.0 -9999.0 -9999.0 -9999.0 -9999.0 -9999.0 -9999.0 -9999.0 -9999.0 -9999.0 -9999.0 -9999.0 -9999.0 -9999.0 -9999.0 -9999.0 -9999.0 -9999.0 -9999.0 -9999.0 -9999.0 -9999.0 -9999.0 -9999.0 -9999.0 -9999.0 -9999.0 -9999.0 -9999.0 -9999.0 -9999.0 -9999.0
266.781 286.658 262.184 260.255 261.275 261.119 284.011 266.024 260.457 260.664 264.583 260.349 260.897 379.968 380.72 286.514 286.259 286.286 285.909 333.053 261.004 261.056 261.212 261.185 261.361 261.091 -9999.0 -9999.0 -9999.0 -9999.0 -9999.0 -9999.0 -9999.0 -9999.0 -9999.0 -9999.0 -9999.0 -9999.0 -9999.0 -9999.0 -9999.0 -9999.0 -9999.0 -9999.0 -9999.0 -9999.0 -9999.0 -9999.0 -9999.0 -9999.0 -9999.0 -9999.0 -9999.0 -9999.0 -9999.0 -9999.0 -9999.0 -9999.0 -9999.0 -9999.0 -9999.0 -9999.0 -9999.0 -9999.0 -9999.0 -9999.0 -9999.0
260.5 289.655 295.565 284.448 261.184 286.947 262.102 261.211 261.139 260.63 260.761 261.384 286.263 283.959 357.66 287.74 286.044 260.706 285.631 327.388 260.918 260.952 261.208 261.99 292.286 261.328 261.223 261.104 -9999.0 -9999.0 -9999.0 -9999.0 -9999.0 -9999.0 -9999.0 -9999.0 -9999.0 -9999.0 -9999.0 -9999.0 -9999.0 -9999.0 -9999.0 -9999.0 -9999.0 -9999.0 -9999.0 -9999.0 -9999.0 -9999.0 -9999.0 -9999.0 -9999.0 -9999.0 -9999.0 -9999.0 -9999.0 -9999.0 -9999.0 -9999.0 -9999.0 -9999.0 -9999.0 -9999.0 -9999.0 -9999.0 -9999.0
260.892 284.445 287.911 283.936 352.046 261.367 261.494 261.278 261.401 261.37 261.996 291.007 286.831 286.157 398.016 290.802 287.44 261.392 331.36 286.28 285.933 260.871 260.903 261.279 299.721 261.201 261.123 261.339 261.964 261.92 -9999.0 -9999.0 -9999.0 -9999.0 -9999.0 -9999.0 -9999.0 -9999.0 -9999.0 -9999.0 -9999.0 -9999.0 -9999.0 -9999.0 -9999.0 -9999.0 -9999.0 -9999.0 -9999.0 -9999.0 -9999.0 -9999.0 -9999.0 -9999.0 -9999.0 -9999.0 -9999.0 -9999.0 -9999.0 -9999.0 -9999.0 -9999.0 -9999.0 -9999.0 -9999.0 -9999.0 -9999.0
288.227 288.601 287.333 287.702 275.17 261.374 261.415 261.281 278.79 261.371 262.47 263.003 262.347 288.156 287.112 387.254 288.384 288.249 288.185 363.7 315.391 261.1 260.965 261.239 283.583 261.195 261.333 261.274 261.275 261.224 261.214 -9999.0 -9999.0 -9999.0 -9999.0 -9999.0 -9999.0 -9999.0 -9999.0 -9999.0 -9999.0 -9999.0 -9999.0 -9999.0 -9999.0 -9999.0 -9999.0 -9999.0 -9999.0 -9999.0 -9999.0 -9999.0 -9999.0 -9999.0 -9999.0 -9999.0 -9999.0 -9999.0 -9999.0 -9999.0 -9999.0 -9999.0 -9999.0 -9999.0 -9999.0 -9999.0 -9999.0
287.798 320.33 305.84 414.093 263.437 297.433 297.758 295.675 294.953 272.901 261.729 261.461 262.539 287.11 315.049 320.605 393.958 396.202 297.346 296.204 405.868 261.015 260.777 261.275 270.102 262.715 263.003 272.153 262.358 263.142 261.991 262.391 -9999.0 -9999.0 -9999.0 -9999.0 -9999.0 -9999.0 -9999.0 -9999.0 -9999.0 -9999.0 -9999.0 -9999.0 -9999.0 -9999.0 -9999.0 -9999.0 -9999.0 -9999.0 -9999.0 -9999.0 -9999.0 -9999.0 -9999.0 -9999.0 -9999.0 -9999.0 -9999.0 -9999.0 -9999.0 -9999.0 -9999.0 -9999.0 -9999.0 -9999.0 -9999.0
289.209 307.584 395.651 306.951 298.505 293.311 294.934 297.064 333.614 262.006 261.141 261.099 261.273 286.409 287.543 375.647 389.535 289.303 377.53 295.683 316.18 289.599 286.777 334.927 263.454 261.567 302.26 294.753 336.354 322.28 262.303 262.624 -9999.0 -9999.0 -9999.0 -9999.0 -9999.0 -9999.0 -9999.0 -9999.0 -9999.0 -9999.0 -9999.0 -9999.0 -9999.0 -9999.0 -9999.0 -9999.0 -9999.0 -9999.0 -9999.0 -9999.0 -9999.0 -9999.0 -9999.0 -9999.0 -9999.0 -9999.0 -9999.0 -9999.0 -9999.0 -9999.0 -9999.0 -9999.0 -9999.0 -9999.0 -9999.0
272.951 318.264 285.637 294.607 289.496 285.93 316.209 317.741 292.32 263.169 286.53 286.622 261.872 261.275 286.672 287.085 304.121 306.641 387.445 293.9 285.837 260.86 282.524 305.616 328.638 270.24 308.616 346.68 392.285 392.98 326.158 261.395 -9999.0 -9999.0 -9999.0 -9999.0 -9999.0 -9999.0 -9999.0 -9999.0 -9999.0 -9999.0 -9999.0 -9999.0 -9999.0 -9999.0 -9999.0 -9999.0 -9999.0 -9999.0 -9999.0 -9999.0 -9999.0 -9999.0 -9999.0 -9999.0 -9999.0 -9999.0 -9999.0 -9999.0 -9999.0 -9999.0 -9999.0 -9999.0 -9999.0 -9999.0 -9999.0
271.962 270.366 295.033 293.549 289.936 288.931 266.188 263.611 316.161 343.573 286.132 286.01 261.185 261.556 261.192 286.439 302.294 418.131 294.199 292.691 260.174 260.423 260.38 282.939 286.888 256.021 282.722 277.46 259.408 313.916 257.478 262.171 263.981 -9999.0 -9999.0 -9999.0 272.906 -9999.0 -9999.0 -9999.0 -9999.0 -9999.0 -9999.0 -9999.0 -9999.0 -9999.0 -9999.0 -9999.0 -9999.0 -9999.0 -9999.0 -9999.0 -9999.0 -9999.0 -9999.0 -9999.0 -9999.0 -9999.0 -9999.0 -9999.0 -9999.0 -9999.0 -9999.0 -9999.0 -9999.0 -9999.0 -9999.0
274.068 272.958 285.456 287.406 305.006 262.079 260.524 295.542 297.755 296.686 380.216 309.868 287.086 261.077 261.023 261.16 265.491 261.336 276.042 278.0 274.303 271.957 260.489 284.581 284.982 256.083 255.682 268.503 258.495 288.846 257.968 265.58 265.113 -9999.0 -9999.0 -9999.0 279.699 255.212 253.585 -9999.0 -9999.0 -9999.0 -9999.0 -9999.0 -9999.0 -9999.0 -9999.0 -9999.0 -9999.0 -9999.0 -9999.0 -9999.0 -9999.0 -9999.0 -9999.0 -9999.0 -9999.0 -9999.0 -9999.0 -9999.0 -9999.0 -9999.0 -9999.0 -9999.0 -9999.0 -9999.0 -9999.0
259.779 283.564 284.144 273.169 263.326 261.092 261.099 296.035 298.002 298.058 261.428 261.315 261.219 261.522 261.39 261.285 263.201 265.693 279.339 262.535 262.14 260.727 260.059 260.441 284.389 256.278 254.768 255.258 261.409 262.315 263.702 261.541 262.603 264.037 272.933 274.731 259.653 277.362 282.136 279.09 282.209 281.92 254.676 -9999.0 -9999.0 -9999.0 -9999.0 -9999.0 -9999.0 -9999.0 -9999.0 -9999.0 -9999.0 -9999.0 -9999.0 -9999.0 -9999.0 -9999.0 -9999.0 -9999.0 -9999.0 -9999.0 -9999.0 -9999.0 -9999.0 -9999.0 -9999.0
257.781 285.208 289.041 276.405 262.529 262.238 263.037 287.661 393.36 398.237 289.616 287.091 287.147 262.094 261.826 261.448 262.941 263.633 265.163 261.647 269.283 261.107 261.93 262.159 286.946 294.544 259.804 256.049 256.381 255.926 263.339 261.035 262.941 260.834 262.289 261.074 255.572 255.706 303.711 283.258 281.859 282.495 253.945 255.064 254.412 -9999.0 -9999.0 -9999.0 -9999.0 -9999.0 -9999.0 -9999.0 -9999.0 -9999.0 -9999.0 -9999.0 -9999.0 -9999.0 -9999.0 -9999.0 -9999.0 -9999.0 -9999.0 -9999.0 -9999.0 -9999.0 -9999.0
285.597 295.035 301.047 281.589 286.046 279.932 265.667 329.557 294.055 296.668 287.394 287.633 290.559 290.144 286.73 262.1 260.845 260.534 261.005 261.744 263.474 281.744 281.793 264.054 287.295 294.634 262.968 257.726 257.742 255.887 265.677 258.529 322.053 276.188 258.57 263.718 288.513 288.886 286.786 297.162 296.449 283.68 281.774 255.726 254.598 -9999.0 -9999.0 -9999.0 -9999.0 -9999.0 -9999.0 -9999.0 -9999.0 -9999.0 -9999.0 -9999.0 -9999.0 -9999.0 -9999.0 -9999.0 -9999.0 -9999.0 -9999.0 -9999.0 -9999.0 -9999.0 -9999.0
401.838 309.331 270.054 261.3 270.988 261.235 287.897 287.094 293.345 295.283 287.829 290.672 287.666 287.246 301.194 286.906 286.459 285.467 260.9 261.638 260.703 260.259 260.119 295.717 261.448 281.538 284.44 301.653 254.423 262.083 313.497 307.032 256.464 266.389 258.162 262.222 283.619 283.215 256.864 256.681 287.78 301.091 283.987 257.354 254.259 254.629 254.701 254.49 -9999.0 -9999.0 -9999.0 -9999.0 -9999.0 -9999.0 -9999.0 -9999.0 -9999.0 -9999.0 -9999.0 -9999.0 -9999.0 -9999.0 -9999.0 -9999.0 -9999.0 -9999.0 -9999.0
292.952 284.39 260.343 263.28 261.861 311.281 287.644 287.456 292.484 297.019 290.839 290.593 290.592 287.655 300.761 303.69 338.25 331.413 301.554 286.771 285.938 260.927 263.386 284.212 278.116 260.203 284.664 299.573 285.468 285.053 345.46 288.808 291.418 257.98 260.427 281.837 283.224 310.807 375.51 258.478 259.278 291.172 302.693 284.822 283.818 284.057 283.513 256.414 262.854 260.135 -9999.0 -9999.0 -9999.0 -9999.0 -9999.0 -9999.0 -9999.0 -9999.0 -9999.0 -9999.0 -9999.0 -9999.0 -9999.0 -9999.0 -9999.0 -9999.0 -9999.0
291.849 287.017 292.981 290.955 288.924 287.098 287.976 320.03 314.117 317.658 287.8 290.313 287.63 306.01 289.581 292.574 286.956 286.019 285.687 355.957 285.352 261.197 261.401 285.886 301.814 286.477 288.594 290.517 286.778 287.347 291.906 290.707 295.15 264.446 256.212 254.682 282.579 281.505 293.625 312.751 283.907 281.873 281.171 395.66 329.638 285.477 284.848 259.422 266.498 262.818 -9999.0 -9999.0 -9999.0 -9999.0 -9999.0 -9999.0 -9999.0 -9999.0 -9999.0 -9999.0 -9999.0 -9999.0 -9999.0 -9999.0 -9999.0 -9999.0 -9999.0
295.824 286.494 287.349 294.927 287.22 287.157 288.037 317.837 294.558 294.153 287.205 287.414 287.356 376.89 286.794 290.124 301.343 291.086 301.024 285.209 302.472 261.015 260.976 287.816 291.474 324.285 319.299 316.353 420.967 343.505 351.532 344.899 330.809 295.154 257.96 260.988 287.041 283.821 283.739 393.315 284.548 283.41 283.518 289.25 258.46 345.374 373.466 315.481 268.044 266.394 -9999.0 -9999.0 -9999.0 -9999.0 -9999.0 -9999.0 -9999.0 -9999.0 -9999.0 -9999.0 -9999.0 -9999.0 -9999.0 -9999.0 -9999.0 -9999.0 -9999.0
267.303 286.318 288.059 302.448 304.659 305.186 303.394 304.092 306.408 295.92 303.592 303.113 305.487 307.148 376.099 298.997 292.596 292.014 294.362 286.544 290.132 287.731 262.892 317.002 294.77 334.277 314.741 291.831 286.994 288.806 305.031 277.291 274.815 271.802 262.222 257.95 257.762 281.818 283.472 292.532 364.422 282.275 287.959 283.452 258.096 261.263 283.987 258.452 258.042 -9999.0 -9999.0 -9999.0 -9999.0 -9999.0 -9999.0 -9999.0 -9999.0 -9999.0 -9999.0 -9999.0 -9999.0 -9999.0 -9999.0 -9999.0 -9999.0 -9999.0 -9999.0
259.938 264.515 261.801 265.385 266.769 303.694 290.273 290.358 290.464 347.633 306.819 306.258 299.36 300.558 286.905 348.668 290.68 289.761 287.627 285.419 285.254 394.895 274.917 320.552 292.979 305.781 308.504 294.923 309.653 308.738 264.631 275.656 273.583 269.329 264.204 261.454 257.854 257.943 258.351 283.227 323.162 281.697 282.768 257.695 268.888 279.7 283.808 283.917 -9999.0 -9999.0 -9999.0 -9999.0 -9999.0 -9999.0 -9999.0 -9999.0 -9999.0 -9999.0 -9999.0 -9999.0 -9999.0 -9999.0 -9999.0 -9999.0 -9999.0 -9999.0 -9999.0
261.074 262.593 262.423 262.037 262.312 291.078 292.248 305.258 288.763 290.599 322.918 388.114 379.388 300.39 299.444 376.257 290.373 391.04 291.131 286.368 287.407 390.917 319.84 305.124 305.27 286.777 286.437 294.604 295.24 295.075 264.204 275.472 271.907 268.052 257.169 281.684 282.31 281.895 283.906 282.489 302.729 283.424 282.801 270.144 266.457 267.507 283.783 283.713 -9999.0 -9999.0 -9999.0 -9999.0 -9999.0 -9999.0 -9999.0 -9999.0 -9999.0 -9999.0 -9999.0 -9999.0 -9999.0 -9999.0 -9999.0 -9999.0 -9999.0 -9999.0 -9999.0
257.513 262.488 261.961 293.998 261.249 291.19 291.957 281.713 275.925 289.559 289.285 288.391 299.862 337.49 291.891 318.746 318.666 291.029 291.826 286.558 291.863 288.07 331.167 304.153 302.324 286.62 286.36 310.058 288.607 382.363 293.343 314.914 276.046 257.305 292.914 265.406 320.953 282.383 282.969 282.744 291.227 394.456 331.087 392.323 391.342 261.533 259.237 259.217 -9999.0 -9999.0 -9999.0 -9999.0 -9999.0 -9999.0 -9999.0 -9999.0 -9999.0 -9999.0 -9999.0 -9999.0 -9999.0 -9999.0 -9999.0 -9999.0 -9999.0 -9999.0 -9999.0
260.772 260.197 261.022 261.804 291.262 315.46 279.343 278.547 292.25 276.065 276.497 286.098 287.08 285.241 308.265 303.305 257.323 287.212 290.861 291.021 289.889 304.753 301.847 307.561 302.728 299.965 286.455 320.633 388.662 396.507 394.029 290.722 259.034 258.89 291.7 265.934 283.464 284.069 283.698 283.711 286.116 316.093 262.708 302.542 282.6 393.968 259.403 259.258 -9999.0 -9999.0 -9999.0 -9999.0 -9999.0 -9999.0 -9999.0 -9999.0 -9999.0 -9999.0 -9999.0 -9999.0 -9999.0 -9999.0 -9999.0 -9999.0 -9999.0 -9999.0 -9999.0
260.884 263.006 261.608 261.485 262.274 288.341 352.597 278.942 279.748 300.363 285.242 277.519 276.475 286.304 296.201 283.257 274.777 256.663 264.144 261.679 263.31 303.557 333.602 333.376 370.432 311.986 324.53 288.677 286.069 291.779 293.151 290.327 287.754 314.481 259.772 258.635 288.365 279.727 283.446 281.306 286.814 280.026 259.034 271.349 276.54 271.928 259.297 259.261 259.228 -9999.0 -9999.0 -9999.0 -9999.0 -9999.0 -9999.0 -9999.0 -9999.0 -9999.0 -9999.0 -9999.0 -9999.0 -9999.0 -9999.0 -9999.0 -9999.0 -9999.0 -9999.0
