static/jobfarm/user_models/minyf/common/HOME-GBHM/输出文件/Output/Grids/soilWaterDepth20020226.asc
ncols 221
nrows 204
xllcorner -627000.0
yllcorner 3955000.0
cellsize 900.0
NODATA_value -9999.0
[rows 30 to 59 of 204, columns 67 to 133 of 221]
265.458 266.781 362.372 366.28 352.622 361.464 296.639 300.054 300.729 292.786 351.165 337.444 360.352 351.025 267.684 327.578 329.527 299.439 345.395 319.69 339.541 291.171 346.575 288.485 288.124 293.492 326.867 347.249 270.515 267.123 337.096 317.974 265.147 274.253 264.756 282.026 279.731 274.553 369.429 280.348 314.102 337.362 337.758 354.244 282.178 337.386 279.454 360.999 -9999.0 -9999.0 -9999.0 -9999.0 -9999.0 -9999.0 -9999.0 -9999.0 -9999.0 -9999.0 -9999.0 -9999.0 -9999.0 -9999.0 -9999.0 -9999.0 -9999.0 -9999.0 -9999.0
265.295 264.491 275.423 353.379 266.089 366.516 339.455 299.962 296.177 268.356 268.359 291.962 363.87 319.458 338.906 263.694 292.252 342.034 344.155 291.088 341.774 352.466 296.504 341.495 339.007 294.809 342.213 308.104 293.326 274.545 342.388 273.755 273.373 271.509 342.315 351.68 358.849 284.951 340.467 374.931 314.729 301.904 329.564 346.715 296.989 328.516 254.36 382.772 284.864 257.198 267.971 -9999.0 -9999.0 -9999.0 -9999.0 -9999.0 -9999.0 -9999.0 -9999.0 -9999.0 -9999.0 -9999.0 -9999.0 -9999.0 -9999.0 -9999.0 -9999.0
264.43 278.47 277.247 365.716 264.094 267.581 330.554 356.622 287.725 264.009 279.42 273.48 324.852 381.253 349.705 326.336 290.671 295.211 282.275 338.022 296.283 336.424 330.203 283.012 279.748 342.748 280.406 294.904 294.259 293.616 357.966 286.021 275.931 260.497 285.053 294.945 269.392 365.007 370.46 374.702 298.825 373.908 332.165 357.533 314.058 311.868 359.244 270.378 270.907 268.941 273.965 272.595 -9999.0 -9999.0 -9999.0 -9999.0 -9999.0 -9999.0 -9999.0 -9999.0 -9999.0 -9999.0 -9999.0 -9999.0 -9999.0 -9999.0 -9999.0
280.826 281.101 265.363 262.696 263.229 266.812 265.292 267.751 346.309 284.271 284.004 293.576 269.943 386.569 328.898 389.652 286.301 369.629 295.316 320.031 266.095 331.84 344.483 275.828 336.355 308.116 298.888 296.249 265.978 353.316 279.249 287.056 260.846 271.56 269.733 293.113 260.305 306.729 270.139 317.166 373.812 365.409 331.397 363.646 274.63 330.373 361.46 273.477 270.042 273.689 270.114 271.137 262.996 -9999.0 -9999.0 -9999.0 -9999.0 -9999.0 -9999.0 -9999.0 -9999.0 -9999.0 -9999.0 -9999.0 -9999.0 -9999.0 -9999.0
268.152 267.509 278.104 280.684 281.017 266.679 266.793 264.649 285.369 288.32 282.52 293.799 363.279 264.058 289.38 345.555 350.817 294.831 284.242 325.067 329.715 331.095 314.742 335.046 269.944 292.99 286.643 333.514 354.477 274.189 274.593 276.511 267.137 327.43 300.595 260.319 262.265 260.602 295.738 277.501 352.065 314.166 311.924 331.636 292.288 269.388 369.866 273.494 285.807 356.74 274.809 267.588 -9999.0 -9999.0 -9999.0 -9999.0 -9999.0 -9999.0 -9999.0 -9999.0 -9999.0 -9999.0 -9999.0 -9999.0 -9999.0 -9999.0 -9999.0
270.362 266.549 328.686 268.935 263.257 293.463 300.852 300.013 292.524 282.923 284.437 291.715 292.103 385.323 290.124 351.667 354.539 299.798 370.544 342.617 279.606 331.737 347.604 307.48 279.0 285.139 289.558 331.662 318.218 273.983 273.513 296.435 268.811 273.976 335.055 258.265 273.583 261.249 266.02 275.511 295.939 372.544 373.88 307.971 322.25 337.304 355.73 355.554 350.073 278.298 272.481 265.267 -9999.0 -9999.0 -9999.0 -9999.0 -9999.0 -9999.0 -9999.0 -9999.0 -9999.0 -9999.0 -9999.0 -9999.0 -9999.0 -9999.0 -9999.0
354.478 320.157 353.832 253.785 287.463 299.534 291.653 276.854 340.769 352.999 336.949 259.822 291.212 293.502 394.615 293.035 293.676 280.236 273.042 373.976 316.129 307.185 338.799 325.204 336.496 345.821 335.806 324.731 288.483 310.176 298.906 300.535 329.57 317.706 242.928 257.496 259.438 272.591 260.019 283.452 272.319 273.875 373.04 375.439 278.784 358.861 338.389 286.74 269.62 312.131 277.167 269.686 267.982 -9999.0 -9999.0 -9999.0 -9999.0 -9999.0 -9999.0 -9999.0 -9999.0 -9999.0 -9999.0 -9999.0 -9999.0 -9999.0 -9999.0
286.176 353.022 353.225 328.179 330.951 334.274 331.766 337.517 278.607 363.747 353.11 258.682 258.336 258.483 376.086 257.792 281.647 257.003 335.089 284.749 272.429 343.901 262.837 331.362 332.871 319.238 319.311 339.566 319.37 327.132 328.499 254.946 264.819 328.127 329.809 262.575 327.525 260.725 259.57 280.029 279.488 297.537 323.178 366.716 270.869 365.894 277.682 290.18 267.614 274.123 275.733 275.878 274.673 -9999.0 -9999.0 -9999.0 -9999.0 -9999.0 -9999.0 -9999.0 -9999.0 -9999.0 -9999.0 -9999.0 -9999.0 -9999.0 -9999.0
295.318 340.891 358.2 262.887 321.213 261.724 292.757 359.069 334.561 286.397 375.838 263.78 265.517 258.096 298.849 258.171 255.615 274.465 303.374 269.013 357.455 264.422 324.727 352.645 341.13 322.414 351.203 357.349 348.356 355.368 361.1 357.52 325.538 254.204 321.248 258.221 337.778 261.131 283.331 342.003 297.172 295.19 279.745 339.739 375.634 312.978 275.905 268.071 287.167 283.097 274.263 270.769 273.029 268.598 256.667 255.803 254.829 262.872 252.26 -9999.0 -9999.0 -9999.0 -9999.0 -9999.0 -9999.0 -9999.0 -9999.0
296.089 286.732 260.087 361.923 284.432 347.667 290.687 289.397 343.945 286.642 287.221 257.211 265.417 265.16 264.918 292.854 312.783 258.371 309.808 276.401 272.921 310.658 355.342 330.46 352.01 353.571 349.249 364.674 361.148 363.716 350.659 357.237 336.986 335.734 320.304 289.836 292.786 321.537 267.109 336.238 296.413 281.325 349.904 274.007 370.696 317.251 274.777 267.753 269.445 365.793 324.886 279.416 270.182 269.298 268.973 264.216 255.469 252.693 254.245 253.31 -9999.0 -9999.0 -9999.0 -9999.0 -9999.0 -9999.0 -9999.0
293.998 289.094 323.299 286.121 317.596 325.586 318.442 290.621 271.612 312.24 393.459 274.256 256.433 266.245 265.82 290.809 283.544 259.685 284.525 277.42 260.921 347.29 318.362 335.4 263.56 331.799 345.331 337.03 324.191 325.412 249.325 336.608 353.091 301.96 338.337 309.102 260.465 351.517 338.45 287.991 295.668 281.289 286.889 321.427 369.547 309.152 307.522 346.322 353.392 276.683 284.964 279.944 280.629 270.272 269.896 265.02 264.178 267.876 267.954 256.714 -9999.0 -9999.0 -9999.0 -9999.0 -9999.0 -9999.0 -9999.0
274.637 329.645 278.473 326.496 359.093 301.558 358.407 334.472 390.172 395.241 306.18 276.745 255.684 263.934 264.193 319.922 256.654 263.332 307.261 253.166 322.604 271.959 275.208 327.364 337.711 266.353 341.529 326.681 337.818 355.383 321.049 321.833 326.998 350.979 364.463 348.418 355.394 267.625 272.241 303.756 299.42 325.671 284.848 331.387 372.935 337.143 358.078 361.314 279.17 288.539 280.552 332.262 343.868 269.532 330.973 311.411 269.17 270.063 357.324 259.634 258.947 -9999.0 -9999.0 -9999.0 -9999.0 -9999.0 -9999.0
268.317 274.422 275.723 266.505 395.775 393.471 295.362 270.372 391.616 370.58 347.368 395.828 370.154 339.798 292.608 261.593 333.342 262.216 261.822 318.709 346.154 259.993 260.977 327.305 309.35 307.768 269.696 327.877 302.334 321.089 304.441 274.105 271.807 317.4 328.415 253.764 259.599 272.351 260.249 263.796 251.633 282.714 333.585 343.919 362.876 371.164 357.238 304.361 272.696 304.133 343.958 364.377 306.349 279.573 344.226 279.218 276.659 272.348 370.229 268.642 -9999.0 -9999.0 -9999.0 -9999.0 -9999.0 -9999.0 -9999.0
267.856 299.674 275.472 268.287 308.98 394.988 376.217 393.179 295.832 391.429 394.085 352.401 396.328 359.754 344.313 316.788 350.57 263.013 258.833 265.676 262.443 261.363 265.143 323.811 285.986 283.912 267.259 339.138 285.075 326.952 298.012 305.878 271.775 285.981 347.259 251.762 267.611 269.359 260.717 258.55 327.8 299.683 325.713 365.47 321.327 325.117 286.426 358.949 356.224 357.49 300.004 311.71 307.327 279.522 330.303 285.624 278.703 365.788 287.572 263.4 -9999.0 -9999.0 -9999.0 -9999.0 -9999.0 -9999.0 -9999.0
270.883 309.371 294.931 318.825 268.117 366.108 393.321 285.011 346.542 352.698 394.247 393.865 395.347 348.383 363.814 337.967 343.748 263.236 258.852 272.48 264.126 259.964 327.888 257.111 290.861 284.985 291.924 261.94 327.143 321.226 298.405 292.089 281.195 252.468 344.723 331.878 241.602 242.012 245.035 246.576 246.867 351.76 369.02 363.72 306.537 309.037 331.114 314.446 363.461 357.653 362.082 364.065 334.266 364.861 361.39 363.469 332.956 317.381 276.268 264.432 -9999.0 -9999.0 -9999.0 -9999.0 -9999.0 -9999.0 -9999.0
263.414 337.997 375.083 390.383 263.939 281.363 279.58 282.18 387.949 350.311 285.878 392.735 265.495 387.572 337.635 341.964 288.622 263.619 290.266 263.577 265.23 263.404 258.324 261.015 290.955 285.438 261.438 257.427 330.204 273.473 299.431 279.583 287.108 324.658 253.353 251.278 337.389 250.888 246.955 245.569 244.799 376.838 366.167 319.682 299.225 311.177 324.108 359.759 278.058 311.612 312.236 318.361 363.026 336.17 287.058 286.262 305.009 280.613 276.714 266.486 266.926 -9999.0 -9999.0 -9999.0 -9999.0 -9999.0 -9999.0
339.662 263.892 278.591 385.804 279.649 345.294 333.173 333.984 388.202 347.022 372.524 386.924 374.637 388.744 393.028 389.966 330.159 261.043 263.228 291.028 261.182 262.084 246.547 284.221 278.471 274.827 310.816 324.161 257.747 313.507 261.508 316.459 317.371 261.31 253.816 248.262 338.46 251.375 251.301 246.495 258.887 370.525 329.016 313.246 298.648 325.549 269.577 349.45 318.62 299.079 302.908 304.362 289.91 268.009 269.144 281.46 285.743 283.205 281.955 273.892 270.109 267.178 -9999.0 -9999.0 286.446 301.011 -9999.0
274.232 275.292 298.775 384.759 268.343 299.477 304.011 322.405 391.29 318.241 320.076 256.69 372.875 356.441 383.706 326.667 341.737 259.178 259.248 266.289 276.168 273.43 281.882 285.385 283.613 321.472 321.968 279.451 289.929 295.725 302.909 276.871 264.349 267.917 341.615 258.777 253.691 343.719 248.784 266.758 257.953 366.359 314.22 326.858 310.092 286.677 348.28 307.965 301.225 298.749 304.881 271.167 269.622 289.116 288.137 293.879 274.362 269.981 343.057 276.196 273.958 266.549 -9999.0 -9999.0 307.9 309.213 -9999.0
262.999 262.199 255.524 264.912 262.998 262.615 276.605 262.208 255.797 265.041 262.683 259.667 261.432 265.114 345.81 265.699 351.218 301.934 263.508 269.355 252.8 261.097 253.671 291.773 289.238 288.586 290.666 291.342 279.08 312.921 272.862 251.851 252.136 258.05 252.163 319.372 328.072 337.281 357.603 271.109 377.476 264.861 287.375 266.54 283.514 332.799 339.655 323.808 324.943 336.349 284.026 313.897 317.653 350.05 350.991 332.401 345.244 348.142 364.883 280.162 280.791 297.745 332.69 330.485 343.372 313.835 -9999.0
261.961 262.261 264.273 264.93 264.947 262.313 262.128 283.397 265.185 278.463 283.186 267.026 267.445 266.356 263.725 266.817 268.247 266.058 263.308 265.858 259.7 331.841 322.764 325.584 287.015 241.107 286.392 288.677 269.947 268.198 282.429 277.122 270.198 312.842 332.552 336.901 334.498 327.969 358.132 283.904 375.321 262.205 313.205 312.807 294.391 289.263 352.765 319.241 285.387 283.316 335.404 327.229 336.61 277.696 260.596 278.169 269.986 266.421 276.313 280.019 308.905 326.657 307.766 303.56 379.358 313.288 -9999.0
255.26 254.76 259.139 262.208 260.156 262.094 260.02 262.407 277.473 262.781 266.414 286.806 284.788 264.399 265.555 263.366 263.309 271.765 263.558 272.198 254.964 256.595 255.553 268.748 337.999 346.818 335.329 341.689 305.476 277.036 279.494 286.976 288.872 297.93 260.041 342.44 281.384 334.66 362.538 371.675 368.608 328.39 312.18 312.498 311.342 352.823 267.671 316.963 307.609 352.564 351.286 355.773 310.199 277.742 286.106 280.388 274.271 281.099 276.193 270.137 299.97 318.602 310.572 370.837 371.629 284.868 287.274
254.848 254.649 243.742 260.318 261.016 260.459 331.034 262.86 260.357 262.302 264.828 262.786 262.625 284.251 286.219 261.634 266.87 263.817 260.784 263.26 242.47 244.01 247.924 262.977 268.36 268.637 263.318 243.22 324.594 321.734 290.225 295.298 315.099 284.389 287.689 337.819 339.034 335.021 355.758 349.006 368.89 275.535 285.589 306.038 343.502 359.124 358.863 357.262 354.175 303.864 354.598 342.574 267.53 280.549 282.609 264.518 267.447 272.27 267.658 271.099 269.551 318.024 350.529 380.873 306.567 287.809 287.665
241.591 240.015 260.025 259.898 262.4 321.914 261.724 259.75 262.243 263.011 341.163 263.064 261.508 263.096 262.536 333.294 261.781 264.046 259.583 262.137 244.234 244.14 251.575 297.568 267.979 277.059 273.072 283.331 287.485 321.891 323.536 333.054 321.497 333.276 249.962 275.906 268.313 329.872 280.781 375.784 371.621 334.717 356.182 351.688 325.772 313.447 271.597 303.386 265.208 343.339 317.197 335.917 342.329 340.693 344.897 310.129 268.33 268.319 318.079 300.224 268.501 342.453 343.797 384.741 352.403 289.783 287.197
241.09 241.096 319.082 255.053 248.845 316.936 254.066 257.73 333.817 255.143 329.799 260.335 301.103 269.328 256.498 318.091 261.885 262.345 264.07 261.938 254.011 254.743 256.469 326.848 258.777 322.642 292.851 262.967 262.363 272.328 260.642 271.89 261.411 326.554 320.165 305.537 267.273 267.335 304.788 343.093 266.476 268.355 355.708 312.565 328.424 315.833 280.709 299.284 300.497 343.903 330.492 311.436 340.024 335.691 289.005 268.959 268.038 287.471 299.247 316.793 297.086 319.321 303.601 359.089 295.73 286.171 288.997
250.931 346.116 337.303 362.132 340.967 359.428 337.531 335.253 335.212 337.894 329.398 265.925 321.945 333.062 312.842 319.888 294.801 269.968 317.919 261.595 271.54 267.184 320.495 247.397 322.282 260.68 323.208 324.296 251.59 247.655 246.476 252.089 261.309 262.516 251.223 326.395 271.591 276.432 351.88 265.156 341.799 343.418 284.608 268.784 269.096 269.239 267.735 265.052 267.017 268.894 269.385 267.059 266.361 313.378 311.619 280.096 292.641 290.479 271.854 302.265 307.152 370.567 387.58 364.238 386.644 349.772 342.826
346.825 359.579 359.972 365.39 317.805 346.522 355.283 350.919 355.325 353.476 356.517 356.444 331.951 351.26 284.684 348.582 318.258 320.897 318.918 268.328 267.043 259.938 268.296 265.848 259.051 257.496 244.226 243.607 324.612 253.58 248.74 246.906 244.771 259.521 249.924 338.062 283.348 375.765 348.458 267.461 268.393 352.132 271.188 266.848 267.219 267.347 268.684 269.884 255.619 264.543 262.162 271.357 267.007 311.189 307.685 300.582 296.072 362.35 292.956 293.993 337.599 343.085 359.626 386.173 392.008 371.295 389.492
360.194 361.418 359.115 363.151 356.363 344.845 351.609 363.405 300.888 355.997 277.031 342.285 304.858 296.381 332.592 314.803 329.185 337.894 332.333 322.294 261.173 259.63 259.465 279.185 275.176 258.074 264.366 242.001 241.971 317.723 327.514 309.492 265.372 250.639 249.34 322.517 275.832 375.583 267.283 280.138 330.007 356.309 335.489 332.394 343.272 265.58 267.907 267.839 258.957 259.29 256.26 258.711 253.702 336.879 336.295 375.154 356.812 371.504 375.507 376.544 364.352 285.447 336.574 382.325 385.256 391.906 311.079
369.419 360.874 360.846 342.322 338.368 360.281 366.601 338.941 350.672 351.438 348.71 268.715 297.708 311.203 296.811 293.755 286.926 265.963 259.22 264.544 321.934 255.746 289.434 282.775 259.11 282.669 281.79 267.573 244.615 288.957 265.27 321.242 350.855 251.768 249.411 322.38 345.816 275.328 362.36 359.428 367.973 292.597 314.058 294.105 275.921 266.399 261.602 260.549 256.111 265.952 254.46 259.269 265.901 266.938 306.737 367.571 376.592 376.536 365.208 378.449 361.724 294.316 376.858 393.086 297.05 361.954 296.501
366.169 360.933 366.49 344.907 361.811 335.536 362.279 346.295 264.627 352.504 260.02 260.146 329.728 304.885 292.998 299.236 286.545 267.421 269.87 282.923 283.683 283.506 292.474 271.79 261.409 260.162 262.545 274.479 285.445 248.327 285.412 253.594 256.735 350.32 269.972 257.455 350.686 362.712 345.923 363.575 357.525 285.752 270.602 277.6 298.977 267.458 273.932 261.83 269.856 268.411 365.417 285.834 286.078 269.731 270.768 378.686 397.562 381.777 374.404 391.027 298.732 307.947 391.228 390.468 379.018 276.349 276.573
366.917 366.531 354.952 246.388 338.508 271.756 354.982 332.346 353.371 307.857 303.879 315.677 306.005 296.994 274.603 285.344 293.346 282.58 317.514 263.034 266.813 265.097 266.727 263.878 262.294 263.73 335.348 265.318 259.042 291.946 253.448 283.788 251.476 265.665 357.972 353.653 266.473 331.228 354.355 352.088 349.719 341.21 272.969 267.179 277.451 290.756 258.888 261.041 273.597 366.046 379.894 389.918 302.468 393.562 379.009 326.029 399.356 398.691 387.32 398.131 388.456 395.88 382.922 379.141 366.819 313.402 289.868
