static/jobfarm/user_models/minyf/common/HOME-GBHM/输出文件/Output/Grids/soilWaterDepth20020227.asc
ncols 221
nrows 204
xllcorner -627000.0
yllcorner 3955000.0
cellsize 900.0
NODATA_value -9999.0
[rows 30 to 59 of 204, columns 67 to 133 of 221]
264.846 266.221 362.372 366.273 352.601 361.484 296.11 299.471 300.165 292.239 351.165 337.444 360.352 351.025 267.322 325.031 327.209 297.581 342.09 317.546 336.429 294.343 346.575 286.922 286.269 291.545 324.844 347.249 268.622 265.453 337.167 315.91 264.573 273.417 264.305 280.985 278.471 273.885 369.429 279.922 313.237 336.084 335.339 354.244 281.413 335.245 278.781 359.485 -9999.0 -9999.0 -9999.0 -9999.0 -9999.0 -9999.0 -9999.0 -9999.0 -9999.0 -9999.0 -9999.0 -9999.0 -9999.0 -9999.0 -9999.0 -9999.0 -9999.0 -9999.0 -9999.0
264.674 263.876 274.555 353.379 265.534 366.516 337.61 299.195 295.439 267.764 267.783 290.889 363.87 317.843 338.906 263.296 291.121 339.044 341.352 290.113 341.774 352.466 294.667 341.495 339.007 293.41 342.213 306.36 291.12 272.926 342.388 272.671 271.894 270.34 342.315 351.68 358.849 283.948 338.914 374.931 313.901 301.327 328.352 346.715 295.673 326.933 253.925 382.787 284.37 256.888 267.569 -9999.0 -9999.0 -9999.0 -9999.0 -9999.0 -9999.0 -9999.0 -9999.0 -9999.0 -9999.0 -9999.0 -9999.0 -9999.0 -9999.0 -9999.0 -9999.0
263.775 277.275 276.079 365.718 263.47 266.93 328.183 356.589 286.85 263.266 278.08 271.901 322.564 381.56 349.091 325.001 289.771 294.236 281.078 334.766 294.262 336.424 330.203 281.714 278.371 342.711 279.063 292.623 291.908 292.396 357.966 284.93 274.286 259.851 283.824 292.113 269.255 365.007 370.465 374.702 298.255 373.906 331.043 357.533 312.751 310.573 359.263 270.178 270.688 268.597 273.744 272.23 -9999.0 -9999.0 -9999.0 -9999.0 -9999.0 -9999.0 -9999.0 -9999.0 -9999.0 -9999.0 -9999.0 -9999.0 -9999.0 -9999.0 -9999.0
279.607 279.987 264.779 262.034 262.583 266.139 264.573 267.109 346.309 283.183 282.953 292.486 269.398 386.398 327.624 389.619 285.37 368.517 294.406 318.215 265.703 331.84 344.483 274.258 336.355 305.623 296.843 294.137 266.636 353.316 277.883 285.893 260.211 270.682 269.006 291.072 259.617 304.554 269.651 316.181 373.812 365.372 330.552 363.646 274.323 329.533 361.46 273.153 269.678 273.386 269.858 270.838 262.527 -9999.0 -9999.0 -9999.0 -9999.0 -9999.0 -9999.0 -9999.0 -9999.0 -9999.0 -9999.0 -9999.0 -9999.0 -9999.0 -9999.0
266.454 266.724 275.077 279.455 279.942 266.0 266.137 263.923 284.348 287.285 281.37 292.711 363.278 263.851 288.469 344.995 349.96 294.184 283.508 322.453 329.715 331.095 312.315 335.046 269.106 290.791 284.928 333.514 354.477 273.107 273.496 275.368 266.402 324.264 298.876 259.631 261.645 259.924 293.806 276.281 350.329 313.174 310.867 330.474 291.258 269.217 369.876 273.17 284.53 356.74 274.492 267.225 -9999.0 -9999.0 -9999.0 -9999.0 -9999.0 -9999.0 -9999.0 -9999.0 -9999.0 -9999.0 -9999.0 -9999.0 -9999.0 -9999.0 -9999.0
268.271 264.781 326.171 268.184 262.53 292.2 299.733 299.154 291.707 281.798 283.411 290.918 290.94 385.323 289.348 350.827 353.752 299.152 369.538 342.617 278.106 331.737 347.585 305.134 277.578 284.019 287.83 331.662 316.411 272.908 272.677 295.444 268.079 272.623 335.055 257.508 271.827 260.784 265.272 274.131 294.939 372.544 373.874 306.918 321.187 335.075 355.73 355.554 350.073 277.641 272.158 264.902 -9999.0 -9999.0 -9999.0 -9999.0 -9999.0 -9999.0 -9999.0 -9999.0 -9999.0 -9999.0 -9999.0 -9999.0 -9999.0 -9999.0 -9999.0
354.478 320.157 353.832 251.715 286.379 297.657 290.344 275.664 340.769 352.403 334.947 259.497 291.015 292.864 394.615 293.506 293.15 279.593 272.645 372.105 314.083 304.213 338.799 325.051 336.496 345.821 335.806 324.731 286.631 308.508 296.595 297.762 329.57 317.706 242.681 256.721 258.592 270.723 259.118 282.039 271.014 273.454 373.04 375.439 278.219 358.84 336.666 285.934 269.241 310.874 276.458 269.258 267.533 -9999.0 -9999.0 -9999.0 -9999.0 -9999.0 -9999.0 -9999.0 -9999.0 -9999.0 -9999.0 -9999.0 -9999.0 -9999.0 -9999.0
282.071 353.022 353.218 328.179 330.951 334.274 331.766 337.517 278.026 363.739 352.539 258.34 257.989 258.128 373.59 257.422 281.298 256.711 335.089 283.387 270.898 343.888 262.307 331.362 332.871 319.238 319.311 339.547 319.37 327.132 328.436 254.576 264.318 328.127 326.433 261.889 327.6 260.409 258.662 278.078 277.95 295.324 322.525 366.765 270.448 365.894 277.066 289.449 267.092 273.395 275.031 275.404 274.275 -9999.0 -9999.0 -9999.0 -9999.0 -9999.0 -9999.0 -9999.0 -9999.0 -9999.0 -9999.0 -9999.0 -9999.0 -9999.0 -9999.0
292.634 337.769 358.2 262.294 321.213 261.144 291.469 359.069 332.98 285.641 374.534 263.176 264.969 257.743 296.68 257.807 255.24 272.709 302.425 268.111 357.464 263.658 322.866 352.645 341.006 322.414 351.203 357.349 348.312 355.368 361.1 357.52 325.538 253.448 318.049 257.47 337.802 260.334 281.823 342.003 295.075 292.985 279.228 338.966 375.634 311.657 275.219 267.597 286.363 282.303 273.799 270.317 272.605 268.322 255.011 254.35 254.31 262.468 252.015 -9999.0 -9999.0 -9999.0 -9999.0 -9999.0 -9999.0 -9999.0 -9999.0
294.67 285.609 256.185 361.923 283.194 347.721 289.356 288.127 341.092 285.892 286.581 256.836 264.864 264.623 264.288 294.217 311.375 257.53 307.434 274.928 271.624 308.016 355.342 328.681 351.946 353.571 349.249 364.678 361.176 363.713 350.674 357.235 336.986 335.734 317.303 287.917 290.519 321.537 265.577 336.238 294.31 279.801 349.904 273.77 370.696 316.362 274.053 267.205 269.203 365.82 323.962 279.034 269.817 269.123 268.75 261.694 254.536 252.519 253.818 253.065 -9999.0 -9999.0 -9999.0 -9999.0 -9999.0 -9999.0 -9999.0
292.574 288.08 321.405 284.868 316.052 325.586 316.416 289.382 271.401 311.651 393.459 274.008 256.036 265.749 265.215 292.648 282.266 258.901 282.966 275.89 259.636 347.29 316.817 335.4 263.083 331.799 345.338 337.03 324.191 325.412 249.153 336.608 353.019 299.748 338.337 307.522 259.757 351.517 338.45 286.156 293.769 279.74 285.447 320.721 369.547 307.535 305.754 346.322 353.392 276.28 284.157 279.567 280.243 270.278 269.841 264.736 263.793 267.528 267.611 255.731 -9999.0 -9999.0 -9999.0 -9999.0 -9999.0 -9999.0 -9999.0
273.15 327.835 277.008 324.652 359.094 299.916 358.417 334.472 390.046 395.301 305.444 276.511 255.266 263.339 263.61 320.507 256.269 262.788 305.294 252.122 322.604 271.435 274.011 327.364 337.711 267.188 341.51 326.681 337.838 355.383 317.862 318.791 326.998 350.918 364.463 348.418 355.394 266.436 270.98 302.633 297.205 323.125 283.395 330.536 372.918 335.529 358.078 361.314 278.73 287.753 280.183 331.03 341.114 269.375 329.496 309.917 268.934 269.951 357.324 258.334 257.282 -9999.0 -9999.0 -9999.0 -9999.0 -9999.0 -9999.0
267.387 273.499 274.849 266.183 395.836 393.45 293.538 270.159 391.616 369.472 346.844 395.828 368.651 339.798 290.168 260.958 330.81 261.649 261.237 318.709 346.154 259.105 260.408 327.305 304.792 303.777 268.634 327.877 300.512 321.089 302.235 272.389 270.353 315.736 328.415 252.777 258.791 275.158 259.516 262.977 248.483 281.256 331.552 341.904 362.828 371.164 357.238 303.461 272.42 303.407 341.962 364.377 305.198 278.977 344.217 278.471 275.985 272.101 370.216 268.284 -9999.0 -9999.0 -9999.0 -9999.0 -9999.0 -9999.0 -9999.0
266.865 297.722 274.584 267.964 308.254 394.981 374.257 393.179 295.108 391.361 394.085 351.862 396.328 359.742 344.338 314.309 350.57 262.431 258.17 263.559 261.934 260.748 263.777 323.811 283.079 282.046 266.613 339.138 283.719 326.952 295.884 304.147 270.004 284.568 347.259 251.375 269.571 271.577 259.905 255.652 323.823 298.608 324.726 365.482 320.236 323.862 285.447 358.949 356.224 357.49 299.058 310.244 305.552 278.818 328.88 284.246 278.023 365.788 286.362 262.858 -9999.0 -9999.0 -9999.0 -9999.0 -9999.0 -9999.0 -9999.0
270.023 307.875 293.963 318.207 267.793 364.977 393.321 283.865 345.265 352.126 394.194 393.865 395.347 348.383 363.814 337.967 343.748 262.661 258.144 270.607 263.91 259.482 327.888 256.26 291.809 281.95 288.833 261.324 327.143 318.572 294.959 290.908 279.771 251.95 344.723 331.878 241.355 241.61 244.632 245.644 246.465 351.76 369.024 363.72 304.69 307.395 328.431 313.689 363.461 357.653 362.082 364.065 333.225 364.861 361.404 363.469 331.795 316.317 275.224 263.982 -9999.0 -9999.0 -9999.0 -9999.0 -9999.0 -9999.0 -9999.0
262.399 337.997 375.083 390.383 263.614 280.985 278.69 280.897 387.949 348.93 284.849 392.735 265.349 387.572 337.635 341.964 286.195 263.061 292.852 263.188 265.284 263.536 257.638 260.357 290.819 282.175 260.805 256.562 330.115 272.477 297.627 278.06 284.526 324.658 252.844 250.14 337.389 250.132 246.552 245.166 244.397 376.828 366.171 318.456 297.284 309.647 322.954 359.759 277.738 310.45 311.111 317.372 363.026 334.724 285.988 285.567 304.28 279.323 275.658 266.078 266.526 -9999.0 -9999.0 -9999.0 -9999.0 -9999.0 -9999.0
339.662 263.079 277.872 385.804 278.554 343.697 332.31 332.704 388.202 345.562 370.756 387.005 372.339 388.744 392.943 389.966 330.145 260.371 262.649 290.887 260.542 261.665 245.083 282.113 277.111 273.859 308.105 324.161 256.183 308.338 261.006 316.459 317.371 260.721 253.191 248.092 338.46 250.48 248.73 246.092 258.677 370.525 327.919 311.995 296.736 324.076 269.328 349.469 317.397 298.03 300.895 302.404 288.732 267.411 268.581 280.255 284.615 282.221 280.512 273.5 269.795 266.789 -9999.0 -9999.0 289.098 303.084 -9999.0
273.427 274.56 297.732 385.005 267.753 297.664 302.325 321.465 391.265 316.735 318.569 256.429 370.685 355.174 383.771 325.258 341.737 258.465 258.54 265.8 280.38 277.228 285.504 282.611 282.254 318.256 321.968 277.849 290.712 293.846 300.44 275.362 264.163 267.616 341.694 258.214 253.104 343.719 248.535 263.498 257.611 366.359 313.611 325.94 308.538 285.596 348.28 306.544 300.69 297.362 303.002 270.566 268.981 287.875 286.86 292.848 273.889 269.445 340.683 275.937 273.69 266.087 -9999.0 -9999.0 306.051 307.739 -9999.0
262.18 261.198 254.706 264.478 262.176 262.109 279.611 261.689 255.371 264.612 262.072 259.48 261.276 264.716 345.81 265.318 351.19 300.178 263.094 270.368 252.533 256.194 252.565 284.854 291.826 284.075 291.457 291.187 278.581 316.227 272.21 251.666 251.951 257.865 251.717 319.372 327.96 337.281 357.603 270.415 377.477 264.649 286.984 266.25 282.572 330.827 339.655 322.252 323.463 334.132 282.672 312.328 316.055 350.05 350.991 332.401 345.244 348.142 364.904 279.225 279.214 296.401 330.79 327.512 340.574 311.883 -9999.0
260.899 261.239 263.761 264.627 264.648 261.835 261.604 287.455 264.758 282.691 286.323 266.681 267.112 265.992 263.179 266.467 267.82 265.784 262.886 263.768 256.105 331.711 322.764 325.584 285.074 240.855 284.575 287.96 268.743 267.785 281.042 274.672 268.822 312.322 330.819 336.901 334.498 327.969 358.132 283.276 375.321 262.062 311.118 310.302 293.379 288.069 352.765 318.475 283.868 281.708 333.398 325.892 336.61 276.505 260.258 277.126 269.468 265.849 275.555 279.024 307.62 323.947 306.356 302.067 379.358 311.597 -9999.0
254.943 254.566 257.694 261.19 258.655 261.566 259.376 261.893 283.633 262.289 265.911 289.488 288.453 263.98 265.168 262.914 262.896 273.407 263.092 273.962 254.775 255.91 255.071 268.196 337.999 346.887 335.329 341.689 303.692 274.296 278.203 285.681 287.64 296.768 259.775 342.44 281.104 334.66 362.538 371.675 368.608 326.965 310.55 310.576 310.067 352.823 267.063 315.467 307.1 352.564 351.154 355.773 308.599 276.55 284.923 279.348 273.538 279.831 275.429 269.551 298.564 317.433 309.394 368.697 371.629 284.48 286.923
254.653 254.455 243.562 258.854 259.717 259.83 331.034 262.365 259.709 261.784 264.392 262.306 262.077 289.205 290.012 261.044 267.533 263.44 260.272 262.845 242.295 243.835 245.634 262.62 267.939 268.11 262.801 243.047 324.594 321.734 287.204 294.22 313.769 283.034 286.418 337.819 339.034 335.021 355.758 349.006 368.89 273.08 284.404 305.238 343.502 359.124 358.863 357.262 354.175 303.317 354.598 342.574 267.144 279.334 281.401 262.824 266.126 271.782 267.127 270.55 268.996 318.267 349.54 380.809 305.078 287.474 287.337
241.17 239.594 258.454 258.298 261.417 321.987 261.179 259.094 261.721 262.522 341.163 262.596 261.011 262.63 262.044 333.294 261.256 263.669 258.715 261.432 244.058 243.964 248.587 296.706 265.755 275.476 270.875 281.878 285.741 318.666 323.536 333.054 321.497 333.276 249.709 274.353 267.765 329.872 279.351 375.784 371.621 333.274 356.182 351.688 324.839 312.576 267.686 302.742 264.323 343.339 315.471 335.688 342.255 340.612 344.897 308.445 267.363 267.79 318.467 302.453 268.198 342.453 343.797 384.741 351.355 289.422 286.842
240.668 240.674 319.082 252.615 245.629 316.936 253.79 257.003 333.817 254.167 329.799 259.599 298.431 268.288 255.597 318.091 261.364 261.683 264.409 261.187 253.821 254.554 254.448 326.848 255.699 322.642 290.495 261.756 261.221 271.574 259.322 268.719 260.444 326.554 320.165 302.665 266.753 266.806 304.213 343.093 266.078 264.024 355.708 311.751 326.995 313.715 279.338 298.787 299.707 343.903 328.285 310.253 340.024 332.766 287.947 268.463 267.479 285.857 308.065 320.447 298.072 316.513 304.349 359.089 295.479 285.739 288.597
250.153 346.116 333.973 362.132 340.967 359.428 337.531 335.237 335.212 337.894 329.398 263.911 321.945 333.062 310.32 319.888 293.726 272.482 317.919 260.957 269.398 266.972 320.495 247.221 322.282 260.016 323.208 324.296 250.495 247.4 246.222 249.801 260.51 261.739 250.905 326.395 269.279 275.883 351.88 264.941 341.799 343.168 284.02 267.958 268.186 268.303 267.249 262.578 266.583 268.507 269.009 266.632 265.833 312.159 310.393 278.592 291.397 289.333 271.145 300.474 305.702 367.503 388.882 364.238 386.644 348.639 341.629
346.825 359.579 359.972 365.39 315.639 346.522 355.283 350.892 355.325 353.457 356.489 356.444 331.951 351.26 283.622 348.523 315.79 320.897 318.918 269.656 266.353 258.902 267.869 265.656 258.861 257.307 244.052 243.433 324.709 253.034 248.485 246.653 244.519 258.617 249.751 338.062 282.726 375.763 348.458 266.91 266.647 352.132 268.646 266.549 266.865 266.974 268.045 269.486 255.216 264.291 259.928 270.936 266.566 309.959 306.242 299.172 294.708 362.35 291.706 292.568 335.4 341.263 356.999 385.114 391.968 369.764 389.492
360.208 361.412 359.135 363.151 356.321 344.845 351.589 363.405 298.889 355.981 276.152 342.326 302.487 295.273 332.592 313.163 329.185 337.894 332.333 322.294 260.94 258.931 258.821 282.343 277.036 257.885 264.175 241.827 241.797 317.723 327.514 307.311 265.131 250.38 249.167 322.56 275.254 375.583 266.751 279.724 327.735 356.309 335.489 332.394 343.272 265.403 267.443 267.511 258.782 258.506 256.011 258.462 253.3 336.879 336.295 375.154 355.202 371.504 375.507 376.544 364.352 285.087 335.834 382.325 385.159 391.811 310.026
369.419 360.889 360.846 342.322 338.368 360.281 366.602 338.941 350.707 351.438 348.71 266.616 295.561 308.653 295.706 292.68 285.968 265.391 258.297 263.366 321.934 254.935 290.111 288.299 258.393 286.448 285.613 267.3 244.44 287.527 264.971 321.242 350.855 251.379 249.157 322.337 344.021 274.643 362.36 359.428 367.973 292.168 316.521 294.046 275.523 266.17 261.426 259.037 255.861 265.39 254.211 258.325 265.37 266.527 306.286 367.571 376.592 377.173 365.208 378.449 359.585 292.142 376.858 393.086 296.746 360.641 295.121
366.167 360.933 366.49 344.855 361.811 335.536 362.279 346.289 264.193 352.494 259.305 259.391 329.74 302.527 291.96 298.053 285.249 266.879 269.188 281.209 281.659 281.623 292.561 273.515 260.739 259.405 262.066 277.369 288.217 248.152 284.205 253.062 256.589 350.15 269.081 257.241 350.686 362.712 343.93 363.575 357.525 285.149 269.781 276.923 300.909 266.954 271.465 261.577 266.681 268.062 365.417 285.329 285.554 269.508 270.525 378.686 397.622 381.777 374.404 391.027 298.495 307.379 390.988 390.485 379.018 274.87 275.02
366.917 366.53 354.98 244.901 338.484 270.776 354.982 332.346 353.371 305.081 301.605 315.677 303.566 295.889 273.534 283.999 292.314 281.003 318.922 261.978 266.152 264.413 266.209 263.383 261.758 263.071 335.348 265.854 258.318 292.03 252.943 282.922 251.124 265.509 357.972 353.653 266.081 328.962 354.355 352.088 349.719 341.056 272.617 266.722 277.171 288.547 258.712 260.543 273.423 366.046 379.894 389.918 302.101 393.562 379.009 325.597 399.356 398.699 387.32 398.131 388.456 395.929 382.922 379.075 366.886 314.795 293.648
