static/jobfarm/user_models/minyf/common/HOME-GBHM/输出文件/Output/Grids/soilWaterDepth20020224.asc
ncols 221
nrows 204
xllcorner -627000.0
yllcorner 3955000.0
cellsize 900.0
NODATA_value -9999.0
[rows 60 to 89 of 204, columns 0 to 66 of 221]
-9999.0 -9999.0 -9999.0 -9999.0 -9999.0 -9999.0 -9999.0 -9999.0 343.55 352.079 327.39 335.499 267.614 313.757 314.206 364.667 365.467 360.267 352.854 371.026 359.908 365.856 342.002 362.453 369.559 338.419 297.056 275.636 268.667 264.869 313.95 276.333 264.669 284.741 279.623 263.577 281.783 278.602 266.344 268.178 275.382 345.312 352.283 354.754 327.049 338.344 361.795 336.889 382.296 404.843 404.202 378.834 345.721 350.423 354.67 343.73 365.762 371.627 371.627 364.914 368.792 329.384 292.458 368.465 368.792 365.41 289.701
-9999.0 -9999.0 -9999.0 -9999.0 -9999.0 -9999.0 -9999.0 -9999.0 -9999.0 274.717 339.271 268.797 267.53 296.093 309.041 364.546 366.17 349.672 344.994 357.955 368.906 371.026 361.631 365.294 362.54 339.346 284.014 292.496 272.676 265.463 284.53 266.395 264.312 339.074 279.701 279.337 267.912 276.742 265.689 332.545 352.101 265.277 291.581 315.018 352.52 350.475 357.137 345.194 349.317 382.164 376.92 390.483 351.54 326.104 358.523 365.627 371.627 368.564 371.627 367.014 353.753 368.792 364.741 368.072 368.386 293.278 326.631
-9999.0 -9999.0 -9999.0 -9999.0 -9999.0 -9999.0 -9999.0 -9999.0 -9999.0 -9999.0 338.741 306.354 267.628 267.583 323.054 340.712 359.41 335.513 362.952 370.513 361.63 369.934 365.0 366.351 362.089 350.496 318.01 295.808 289.457 284.887 289.415 303.406 301.397 336.069 291.691 315.045 269.5 269.533 264.839 265.784 266.903 267.244 291.783 344.565 278.562 361.303 350.938 288.086 342.761 317.088 350.904 286.675 340.733 353.891 346.208 367.657 369.093 371.627 371.627 367.509 364.491 361.986 354.132 365.124 364.844 324.942 290.949
-9999.0 -9999.0 -9999.0 -9999.0 -9999.0 -9999.0 -9999.0 -9999.0 -9999.0 -9999.0 -9999.0 343.593 274.242 267.315 326.078 324.443 307.307 294.257 364.843 363.885 345.164 366.463 356.221 356.2 366.868 330.125 290.171 341.835 355.734 357.392 364.678 329.232 283.942 281.279 333.149 305.894 267.226 264.885 266.107 265.949 264.844 266.761 293.481 355.584 294.409 359.44 311.969 354.006 356.803 357.064 352.255 343.768 341.125 320.785 324.3 352.505 347.212 368.337 369.245 363.092 324.642 370.139 369.139 352.67 356.997 354.63 349.768
-9999.0 -9999.0 -9999.0 -9999.0 -9999.0 -9999.0 -9999.0 -9999.0 -9999.0 -9999.0 -9999.0 346.833 346.141 308.662 331.496 322.303 342.8 364.244 352.405 366.641 350.41 365.29 358.667 369.143 326.808 330.518 367.181 316.075 298.635 263.48 290.222 358.85 360.943 347.68 308.211 326.155 304.436 289.575 267.441 265.411 293.993 267.981 288.407 316.407 279.858 305.498 358.194 373.136 368.764 338.463 349.308 347.543 350.532 326.844 367.563 367.869 338.339 328.901 367.381 296.809 368.57 369.268 339.413 361.142 360.848 352.913 357.555
-9999.0 -9999.0 -9999.0 -9999.0 -9999.0 -9999.0 -9999.0 -9999.0 -9999.0 -9999.0 -9999.0 -9999.0 275.573 358.969 317.769 359.097 338.722 359.146 357.924 355.081 354.446 365.795 333.124 350.801 337.121 325.334 324.213 362.517 334.3 285.118 327.658 320.587 282.08 278.711 299.727 277.815 265.348 341.424 347.257 264.453 265.281 266.569 290.367 288.906 292.612 301.066 350.367 368.874 364.995 342.75 346.317 360.582 335.376 328.305 335.325 357.716 324.932 325.322 358.278 348.998 373.419 352.859 365.332 368.463 367.884 323.996 328.147
-9999.0 -9999.0 -9999.0 -9999.0 -9999.0 -9999.0 -9999.0 -9999.0 -9999.0 -9999.0 -9999.0 -9999.0 331.316 326.634 324.972 358.365 350.981 276.004 364.08 341.136 350.116 319.82 350.552 319.198 278.302 262.762 263.762 367.722 263.475 267.385 265.417 337.307 266.436 262.36 268.54 268.832 277.969 348.896 320.137 268.946 288.834 268.133 294.436 290.14 266.295 265.97 266.821 266.702 295.944 267.448 345.858 324.777 283.029 349.74 327.696 369.658 316.617 341.911 345.466 328.318 338.479 371.59 337.135 362.838 325.145 313.469 302.633
-9999.0 -9999.0 -9999.0 -9999.0 -9999.0 -9999.0 -9999.0 -9999.0 -9999.0 -9999.0 -9999.0 -9999.0 348.093 330.567 284.102 345.492 361.227 360.718 362.172 342.991 366.13 355.8 357.645 313.997 264.367 277.811 274.578 274.614 264.512 265.795 261.437 333.37 261.78 267.321 266.696 335.856 319.892 297.294 318.767 338.121 351.677 259.431 264.051 265.952 264.988 264.107 264.359 264.732 265.939 267.072 353.211 304.77 344.158 345.723 321.473 349.152 368.845 365.781 346.866 318.659 347.934 346.072 344.975 337.591 340.08 361.095 338.388
-9999.0 -9999.0 -9999.0 -9999.0 -9999.0 -9999.0 -9999.0 -9999.0 -9999.0 -9999.0 -9999.0 -9999.0 360.091 331.701 359.672 358.948 357.471 355.768 290.125 298.429 364.315 359.21 284.397 351.722 263.108 266.888 295.314 274.339 301.999 282.387 263.254 263.011 266.807 267.32 262.56 265.167 280.293 340.658 346.144 334.435 333.199 332.097 264.913 269.094 260.031 261.099 264.223 268.368 283.914 265.137 287.716 349.985 278.507 293.405 324.659 369.21 370.395 359.946 355.715 353.411 347.776 335.409 312.276 344.783 348.44 341.844 346.973
-9999.0 -9999.0 -9999.0 -9999.0 -9999.0 -9999.0 -9999.0 -9999.0 -9999.0 -9999.0 -9999.0 -9999.0 363.527 329.861 329.337 355.171 360.515 354.619 360.171 356.362 361.956 303.24 354.917 358.88 263.241 262.873 289.834 314.086 280.467 267.693 269.637 274.942 266.851 267.137 266.997 267.68 266.457 267.923 304.161 269.301 261.172 327.825 269.141 299.404 286.081 287.99 291.797 283.365 264.632 284.664 264.974 265.178 278.091 289.92 319.913 349.514 343.423 363.726 345.533 371.623 366.405 354.534 346.437 326.072 353.199 313.461 327.277
-9999.0 -9999.0 -9999.0 -9999.0 -9999.0 -9999.0 -9999.0 -9999.0 -9999.0 -9999.0 -9999.0 -9999.0 -9999.0 329.459 336.84 329.743 279.99 330.171 342.676 282.614 281.74 362.693 350.135 341.86 266.893 268.323 273.466 306.572 267.605 311.287 273.694 308.476 271.395 271.814 269.18 266.101 264.82 289.628 287.653 268.177 262.264 261.941 344.456 321.914 267.582 267.389 279.51 275.996 277.583 293.228 284.981 265.606 265.141 295.282 340.93 370.029 332.651 351.228 366.697 362.727 369.954 368.399 363.447 316.425 361.885 340.219 349.188
-9999.0 -9999.0 -9999.0 -9999.0 -9999.0 -9999.0 -9999.0 -9999.0 -9999.0 -9999.0 -9999.0 -9999.0 -9999.0 -9999.0 -9999.0 330.322 275.779 331.147 335.321 361.132 288.708 318.903 345.057 345.609 271.302 273.863 288.688 341.994 266.632 308.801 275.649 275.702 271.956 271.8 271.257 269.711 288.516 265.915 267.407 274.225 266.923 299.633 332.84 330.147 341.439 270.052 270.635 270.324 342.392 340.948 284.886 269.124 286.642 311.649 338.33 342.615 310.162 340.505 353.091 371.174 370.847 350.973 369.1 361.439 374.938 375.564 365.009
-9999.0 -9999.0 -9999.0 -9999.0 -9999.0 -9999.0 -9999.0 -9999.0 -9999.0 -9999.0 -9999.0 -9999.0 -9999.0 -9999.0 -9999.0 362.078 353.283 366.012 272.755 263.303 271.45 267.947 294.518 299.799 331.634 366.75 355.813 345.051 364.708 361.808 372.68 337.159 350.588 339.368 351.279 337.299 287.841 265.209 263.567 356.277 277.879 310.298 353.924 335.703 334.467 330.682 312.835 315.348 291.254 296.571 336.473 281.01 314.799 310.706 367.589 370.322 357.89 342.165 368.483 372.042 336.694 345.798 333.124 294.255 288.816 367.982 385.425
-9999.0 -9999.0 -9999.0 -9999.0 -9999.0 -9999.0 -9999.0 -9999.0 -9999.0 -9999.0 -9999.0 -9999.0 -9999.0 -9999.0 -9999.0 -9999.0 365.326 364.717 265.633 264.372 271.324 270.613 270.706 305.848 362.386 368.569 367.279 363.504 353.808 360.188 280.285 364.241 337.295 341.649 352.48 337.861 286.308 265.269 263.216 265.336 316.748 317.027 321.134 350.025 335.715 274.663 338.84 317.55 354.185 291.751 288.876 327.23 345.156 291.931 282.285 363.278 309.179 374.3 374.787 374.787 314.282 304.384 359.023 357.714 361.97 322.564 383.419
-9999.0 -9999.0 -9999.0 -9999.0 -9999.0 -9999.0 -9999.0 -9999.0 -9999.0 -9999.0 -9999.0 -9999.0 -9999.0 -9999.0 -9999.0 358.285 332.797 356.283 -9999.0 277.877 279.845 267.973 263.838 279.582 364.871 291.653 358.695 367.368 350.791 335.779 354.202 349.407 337.736 352.011 338.109 349.504 282.688 266.312 266.009 269.713 296.16 279.368 356.561 361.961 295.529 329.507 344.722 328.398 292.379 282.587 283.53 294.325 289.424 349.809 331.078 314.874 357.298 369.139 364.031 357.496 329.223 324.566 322.191 310.826 295.003 312.331 368.364
-9999.0 -9999.0 -9999.0 -9999.0 -9999.0 -9999.0 -9999.0 -9999.0 -9999.0 -9999.0 -9999.0 -9999.0 -9999.0 -9999.0 -9999.0 -9999.0 -9999.0 -9999.0 -9999.0 277.973 276.015 276.113 271.007 264.11 361.33 363.332 347.992 354.481 344.246 352.197 333.246 348.168 336.7 337.447 341.941 350.846 289.905 282.558 268.284 270.507 317.21 344.117 343.538 340.652 333.396 317.348 352.313 337.561 292.351 291.621 295.982 295.659 286.588 355.023 351.829 340.813 351.573 353.012 332.814 316.473 316.183 320.591 322.536 320.112 293.128 310.045 364.101
-9999.0 -9999.0 -9999.0 -9999.0 -9999.0 -9999.0 -9999.0 -9999.0 -9999.0 -9999.0 -9999.0 -9999.0 -9999.0 -9999.0 -9999.0 -9999.0 -9999.0 -9999.0 276.872 264.445 264.139 268.347 267.129 270.515 347.928 343.827 353.342 357.784 348.649 348.973 341.945 358.15 342.191 318.117 353.99 338.28 300.562 297.89 273.787 268.771 270.628 285.23 344.558 331.099 317.825 325.573 351.707 326.793 281.403 311.622 352.08 295.005 315.132 320.878 317.185 343.708 318.091 317.779 273.041 343.458 295.463 309.716 326.931 324.818 320.984 319.923 365.089
-9999.0 -9999.0 -9999.0 -9999.0 -9999.0 -9999.0 -9999.0 -9999.0 -9999.0 -9999.0 -9999.0 -9999.0 -9999.0 -9999.0 -9999.0 -9999.0 -9999.0 -9999.0 -9999.0 264.499 264.469 292.048 289.338 358.294 318.792 344.314 332.682 364.671 350.628 359.257 358.809 320.551 326.836 352.0 340.673 336.093 300.095 297.883 300.284 267.888 267.043 267.948 335.672 342.048 326.579 356.478 277.156 347.1 344.44 327.356 317.851 292.023 272.383 317.153 353.713 316.507 349.154 314.717 314.989 358.863 291.703 295.041 296.168 293.083 292.269 290.744 365.334
-9999.0 -9999.0 -9999.0 -9999.0 -9999.0 -9999.0 -9999.0 -9999.0 -9999.0 -9999.0 -9999.0 -9999.0 -9999.0 -9999.0 -9999.0 -9999.0 -9999.0 -9999.0 304.302 263.462 324.664 336.905 358.385 311.867 322.918 344.572 341.018 333.957 331.001 345.591 361.426 339.193 320.946 325.71 356.769 336.232 325.328 345.746 339.169 356.34 347.594 345.833 270.436 270.3 269.049 268.862 313.206 332.765 334.207 317.704 321.635 345.573 312.91 340.389 320.094 328.265 304.927 321.825 322.278 365.939 345.768 319.558 322.124 354.148 312.877 309.838 313.05
-9999.0 -9999.0 -9999.0 -9999.0 -9999.0 -9999.0 -9999.0 -9999.0 -9999.0 -9999.0 -9999.0 -9999.0 -9999.0 -9999.0 -9999.0 -9999.0 -9999.0 -9999.0 313.026 356.18 342.819 337.006 344.583 355.939 349.447 362.841 345.966 338.292 332.373 353.934 350.238 349.637 331.165 342.175 353.006 358.778 333.791 362.535 359.57 354.554 361.961 296.426 270.462 270.624 268.696 268.909 352.407 269.468 340.078 344.129 333.956 320.091 329.905 349.324 317.551 317.792 349.879 304.013 330.569 343.895 358.999 317.751 369.64 359.178 311.95 311.73 326.892
-9999.0 -9999.0 -9999.0 -9999.0 -9999.0 -9999.0 -9999.0 -9999.0 -9999.0 -9999.0 -9999.0 -9999.0 -9999.0 -9999.0 -9999.0 -9999.0 -9999.0 315.391 259.488 260.948 353.292 356.124 324.234 327.993 322.413 332.883 354.812 335.19 354.812 363.046 352.943 363.066 351.301 331.905 340.364 349.446 349.841 354.363 361.298 336.892 315.303 338.18 274.39 300.855 274.386 267.531 267.427 269.603 351.153 333.854 337.415 357.786 313.123 325.993 316.671 337.637 359.619 320.98 315.102 318.112 366.529 333.822 312.182 361.007 271.152 346.304 316.885
-9999.0 -9999.0 -9999.0 -9999.0 -9999.0 -9999.0 -9999.0 -9999.0 -9999.0 -9999.0 -9999.0 -9999.0 -9999.0 -9999.0 -9999.0 -9999.0 -9999.0 -9999.0 364.625 -9999.0 306.444 311.644 359.421 339.642 331.762 343.12 350.682 350.362 342.905 350.673 331.527 357.959 339.786 355.954 354.29 346.651 348.201 356.377 353.843 339.687 339.731 317.084 273.96 300.191 304.089 272.523 269.126 270.077 351.47 343.654 335.975 341.092 337.93 349.364 307.259 306.684 335.602 320.56 318.194 318.504 313.803 347.742 314.351 321.647 334.414 316.621 313.862
-9999.0 -9999.0 -9999.0 -9999.0 -9999.0 -9999.0 -9999.0 -9999.0 -9999.0 -9999.0 -9999.0 -9999.0 -9999.0 -9999.0 -9999.0 -9999.0 -9999.0 -9999.0 -9999.0 -9999.0 -9999.0 312.791 347.171 349.867 286.654 355.539 345.085 359.142 331.486 358.885 362.289 315.501 334.004 339.923 321.92 346.717 352.765 318.61 317.971 344.361 339.043 354.849 273.602 297.464 290.954 270.189 268.687 271.337 333.527 346.991 335.811 332.334 303.931 336.521 342.049 352.111 343.777 350.978 319.081 331.58 317.849 289.945 333.492 344.808 292.454 314.957 316.225
-9999.0 -9999.0 -9999.0 -9999.0 -9999.0 -9999.0 -9999.0 -9999.0 -9999.0 -9999.0 -9999.0 -9999.0 -9999.0 -9999.0 -9999.0 -9999.0 -9999.0 -9999.0 -9999.0 -9999.0 -9999.0 -9999.0 -9999.0 349.588 335.808 343.55 338.569 333.357 344.321 360.446 361.454 357.114 353.299 352.203 324.571 355.612 359.744 322.267 339.102 332.482 320.958 350.318 295.597 279.375 271.27 273.511 270.165 269.716 354.518 288.668 351.365 338.71 345.888 361.872 347.347 363.03 356.662 357.581 352.428 356.002 350.288 316.345 338.537 331.873 313.101 314.484 292.529
-9999.0 -9999.0 -9999.0 -9999.0 -9999.0 -9999.0 -9999.0 -9999.0 -9999.0 -9999.0 -9999.0 -9999.0 -9999.0 -9999.0 -9999.0 -9999.0 -9999.0 -9999.0 -9999.0 -9999.0 -9999.0 -9999.0 -9999.0 -9999.0 291.944 292.021 285.968 308.053 321.806 308.479 329.315 341.254 342.713 305.548 249.086 353.067 343.318 341.477 334.773 354.85 351.396 318.251 350.219 332.182 351.957 364.54 339.706 335.562 282.074 288.361 340.845 347.853 324.471 288.568 332.136 355.843 365.839 348.548 318.914 332.193 362.528 369.113 363.371 351.648 343.495 334.758 320.012
-9999.0 -9999.0 -9999.0 -9999.0 -9999.0 -9999.0 -9999.0 -9999.0 -9999.0 -9999.0 -9999.0 -9999.0 -9999.0 -9999.0 -9999.0 -9999.0 -9999.0 -9999.0 -9999.0 -9999.0 -9999.0 -9999.0 -9999.0 -9999.0 295.111 311.645 280.46 293.602 338.489 321.45 338.266 321.058 322.769 343.838 332.702 288.834 345.334 340.018 355.875 347.253 361.495 340.922 363.485 333.511 348.246 357.446 355.192 353.466 318.026 354.476 333.616 295.792 295.37 296.781 350.152 334.204 338.974 360.513 357.433 352.275 357.122 368.892 342.961 361.721 359.303 299.574 302.034
-9999.0 -9999.0 -9999.0 -9999.0 -9999.0 -9999.0 -9999.0 -9999.0 -9999.0 -9999.0 -9999.0 -9999.0 -9999.0 -9999.0 -9999.0 -9999.0 -9999.0 -9999.0 -9999.0 -9999.0 -9999.0 -9999.0 -9999.0 -9999.0 -9999.0 336.691 294.75 334.917 314.434 280.157 323.841 321.698 327.158 335.883 315.819 320.098 346.773 339.062 339.514 324.479 302.112 360.802 363.808 367.804 330.817 349.265 351.3 338.987 289.794 289.801 288.265 323.442 317.94 290.837 360.227 340.28 341.479 327.792 346.849 362.584 361.021 339.133 364.082 313.987 362.94 363.813 331.749
-9999.0 -9999.0 -9999.0 -9999.0 -9999.0 -9999.0 -9999.0 -9999.0 -9999.0 -9999.0 -9999.0 -9999.0 -9999.0 -9999.0 -9999.0 -9999.0 -9999.0 -9999.0 -9999.0 -9999.0 -9999.0 -9999.0 -9999.0 -9999.0 -9999.0 328.2 292.084 333.045 294.687 294.96 321.228 314.592 339.277 313.614 343.682 315.511 344.022 350.854 339.035 332.39 324.228 342.037 361.923 360.27 359.013 340.646 367.652 338.701 299.129 297.11 299.226 309.199 291.629 356.742 326.679 340.628 313.197 335.616 333.589 347.786 360.676 359.826 358.19 335.69 358.069 360.027 342.284
-9999.0 -9999.0 -9999.0 -9999.0 -9999.0 -9999.0 -9999.0 -9999.0 -9999.0 -9999.0 -9999.0 -9999.0 -9999.0 -9999.0 -9999.0 -9999.0 -9999.0 -9999.0 -9999.0 -9999.0 -9999.0 -9999.0 -9999.0 -9999.0 -9999.0 -9999.0 306.756 305.961 -9999.0 -9999.0 322.17 336.889 312.29 329.118 331.501 355.84 345.979 360.603 330.402 320.233 332.197 347.637 340.642 347.885 363.113 360.332 364.847 342.184 311.887 325.682 335.449 300.166 354.059 356.855 310.665 312.735 339.062 333.601 363.372 339.091 355.793 344.123 358.448 361.321 364.789 359.938 307.11
-9999.0 -9999.0 -9999.0 -9999.0 -9999.0 -9999.0 -9999.0 -9999.0 -9999.0 -9999.0 -9999.0 -9999.0 -9999.0 -9999.0 -9999.0 -9999.0 -9999.0 -9999.0 -9999.0 -9999.0 -9999.0 -9999.0 -9999.0 -9999.0 -9999.0 -9999.0 -9999.0 -9999.0 -9999.0 -9999.0 321.064 318.66 319.022 293.905 339.055 334.549 322.05 320.306 316.262 309.274 352.96 358.817 332.257 328.521 350.807 368.08 370.549 367.957 322.074 311.281 355.629 323.778 301.471 301.036 310.521 332.592 332.537 361.815 340.191 338.893 358.817 352.482 333.228 360.901 361.271 358.937 293.416
