static/jobfarm/user_models/minyf/common/HOME-GBHM/输出文件/Output/Grids/soilWaterDepth20020222.asc
ncols 221
nrows 204
xllcorner -627000.0
yllcorner 3955000.0
cellsize 900.0
NODATA_value -9999.0
[rows 60 to 89 of 204, columns 67 to 133 of 221]
263.662 262.643 262.575 262.103 277.616 314.521 292.21 265.564 261.86 263.34 262.99 262.528 258.482 258.27 258.205 258.237 259.083 269.037 267.517 266.731 273.484 261.83 261.937 259.823 258.546 258.685 267.564 278.35 258.711 257.802 257.482 257.552 255.662 256.01 262.529 261.682 262.52 268.689 262.422 268.84 255.09 261.832 261.555 262.208 261.864 264.344 261.711 279.5 278.065 292.009 283.131 331.425 306.593 282.572 257.292 257.204 281.421 282.527 281.449 292.262 345.939 281.517 281.125 261.04 288.565 280.553 261.045
263.162 262.365 262.02 260.51 258.275 261.037 287.547 278.805 319.604 296.724 301.224 281.809 271.492 298.75 303.13 258.369 260.357 269.257 264.32 261.294 263.441 313.427 257.664 256.296 258.864 259.161 257.763 259.373 272.345 258.475 255.367 257.445 257.368 258.221 262.911 262.48 261.696 261.308 268.529 253.174 271.777 261.851 261.773 261.633 261.971 265.246 280.317 280.044 280.324 304.742 305.907 280.346 277.72 255.966 257.272 256.781 314.738 280.5 280.769 282.492 323.98 283.941 281.337 266.976 265.349 261.476 261.232
263.206 262.057 262.273 261.931 257.853 261.534 308.191 261.311 258.612 263.551 262.327 257.801 257.75 256.285 256.652 256.562 259.529 274.863 286.433 312.515 308.029 299.277 297.745 265.443 256.463 257.729 255.51 255.577 263.692 258.986 258.645 260.166 260.672 265.287 265.615 292.393 263.722 343.411 269.922 263.545 296.223 257.832 256.426 261.867 280.456 279.84 279.104 279.871 280.299 281.203 275.046 253.542 252.852 256.769 256.098 256.796 322.577 256.808 256.753 281.671 324.664 284.126 297.582 284.636 282.897 280.568 280.458
308.787 261.65 282.587 329.929 258.005 260.915 260.145 288.064 257.476 260.919 260.112 257.483 257.032 258.522 256.958 256.553 259.766 273.143 271.702 262.431 260.846 254.517 315.145 262.178 255.299 254.828 254.53 262.315 259.124 259.009 258.741 260.472 264.928 324.581 265.495 265.739 264.573 310.407 274.291 305.78 257.532 311.238 257.066 256.739 257.633 294.689 281.091 280.89 285.284 281.301 257.158 257.869 254.68 256.002 255.703 279.289 292.974 256.799 256.494 280.353 329.441 284.309 297.826 286.563 285.558 281.626 272.33
260.659 354.029 351.143 335.152 307.109 257.353 260.43 259.179 305.408 256.52 257.05 257.837 258.098 257.734 258.364 258.906 259.643 269.315 267.345 261.624 255.753 308.992 261.735 267.703 263.53 261.69 261.864 255.853 269.645 258.057 257.982 259.982 264.309 269.755 294.84 276.678 262.112 262.436 263.084 309.79 322.32 272.786 256.904 257.401 287.999 280.798 288.373 254.071 278.695 294.556 255.205 253.256 251.799 255.626 255.98 282.932 257.133 257.17 258.264 280.62 318.686 283.183 266.814 379.286 285.399 363.117 261.281
260.102 277.455 273.829 267.004 281.851 287.535 297.596 259.62 257.65 287.027 276.751 257.389 257.07 257.225 257.259 258.861 259.949 272.855 267.727 325.029 303.485 256.423 255.799 255.675 261.357 272.402 262.663 259.968 255.47 257.075 262.932 263.031 265.022 371.499 265.033 262.362 262.449 262.308 255.301 259.772 294.102 275.552 271.967 257.201 257.504 279.009 295.824 254.748 278.13 280.302 256.983 251.309 254.938 255.901 256.748 308.953 256.732 262.627 258.533 287.966 387.666 281.829 262.385 293.706 369.778 311.922 261.315
257.645 256.844 266.79 261.993 257.149 289.132 261.956 264.939 257.451 257.366 273.193 322.177 266.756 257.588 257.546 258.301 259.234 260.371 319.183 256.951 256.736 258.195 257.996 256.374 255.895 256.546 272.898 261.207 257.628 257.971 257.639 262.733 262.823 266.055 265.226 263.229 262.33 262.083 256.573 256.371 255.144 258.569 261.163 257.514 258.128 280.257 314.362 305.117 255.608 279.004 277.073 253.791 257.328 256.104 258.561 257.268 256.671 264.252 287.5 286.782 388.866 281.245 261.737 282.668 299.906 390.535 263.761
252.57 256.028 257.148 264.684 264.006 258.494 262.003 261.241 265.296 257.049 257.214 257.792 273.2 256.772 256.535 257.807 258.168 257.145 257.563 256.964 256.89 258.001 258.146 255.821 256.22 255.816 262.688 265.03 257.877 257.906 257.955 262.776 262.89 262.867 262.834 263.162 262.267 261.824 253.43 254.503 256.088 255.43 254.753 257.09 303.972 360.762 313.659 360.115 285.338 279.521 257.25 252.268 269.523 254.882 255.502 256.299 264.121 285.398 288.354 296.823 284.054 292.521 265.483 261.552 361.877 326.897 279.274
258.206 255.251 256.852 256.893 256.664 257.934 256.54 261.584 262.962 255.968 256.4 256.948 256.856 257.418 256.723 259.573 259.594 257.402 256.71 257.968 257.951 257.954 258.049 255.752 256.604 256.882 262.639 262.792 264.124 258.216 262.805 262.867 262.848 262.848 262.835 262.444 262.358 262.144 257.181 257.869 256.455 257.206 255.79 255.22 254.869 314.643 257.042 281.716 318.055 289.98 257.823 256.474 253.376 261.878 262.906 264.903 280.433 280.282 281.57 284.088 297.541 261.725 265.74 262.028 273.025 262.253 272.719
257.866 256.342 255.758 276.445 276.552 277.122 257.827 257.431 257.359 255.853 261.977 259.318 258.257 258.159 258.561 258.85 260.399 257.643 258.048 258.119 271.6 265.507 262.406 257.318 256.566 256.118 257.491 262.642 263.185 265.041 264.021 267.093 262.789 262.791 262.771 262.49 262.143 262.712 256.958 256.864 256.458 257.119 258.965 255.361 255.876 322.129 256.946 259.735 278.781 297.862 274.356 257.453 269.508 257.043 257.94 280.436 280.079 280.256 282.778 376.587 284.282 282.268 265.909 262.376 262.42 262.432 260.594
257.266 276.87 277.312 276.09 275.144 254.171 253.931 252.318 257.394 257.627 257.628 259.576 259.921 259.776 259.309 257.829 316.272 257.864 258.737 257.742 258.085 258.026 258.145 255.358 266.127 260.905 257.628 257.449 262.611 265.863 287.586 262.671 262.623 262.773 262.712 262.51 262.045 262.066 256.665 256.603 256.406 256.464 257.311 259.999 256.618 280.294 255.788 253.79 279.065 303.12 316.189 260.237 273.527 257.35 265.004 372.593 342.191 309.136 333.558 313.728 311.713 306.143 261.022 262.582 262.8 260.88 284.35
276.474 276.543 275.867 276.707 256.064 257.928 258.066 258.025 257.995 257.746 257.734 259.384 258.023 277.756 324.886 259.429 315.204 259.66 259.552 258.249 257.838 258.058 258.071 255.335 262.559 263.749 262.809 262.73 262.631 262.952 271.815 280.927 262.789 262.746 262.783 262.215 262.691 262.474 253.787 256.979 256.367 257.127 257.189 256.543 257.345 259.005 255.076 254.216 281.815 358.374 280.795 258.887 268.76 257.321 254.882 301.846 359.156 281.519 281.264 283.277 260.467 278.593 260.973 261.386 261.802 260.915 286.097
276.971 276.709 276.705 256.305 256.274 258.151 258.238 258.072 258.153 258.041 260.334 305.632 299.796 300.655 364.821 291.869 317.916 261.106 260.567 259.35 259.39 258.076 258.549 270.626 271.573 269.103 263.331 265.354 264.38 264.059 269.603 261.933 262.053 262.076 262.042 262.438 262.675 257.406 257.27 256.994 254.537 266.039 268.26 269.495 258.902 255.186 253.738 261.99 257.573 282.922 281.734 258.127 262.756 260.476 256.866 313.514 259.019 280.979 281.386 283.138 258.388 258.295 336.476 260.809 261.15 260.824 286.005
276.866 276.309 276.242 254.953 256.044 258.027 258.191 258.147 256.645 258.091 260.718 306.392 370.539 305.544 368.045 350.514 311.119 260.255 260.644 258.539 258.851 257.208 257.708 270.332 263.569 341.886 307.837 263.191 268.349 290.237 264.392 263.066 262.344 262.191 262.118 261.618 253.87 256.358 257.224 256.172 254.762 265.973 288.941 269.275 258.769 260.584 255.566 255.141 261.738 284.411 284.343 260.572 263.508 262.345 296.051 259.228 256.572 281.813 281.961 280.707 286.589 315.487 357.019 289.932 286.786 261.185 289.74
259.868 275.491 276.413 275.835 276.348 277.21 275.066 254.193 253.702 260.091 261.358 292.666 366.21 304.654 296.132 319.65 295.155 260.498 259.634 257.871 313.353 258.586 258.329 269.865 268.633 277.392 322.932 301.916 263.293 263.695 263.02 285.33 262.161 262.187 262.286 257.401 257.391 257.262 257.205 256.082 254.394 260.177 282.445 262.455 310.209 266.978 260.744 256.082 254.827 256.51 255.168 256.523 264.24 257.372 257.767 258.257 257.899 257.713 258.018 255.507 257.038 257.671 258.195 286.147 299.212 257.01 257.399
260.767 274.813 276.084 275.66 275.13 253.371 258.117 258.091 260.705 260.924 261.621 373.169 324.582 305.355 295.447 319.124 295.438 259.79 257.214 256.779 313.41 257.392 257.023 271.55 269.652 279.531 271.724 374.7 271.703 262.376 262.947 262.244 262.208 258.068 256.115 257.413 257.375 257.252 257.451 257.2 253.989 255.487 312.184 257.535 313.758 267.098 264.132 257.187 256.203 256.268 256.507 254.798 264.668 262.799 259.92 255.629 258.159 278.529 257.319 258.354 257.156 256.16 256.131 257.392 257.384 266.341 269.916
260.826 274.712 277.026 255.578 256.57 258.131 258.007 258.219 261.599 261.282 260.749 348.459 304.831 304.164 354.278 266.388 295.77 260.097 257.26 257.499 303.362 257.088 258.126 269.648 272.476 277.24 271.114 354.219 271.201 262.435 262.949 262.044 262.492 255.656 254.574 254.224 256.947 257.634 257.234 257.391 257.219 253.68 296.792 281.905 258.135 258.624 293.75 315.125 302.401 293.835 257.376 256.56 258.892 260.394 260.195 256.44 257.151 256.386 277.905 256.669 260.5 257.812 257.397 256.694 260.087 259.112 262.205
261.139 275.847 276.327 255.92 276.262 258.13 257.954 258.197 258.121 261.499 261.361 376.749 307.876 297.211 310.091 301.54 296.128 260.431 257.119 271.283 305.096 256.109 258.26 268.938 273.022 317.47 270.74 356.527 270.228 288.738 286.341 262.774 262.687 256.272 256.359 257.499 255.162 265.51 250.386 255.225 254.692 259.127 322.241 318.451 295.547 297.288 257.055 255.539 254.268 255.831 279.473 326.512 332.206 258.526 259.004 257.56 257.697 257.907 276.162 257.009 255.822 257.103 257.639 257.585 258.22 254.564 255.511
261.051 276.899 276.224 258.342 276.871 277.075 257.752 257.727 257.627 265.408 266.087 296.469 282.291 279.445 291.908 298.371 300.682 264.457 257.029 257.15 304.723 255.688 256.271 284.557 287.173 329.569 280.85 353.792 283.919 276.513 274.841 262.379 262.724 256.557 281.644 257.394 257.468 257.831 256.495 255.514 256.485 256.156 267.691 263.527 261.169 262.948 262.201 257.835 257.992 257.812 257.962 275.762 257.887 255.33 260.904 261.084 257.737 255.483 312.809 249.317 249.756 255.061 258.109 257.084 257.631 251.163 247.879
260.972 276.678 275.262 277.398 276.714 277.257 257.825 254.757 257.432 265.395 266.41 281.225 295.851 291.859 353.525 258.386 298.341 263.908 257.746 253.292 257.878 256.701 259.803 281.843 292.679 285.762 348.824 288.963 281.869 274.882 273.605 262.051 277.253 276.911 256.358 257.189 257.403 257.129 257.296 256.598 257.512 271.844 298.031 307.572 287.92 323.847 329.558 258.207 258.152 257.842 257.614 258.066 257.953 269.841 261.197 262.218 257.12 255.992 252.692 249.238 253.824 265.208 254.07 252.945 255.421 258.266 304.991
260.91 276.632 276.612 373.764 324.989 279.82 362.496 258.03 257.631 264.319 266.933 280.472 277.14 295.778 265.698 263.675 292.459 264.337 257.953 263.628 255.118 257.288 260.044 285.799 307.01 285.631 364.062 321.393 280.329 262.39 262.842 262.523 276.746 277.115 276.918 277.072 257.099 257.196 257.321 255.9 257.019 263.473 268.862 262.438 262.313 261.443 263.033 258.194 257.972 257.458 257.885 257.899 258.229 260.695 260.165 260.807 262.82 258.569 256.811 289.971 253.513 256.919 262.699 288.938 287.538 298.66 398.326
260.852 261.019 276.854 346.219 373.763 348.752 278.138 278.003 257.892 257.6 257.905 276.21 276.162 299.611 254.936 260.359 261.307 257.761 257.796 274.196 257.393 257.322 255.653 288.304 284.376 288.633 350.381 296.293 262.207 262.344 261.777 262.733 276.759 276.496 284.887 276.458 276.981 277.041 276.961 257.317 256.083 261.984 271.389 268.422 264.812 265.314 264.428 258.099 257.631 258.737 258.042 258.217 258.226 261.292 260.687 260.132 323.453 258.49 257.143 284.389 263.32 262.898 313.737 295.61 306.793 331.285 320.041
260.975 260.746 279.45 280.679 276.036 276.728 369.518 260.789 257.769 258.082 277.143 276.319 277.048 273.155 254.361 274.553 275.796 258.083 257.879 273.038 262.618 257.337 257.18 287.986 283.1 285.591 314.076 339.591 262.67 262.203 277.356 276.664 276.692 276.753 276.803 277.265 282.154 280.157 278.448 276.491 277.127 260.505 276.77 306.968 269.499 269.854 264.977 258.04 257.956 258.111 258.149 258.192 258.088 305.759 262.304 261.465 257.733 300.654 326.704 261.078 308.306 265.968 298.288 381.772 293.442 292.8 284.593
260.845 260.815 260.874 276.912 276.637 277.165 277.015 256.46 257.931 276.66 277.145 276.104 301.774 279.144 276.338 276.41 276.569 257.378 257.294 261.123 262.76 257.862 257.783 283.276 285.952 284.484 282.864 350.504 273.01 259.387 277.141 276.834 276.645 276.875 278.573 276.976 277.105 277.022 277.209 277.385 260.882 317.77 307.135 267.768 317.976 348.329 303.215 258.218 258.048 257.637 287.689 258.231 321.063 310.913 262.321 260.057 258.747 259.222 257.729 337.361 265.885 275.961 339.121 394.503 355.996 307.588 289.613
261.119 261.046 267.83 276.677 275.803 277.447 276.315 274.269 256.098 276.409 276.441 276.392 283.607 279.302 277.944 295.95 255.224 274.264 251.662 253.44 269.207 261.917 263.06 272.467 288.603 271.938 271.227 346.391 283.822 262.788 262.039 278.992 277.017 257.134 256.941 282.183 284.71 276.438 256.17 256.557 262.059 257.763 312.094 337.504 258.574 260.708 277.953 259.917 257.17 264.118 332.516 261.605 263.358 298.172 312.164 275.421 278.435 274.673 283.279 339.503 278.027 262.927 266.787 257.298 256.296 260.993 262.449
261.167 261.185 269.426 261.09 277.084 276.505 276.291 273.629 276.853 275.792 276.625 275.618 276.872 358.915 297.651 287.245 270.33 252.869 274.354 274.955 280.442 263.77 263.872 268.085 272.615 340.119 265.245 334.858 293.648 291.367 262.551 276.202 276.886 257.131 256.755 259.92 260.534 263.21 271.626 259.818 259.41 259.911 315.563 260.009 321.608 264.572 257.622 257.98 257.033 260.923 317.442 341.199 264.85 289.522 334.372 261.509 280.155 291.492 327.28 331.723 272.021 259.928 259.207 257.543 255.975 258.045 256.716
270.738 269.689 269.1 261.157 277.045 277.477 276.072 276.196 273.074 276.537 277.098 277.075 276.771 277.432 303.207 300.714 299.171 277.728 277.519 278.109 262.963 279.97 276.979 263.417 272.158 262.817 343.392 263.732 292.676 284.618 291.673 276.989 275.211 276.605 276.977 329.563 319.975 313.54 311.982 282.546 277.519 260.143 257.657 311.824 258.214 260.291 260.753 254.53 275.877 262.837 260.892 262.598 327.09 330.193 261.818 363.5 343.617 342.932 333.154 333.291 315.924 271.529 315.738 256.638 255.758 299.055 274.695
366.687 261.112 260.845 275.901 276.728 277.143 277.186 276.775 274.975 276.536 277.283 280.67 321.069 304.54 303.699 302.234 300.814 278.211 277.548 263.506 263.234 310.842 268.918 264.36 262.654 264.467 262.675 315.206 355.22 296.111 290.564 289.797 257.166 275.666 289.564 327.108 310.02 265.386 265.309 272.09 272.452 263.902 272.118 262.659 310.133 257.22 270.206 280.593 259.318 260.651 262.274 263.711 266.069 277.378 332.638 323.673 288.389 273.776 320.97 269.03 259.164 260.94 267.201 257.116 260.385 278.519 260.581
268.261 267.427 261.129 276.813 277.02 277.104 282.555 333.219 327.273 282.006 282.683 347.831 282.325 305.679 304.409 303.459 301.004 299.173 277.328 263.036 275.077 274.565 263.207 263.658 262.525 262.444 262.556 275.95 282.913 328.903 317.91 279.634 280.191 257.133 277.658 330.306 289.973 314.22 311.961 272.277 270.388 262.368 264.026 256.434 257.884 258.829 271.85 280.817 281.524 316.02 323.918 329.196 333.432 329.998 269.002 267.308 266.448 266.905 262.32 264.022 263.9 264.264 261.123 260.838 260.247 274.146 264.562
260.928 260.978 260.217 275.599 276.83 276.981 281.626 277.299 277.477 277.447 277.476 277.331 305.357 305.202 304.672 304.158 326.562 302.971 263.653 264.122 263.937 262.87 262.612 262.495 262.236 262.514 262.233 276.607 280.857 284.361 279.014 302.264 276.748 280.528 258.907 269.712 304.708 280.005 272.334 307.063 315.682 262.693 261.786 270.36 257.155 256.563 255.487 272.644 257.566 261.72 259.963 260.457 264.745 307.765 284.252 288.646 267.223 265.212 265.532 262.48 263.161 262.434 262.42 261.195 259.807 260.952 260.882
