static/jobfarm/user_models/minyf/common/HOME-GBHM/输出文件/Output/Grids/soilWaterDepth20020227.asc
ncols 221
nrows 204
xllcorner -627000.0
yllcorner 3955000.0
cellsize 900.0
NODATA_value -9999.0
[rows 30 to 59 of 204, columns 0 to 66 of 221]
-9999.0 -9999.0 -9999.0 -9999.0 -9999.0 -9999.0 -9999.0 -9999.0 -9999.0 -9999.0 -9999.0 -9999.0 -9999.0 -9999.0 -9999.0 -9999.0 -9999.0 -9999.0 -9999.0 -9999.0 -9999.0 -9999.0 -9999.0 -9999.0 -9999.0 -9999.0 -9999.0 -9999.0 -9999.0 -9999.0 -9999.0 -9999.0 -9999.0 -9999.0 308.424 254.426 259.213 305.042 292.671 260.305 262.771 260.316 377.865 289.602 283.778 267.479 275.145 243.887 238.652 238.055 321.582 240.988 276.791 279.69 270.235 264.166 359.812 363.899 361.772 338.636 282.011 359.31 334.302 336.244 272.84 363.966 264.546
-9999.0 -9999.0 -9999.0 -9999.0 -9999.0 -9999.0 -9999.0 -9999.0 -9999.0 -9999.0 -9999.0 -9999.0 -9999.0 -9999.0 -9999.0 -9999.0 -9999.0 -9999.0 -9999.0 -9999.0 -9999.0 -9999.0 -9999.0 -9999.0 -9999.0 -9999.0 -9999.0 -9999.0 -9999.0 -9999.0 -9999.0 -9999.0 -9999.0 -9999.0 292.619 262.451 262.419 261.701 262.628 263.003 279.213 279.207 378.679 292.29 303.522 282.776 272.68 269.291 274.687 320.626 339.737 343.026 275.081 278.195 272.822 270.621 358.588 264.934 278.533 367.218 369.241 254.803 291.975 291.871 271.581 324.319 358.489
-9999.0 -9999.0 -9999.0 -9999.0 -9999.0 -9999.0 -9999.0 -9999.0 -9999.0 -9999.0 -9999.0 -9999.0 -9999.0 -9999.0 -9999.0 -9999.0 -9999.0 -9999.0 -9999.0 -9999.0 -9999.0 -9999.0 -9999.0 -9999.0 -9999.0 -9999.0 -9999.0 -9999.0 -9999.0 -9999.0 -9999.0 -9999.0 -9999.0 -9999.0 287.799 296.873 261.568 261.223 265.866 266.345 265.633 264.772 257.528 366.455 281.618 277.801 309.857 265.767 318.971 313.36 267.02 347.999 249.026 269.156 250.735 272.447 277.901 332.535 309.487 274.212 365.974 289.204 277.15 272.854 271.716 313.844 264.729
-9999.0 -9999.0 -9999.0 -9999.0 -9999.0 -9999.0 -9999.0 -9999.0 -9999.0 -9999.0 -9999.0 -9999.0 -9999.0 -9999.0 -9999.0 -9999.0 -9999.0 -9999.0 -9999.0 -9999.0 -9999.0 -9999.0 -9999.0 -9999.0 -9999.0 -9999.0 -9999.0 -9999.0 -9999.0 -9999.0 -9999.0 -9999.0 -9999.0 -9999.0 263.096 262.677 292.282 291.704 290.28 265.746 266.937 282.421 385.387 276.101 280.134 280.975 336.637 357.656 268.583 356.139 261.153 267.004 350.94 358.148 239.905 298.655 296.152 289.196 323.259 268.0 342.806 259.078 289.539 293.348 291.875 278.88 266.709
-9999.0 -9999.0 -9999.0 -9999.0 -9999.0 -9999.0 -9999.0 -9999.0 -9999.0 -9999.0 -9999.0 -9999.0 -9999.0 -9999.0 -9999.0 -9999.0 -9999.0 -9999.0 -9999.0 -9999.0 -9999.0 -9999.0 -9999.0 -9999.0 -9999.0 -9999.0 -9999.0 -9999.0 -9999.0 -9999.0 -9999.0 -9999.0 -9999.0 315.556 316.664 287.852 291.305 289.962 302.271 299.456 277.7 393.389 262.222 259.725 288.254 281.29 360.082 313.828 276.516 274.286 315.389 270.41 267.636 241.776 359.258 272.724 262.522 256.137 255.946 267.779 361.018 241.199 252.087 253.419 256.374 259.337 271.299
-9999.0 -9999.0 -9999.0 -9999.0 -9999.0 -9999.0 -9999.0 -9999.0 -9999.0 -9999.0 -9999.0 -9999.0 -9999.0 -9999.0 -9999.0 -9999.0 -9999.0 -9999.0 -9999.0 -9999.0 -9999.0 -9999.0 -9999.0 -9999.0 -9999.0 -9999.0 -9999.0 -9999.0 -9999.0 -9999.0 -9999.0 -9999.0 -9999.0 315.1 310.02 290.925 296.105 362.717 289.651 359.09 337.978 254.636 261.272 258.04 265.591 327.769 343.256 282.094 329.215 266.559 323.075 310.466 270.566 276.838 357.227 367.006 305.133 273.067 278.927 259.14 253.15 359.618 351.316 253.414 252.759 253.386 252.657
-9999.0 -9999.0 -9999.0 -9999.0 -9999.0 -9999.0 -9999.0 -9999.0 -9999.0 -9999.0 -9999.0 -9999.0 -9999.0 -9999.0 -9999.0 -9999.0 -9999.0 -9999.0 -9999.0 -9999.0 -9999.0 -9999.0 -9999.0 -9999.0 -9999.0 -9999.0 -9999.0 -9999.0 -9999.0 -9999.0 -9999.0 -9999.0 -9999.0 -9999.0 307.476 292.745 356.464 358.015 22.204 15.962 256.482 260.327 256.972 261.158 282.306 259.739 285.852 294.143 299.895 329.478 328.879 288.439 260.554 282.475 350.492 276.965 364.365 355.76 281.06 262.113 270.674 353.829 342.243 332.612 361.463 338.999 331.728
-9999.0 -9999.0 -9999.0 -9999.0 -9999.0 -9999.0 -9999.0 -9999.0 -9999.0 -9999.0 -9999.0 -9999.0 -9999.0 -9999.0 -9999.0 -9999.0 -9999.0 -9999.0 -9999.0 -9999.0 -9999.0 -9999.0 -9999.0 -9999.0 -9999.0 -9999.0 -9999.0 -9999.0 -9999.0 -9999.0 -9999.0 -9999.0 -9999.0 -9999.0 -9999.0 290.43 298.183 294.416 16.111 323.057 374.804 266.654 303.817 291.181 260.377 290.653 352.443 330.143 329.833 334.965 300.018 283.714 333.982 332.026 329.795 287.597 345.471 354.662 357.253 286.387 346.532 331.128 267.395 272.039 271.508 270.611 271.327
-9999.0 -9999.0 -9999.0 -9999.0 -9999.0 -9999.0 -9999.0 -9999.0 -9999.0 -9999.0 -9999.0 -9999.0 -9999.0 -9999.0 -9999.0 -9999.0 -9999.0 -9999.0 -9999.0 -9999.0 -9999.0 -9999.0 -9999.0 -9999.0 -9999.0 -9999.0 -9999.0 -9999.0 -9999.0 -9999.0 -9999.0 -9999.0 -9999.0 -9999.0 -9999.0 358.236 342.303 16.532 18.599 292.122 260.975 261.356 292.843 283.079 268.354 318.532 310.137 319.519 312.511 284.343 275.519 348.611 356.759 336.5 333.554 329.058 328.52 282.338 260.521 325.934 360.549 363.118 277.18 358.675 361.997 324.981 287.858
-9999.0 -9999.0 -9999.0 -9999.0 -9999.0 -9999.0 -9999.0 -9999.0 -9999.0 -9999.0 -9999.0 -9999.0 -9999.0 -9999.0 -9999.0 -9999.0 -9999.0 -9999.0 -9999.0 -9999.0 -9999.0 -9999.0 -9999.0 -9999.0 -9999.0 -9999.0 -9999.0 -9999.0 -9999.0 -9999.0 -9999.0 -9999.0 -9999.0 -9999.0 -9999.0 307.596 352.698 288.589 286.917 352.68 325.545 278.944 304.926 288.724 292.799 320.429 272.517 317.399 285.249 361.878 304.39 310.46 281.169 322.307 327.975 268.836 330.052 326.926 271.295 337.082 273.119 354.825 361.244 332.677 327.571 319.857 269.29
-9999.0 -9999.0 -9999.0 -9999.0 -9999.0 -9999.0 -9999.0 -9999.0 -9999.0 -9999.0 -9999.0 -9999.0 -9999.0 -9999.0 -9999.0 -9999.0 -9999.0 -9999.0 -9999.0 -9999.0 -9999.0 -9999.0 -9999.0 -9999.0 -9999.0 -9999.0 -9999.0 -9999.0 -9999.0 -9999.0 -9999.0 -9999.0 -9999.0 -9999.0 289.399 289.373 328.281 361.512 356.522 302.241 281.066 267.114 358.787 353.274 343.5 324.246 358.183 270.099 273.709 264.781 338.629 336.047 310.812 315.875 329.196 313.124 321.571 277.203 254.301 337.235 272.248 279.853 331.59 328.806 325.661 297.984 272.003
-9999.0 -9999.0 -9999.0 -9999.0 -9999.0 -9999.0 -9999.0 -9999.0 -9999.0 -9999.0 -9999.0 -9999.0 -9999.0 -9999.0 -9999.0 -9999.0 -9999.0 -9999.0 -9999.0 -9999.0 -9999.0 -9999.0 -9999.0 -9999.0 -9999.0 -9999.0 -9999.0 -9999.0 -9999.0 -9999.0 -9999.0 -9999.0 -9999.0 -9999.0 -9999.0 322.33 303.67 376.361 336.25 275.597 284.011 287.435 269.762 264.342 332.134 353.379 356.531 322.068 353.886 331.605 331.282 269.502 269.02 271.492 276.508 363.093 359.457 319.504 254.641 336.669 260.372 276.894 323.98 359.923 348.227 351.189 258.619
-9999.0 -9999.0 -9999.0 -9999.0 -9999.0 -9999.0 -9999.0 -9999.0 -9999.0 -9999.0 -9999.0 -9999.0 -9999.0 -9999.0 -9999.0 -9999.0 -9999.0 -9999.0 -9999.0 -9999.0 -9999.0 -9999.0 -9999.0 -9999.0 -9999.0 -9999.0 -9999.0 -9999.0 -9999.0 -9999.0 -9999.0 -9999.0 -9999.0 -9999.0 -9999.0 283.564 329.705 326.319 341.301 328.399 342.202 327.462 320.431 270.646 339.079 337.141 340.874 326.942 348.776 320.074 325.701 272.179 267.559 324.636 312.907 353.59 353.359 322.099 287.107 348.449 273.681 271.829 271.334 346.152 356.776 341.186 263.462
-9999.0 -9999.0 -9999.0 -9999.0 -9999.0 -9999.0 -9999.0 -9999.0 -9999.0 -9999.0 -9999.0 -9999.0 -9999.0 -9999.0 -9999.0 -9999.0 -9999.0 -9999.0 -9999.0 -9999.0 -9999.0 330.994 -9999.0 -9999.0 -9999.0 -9999.0 -9999.0 -9999.0 -9999.0 -9999.0 -9999.0 -9999.0 -9999.0 -9999.0 271.523 278.643 298.495 287.969 286.22 272.991 271.259 333.612 276.558 337.867 276.578 280.213 275.661 291.206 318.74 319.51 330.127 340.278 303.306 347.15 340.492 320.784 356.676 316.298 324.664 338.963 342.474 343.97 343.848 351.693 364.831 348.755 261.725
-9999.0 -9999.0 -9999.0 -9999.0 -9999.0 -9999.0 -9999.0 -9999.0 -9999.0 -9999.0 -9999.0 -9999.0 -9999.0 -9999.0 -9999.0 -9999.0 296.479 296.99 326.986 298.268 330.909 332.1 328.937 331.882 291.696 276.614 268.845 -9999.0 -9999.0 -9999.0 -9999.0 -9999.0 -9999.0 -9999.0 277.14 275.206 286.062 314.938 300.146 276.076 272.183 269.535 272.452 272.273 290.026 281.116 293.2 307.799 319.494 322.706 324.612 338.322 350.335 340.686 347.794 333.482 319.397 364.009 364.687 360.334 363.165 346.54 271.697 363.27 364.01 293.711 258.587
-9999.0 -9999.0 -9999.0 -9999.0 -9999.0 -9999.0 -9999.0 -9999.0 -9999.0 -9999.0 -9999.0 -9999.0 -9999.0 -9999.0 282.382 343.787 294.289 328.014 304.097 323.944 361.417 301.157 299.658 328.233 268.254 270.568 269.206 270.713 -9999.0 -9999.0 -9999.0 -9999.0 266.234 266.701 262.895 265.734 247.86 311.5 313.598 299.993 297.707 277.084 275.617 275.954 283.274 275.195 296.1 330.338 337.923 336.961 340.922 302.079 307.245 325.881 360.606 364.393 305.995 353.984 368.846 367.287 343.061 313.05 367.65 366.032 356.138 264.459 257.024
-9999.0 -9999.0 -9999.0 -9999.0 -9999.0 -9999.0 -9999.0 -9999.0 -9999.0 -9999.0 -9999.0 -9999.0 -9999.0 -9999.0 353.545 333.004 301.73 279.902 328.142 351.518 342.408 330.167 330.979 329.743 324.312 302.829 303.861 282.202 270.453 270.573 256.595 258.308 260.947 265.247 264.513 264.695 267.959 267.969 270.863 248.138 250.129 269.001 270.835 304.379 253.291 276.369 278.33 291.542 319.397 322.842 310.484 310.863 306.588 334.117 356.828 366.257 344.665 364.702 370.078 342.041 362.591 285.862 356.414 365.396 293.435 363.393 342.529
-9999.0 -9999.0 -9999.0 -9999.0 -9999.0 -9999.0 -9999.0 -9999.0 -9999.0 -9999.0 -9999.0 -9999.0 326.249 314.01 349.405 306.517 342.645 331.153 341.133 316.07 303.926 361.14 348.127 337.422 326.113 295.326 270.53 271.346 282.696 288.55 261.892 264.917 258.351 321.47 265.469 265.91 266.893 319.632 290.592 248.945 248.82 247.499 265.34 264.673 274.136 276.523 273.768 273.812 307.428 323.015 309.505 311.674 326.171 348.487 362.62 363.342 367.034 361.412 366.452 366.773 368.43 357.724 354.644 352.292 311.68 295.06 271.58
-9999.0 -9999.0 -9999.0 -9999.0 -9999.0 -9999.0 -9999.0 -9999.0 -9999.0 -9999.0 -9999.0 -9999.0 -9999.0 285.27 299.253 242.951 261.797 261.824 349.268 264.023 349.792 359.597 361.799 281.272 368.041 324.184 292.285 306.821 307.456 287.317 296.341 281.652 264.412 313.572 277.477 275.69 342.919 320.903 252.624 345.131 338.348 332.289 348.981 319.032 299.829 271.008 269.763 311.762 290.304 288.024 294.225 303.394 318.14 305.638 359.863 364.871 369.478 367.085 369.969 366.442 362.215 355.771 362.207 349.366 281.303 340.718 260.677
-9999.0 -9999.0 -9999.0 -9999.0 -9999.0 -9999.0 -9999.0 -9999.0 -9999.0 -9999.0 -9999.0 -9999.0 -9999.0 260.294 260.973 259.36 261.821 244.803 337.65 344.944 349.359 356.557 363.239 359.833 364.93 357.637 359.954 303.296 322.811 320.681 315.441 330.728 263.168 314.085 262.534 294.355 337.682 326.728 266.67 342.964 338.338 332.645 349.9 244.209 333.877 270.85 350.913 320.904 326.548 289.701 266.054 292.796 253.446 17.484 21.843 369.759 368.65 369.183 369.073 365.925 358.869 365.833 287.389 273.805 281.422 335.362 254.581
-9999.0 -9999.0 -9999.0 -9999.0 -9999.0 -9999.0 -9999.0 -9999.0 -9999.0 -9999.0 -9999.0 -9999.0 -9999.0 267.055 240.555 240.266 240.318 340.076 309.692 319.334 352.585 364.812 364.307 357.856 274.369 343.195 313.394 328.177 328.086 362.097 294.627 281.882 260.371 315.134 336.839 345.104 252.659 252.51 326.928 343.947 340.487 326.556 271.051 333.388 271.074 346.101 337.34 327.529 339.153 320.018 318.876 253.684 270.191 17.484 21.88 17.484 270.752 367.004 361.157 370.482 368.286 361.139 268.909 278.783 273.483 306.507 254.866
-9999.0 -9999.0 -9999.0 -9999.0 -9999.0 -9999.0 -9999.0 -9999.0 -9999.0 -9999.0 -9999.0 -9999.0 -9999.0 269.48 240.034 337.496 322.405 338.709 352.888 360.951 359.431 365.638 368.781 360.698 304.665 325.563 325.897 287.081 268.253 343.023 335.672 353.356 340.426 327.591 269.739 269.001 253.354 337.349 328.474 346.344 346.659 335.076 271.105 344.407 327.188 343.537 329.227 342.507 329.887 399.392 402.872 369.387 21.63 21.858 21.546 21.263 366.595 366.286 362.794 354.344 277.826 335.794 269.595 275.059 291.076 313.038 243.941
-9999.0 -9999.0 -9999.0 -9999.0 -9999.0 -9999.0 -9999.0 -9999.0 -9999.0 -9999.0 -9999.0 -9999.0 266.547 266.908 249.567 241.705 240.34 249.404 343.864 338.065 354.016 288.491 362.487 284.957 271.863 286.777 285.909 366.385 324.635 357.592 294.771 252.936 326.15 314.324 338.08 316.611 324.939 336.239 324.236 346.337 353.214 355.349 359.906 302.034 390.474 398.185 404.023 352.048 292.337 343.136 290.198 295.945 260.522 290.209 364.813 359.341 351.979 351.278 328.87 327.267 270.41 334.694 335.652 269.286 333.007 270.66 241.335
-9999.0 -9999.0 -9999.0 -9999.0 -9999.0 -9999.0 -9999.0 -9999.0 -9999.0 289.916 316.654 319.693 277.106 265.737 264.242 265.671 242.469 240.898 339.758 343.961 339.054 362.666 365.493 282.632 294.241 292.168 281.54 274.622 272.374 301.024 346.503 321.154 276.369 305.335 274.752 324.433 329.644 265.287 349.075 312.392 366.567 368.601 370.024 404.596 403.419 396.887 404.686 404.519 396.63 297.893 350.307 253.23 252.711 298.437 331.899 359.444 302.667 329.769 326.822 357.074 268.865 327.642 363.96 360.282 274.286 366.618 243.818
-9999.0 -9999.0 -9999.0 -9999.0 -9999.0 -9999.0 -9999.0 -9999.0 -9999.0 286.278 280.573 329.429 297.652 290.445 288.427 332.084 273.396 266.584 337.481 336.829 354.295 341.535 314.769 310.939 267.727 275.363 303.963 289.375 287.508 270.724 319.369 327.202 259.671 272.764 261.047 267.438 252.968 354.488 363.469 366.166 370.103 370.007 369.241 337.788 399.008 399.579 398.76 399.299 268.631 390.879 377.613 327.085 337.997 359.869 283.742 346.06 334.483 330.807 298.789 279.107 362.663 353.599 357.215 366.859 363.63 303.427 365.876
-9999.0 -9999.0 -9999.0 -9999.0 -9999.0 -9999.0 -9999.0 -9999.0 -9999.0 269.868 266.017 294.901 312.259 279.202 318.87 328.441 328.869 310.197 318.299 260.98 363.541 332.61 295.002 295.913 298.073 276.323 356.096 350.991 352.171 341.674 351.148 271.262 271.458 272.222 263.922 332.222 334.589 335.471 341.424 361.762 312.457 366.517 354.493 403.457 333.09 400.837 344.68 366.864 401.309 397.183 386.154 394.267 358.852 368.711 336.915 349.314 344.524 313.507 319.867 274.198 363.505 353.836 363.764 356.821 356.551 355.283 348.151
-9999.0 -9999.0 -9999.0 -9999.0 -9999.0 -9999.0 -9999.0 -9999.0 -9999.0 263.839 257.105 260.478 336.141 283.729 337.219 323.632 318.607 281.759 333.644 334.428 345.434 341.443 304.904 275.348 289.011 269.547 261.643 277.237 285.459 343.212 339.11 279.947 270.005 267.936 270.273 257.36 294.962 335.332 366.996 310.491 356.961 283.177 363.92 359.693 363.269 363.559 366.445 363.799 361.057 403.435 401.615 364.838 367.5 362.774 366.42 359.845 357.99 338.755 340.54 278.927 351.697 356.431 364.021 359.64 362.01 367.904 346.584
-9999.0 -9999.0 -9999.0 -9999.0 -9999.0 -9999.0 -9999.0 -9999.0 -9999.0 269.524 269.852 273.086 340.117 340.29 347.63 284.882 272.894 300.707 291.849 351.62 327.247 326.626 331.64 295.095 293.086 270.927 270.395 271.479 274.73 316.051 323.17 278.241 258.951 265.739 270.625 270.206 336.069 294.382 348.104 365.998 367.511 363.595 365.891 364.231 362.945 364.19 367.026 366.04 329.894 403.18 402.946 356.387 363.133 362.203 364.91 358.524 355.106 345.657 343.173 242.461 355.692 356.247 361.801 364.27 362.274 352.297 258.062
-9999.0 -9999.0 -9999.0 -9999.0 -9999.0 -9999.0 -9999.0 -9999.0 282.712 267.501 269.795 261.227 337.556 332.212 354.726 342.505 361.331 363.195 354.777 361.469 332.836 337.008 276.989 297.866 266.231 266.347 320.196 270.422 268.324 267.547 278.436 276.378 257.059 267.428 257.437 258.508 269.724 293.793 297.449 344.836 363.217 366.673 363.709 363.468 335.356 357.477 355.5 359.917 401.622 309.255 395.416 338.617 369.364 362.479 343.746 361.85 365.302 366.055 365.844 366.611 368.299 363.741 268.704 360.069 365.596 361.183 363.064
-9999.0 -9999.0 -9999.0 -9999.0 -9999.0 -9999.0 -9999.0 -9999.0 299.127 310.978 311.763 268.283 307.185 322.815 290.396 330.435 286.912 288.348 351.235 363.194 363.349 329.732 341.923 298.123 271.156 314.742 264.577 265.661 305.691 301.785 259.062 274.641 263.344 266.124 257.204 298.674 297.909 293.65 301.765 317.215 324.493 348.611 361.365 364.02 356.59 352.029 368.657 338.697 374.431 369.494 360.43 326.505 326.653 366.946 363.664 276.69 350.104 361.429 280.546 366.389 358.788 368.031 366.314 359.343 358.001 363.928 363.729
