static/jobfarm/user_models/minyf/common/HOME-GBHM/输出文件/Output/Grids/soilWaterDepth20020225.asc
ncols 221
nrows 204
xllcorner -627000.0
yllcorner 3955000.0
cellsize 900.0
NODATA_value -9999.0
[rows 60 to 89 of 204, columns 67 to 133 of 221]
359.385 363.229 362.412 356.11 360.989 355.506 337.432 356.132 363.832 347.129 342.303 351.033 290.996 289.953 287.859 295.359 323.915 335.942 334.315 325.546 324.83 341.46 338.966 333.486 310.853 313.496 345.601 346.006 332.56 284.886 305.301 297.232 328.07 327.014 374.219 338.341 254.749 350.131 339.647 350.664 301.227 261.361 333.711 254.957 260.728 314.437 332.713 363.394 370.55 365.626 395.873 379.151 385.161 384.346 341.421 262.058 284.767 373.452 399.895 394.362 395.235 365.936 386.741 345.511 333.409 309.177 290.559
357.946 355.868 363.64 350.602 366.404 365.3 333.148 339.472 319.652 322.39 330.197 330.587 331.248 311.973 312.026 316.806 289.24 329.78 312.149 340.689 335.647 313.17 326.102 331.107 316.94 344.213 336.08 351.028 345.84 311.725 281.932 306.292 312.055 347.84 373.278 356.816 265.217 346.519 349.686 320.922 319.407 254.272 254.199 329.034 265.647 302.172 354.597 358.132 373.026 366.102 370.42 382.319 372.167 300.639 341.086 281.05 388.528 284.837 296.834 339.686 385.83 338.181 349.721 365.523 306.416 290.065 278.904
362.325 366.357 364.39 363.87 362.974 362.261 356.197 362.986 300.27 347.718 344.202 283.021 281.258 281.105 282.734 284.423 292.188 340.747 324.31 312.336 316.843 313.471 338.851 319.903 330.469 344.778 327.639 327.77 333.016 320.005 288.377 283.922 290.468 349.922 370.97 356.638 349.091 355.082 341.177 318.687 315.603 336.721 241.075 258.793 368.169 362.026 362.202 364.79 369.361 383.39 317.825 324.873 328.566 332.624 272.563 261.344 390.679 256.391 258.28 337.947 386.892 345.325 399.514 322.973 306.097 284.163 283.92
362.227 348.911 347.2 348.631 353.764 365.115 340.662 325.919 300.474 326.07 339.656 309.17 280.824 348.306 280.251 278.274 281.315 338.288 336.455 333.164 323.331 326.078 319.074 323.588 334.105 332.129 330.842 333.197 315.736 325.413 280.087 290.308 316.364 377.367 369.767 374.01 354.161 346.74 344.383 324.655 280.905 311.301 243.924 261.647 318.594 383.134 369.91 385.973 370.001 381.842 345.409 285.789 332.924 262.587 256.271 284.823 337.064 255.418 257.421 284.964 402.204 336.609 404.914 363.729 374.905 307.194 348.57
361.7 357.881 356.516 352.161 332.329 341.439 347.504 331.188 337.538 325.027 310.606 282.121 309.811 284.092 288.491 287.801 284.218 325.737 323.238 324.486 338.568 320.443 354.915 354.421 358.173 353.174 354.815 316.177 319.54 331.184 330.443 284.589 293.716 351.63 345.867 355.975 365.784 341.401 320.33 316.613 329.097 299.694 241.405 243.637 327.604 380.543 366.234 334.453 378.876 373.225 330.541 329.559 325.894 260.456 256.741 310.87 312.744 271.46 294.982 292.544 402.664 336.207 341.689 393.912 391.9 363.117 273.781
358.604 365.177 360.984 351.275 327.444 334.006 315.99 338.367 334.701 325.465 313.312 278.141 288.103 289.052 290.175 288.535 283.083 338.823 337.84 324.632 324.78 323.964 338.658 341.862 341.202 347.909 316.637 317.549 334.115 333.34 298.164 297.647 298.274 375.329 299.952 344.77 348.521 351.864 318.346 323.008 319.891 293.907 292.829 241.922 345.365 366.263 363.551 323.816 375.41 382.435 321.306 324.614 322.362 256.616 258.824 329.918 255.702 314.058 296.523 369.133 387.766 309.665 293.397 382.593 314.655 372.374 294.283
323.571 358.447 333.912 362.204 344.63 321.857 275.514 299.831 280.53 286.326 327.906 327.047 331.144 283.591 275.325 282.17 284.395 305.912 318.889 288.676 278.984 282.24 289.996 346.684 343.407 340.051 355.251 359.906 338.293 338.796 337.558 316.939 336.005 326.395 330.777 363.063 351.601 346.933 330.991 319.812 328.272 288.882 291.296 314.595 318.941 338.02 371.634 372.649 324.274 332.744 314.503 334.34 272.258 256.569 258.951 270.155 289.328 305.096 334.562 396.22 388.977 336.522 274.539 338.049 372.946 389.978 344.433
311.813 351.793 361.113 365.69 364.665 348.474 277.165 292.009 305.857 284.796 300.631 283.623 334.643 282.967 290.204 278.974 281.879 279.442 286.47 276.118 282.364 278.391 285.692 337.455 319.074 344.503 314.111 337.791 300.218 341.116 341.738 325.227 366.583 354.295 316.292 362.551 349.783 340.022 316.99 319.539 312.046 337.108 274.516 310.094 327.89 360.762 360.567 360.249 377.396 366.463 274.746 329.529 301.594 254.847 255.706 260.217 307.707 338.867 337.298 395.398 342.027 365.035 324.306 309.944 361.603 364.281 360.397
324.944 346.303 358.563 358.895 357.463 283.019 278.199 277.653 289.235 282.397 276.992 285.241 285.853 273.24 274.645 292.024 300.888 284.47 271.769 284.749 284.221 284.683 283.353 337.147 340.278 341.352 313.237 337.515 334.082 345.933 329.091 349.53 356.534 339.4 355.419 351.822 349.347 344.298 338.421 295.961 336.943 256.285 276.399 275.696 275.18 361.463 302.27 371.142 360.607 321.073 305.163 333.256 332.996 302.401 299.315 304.86 314.516 293.31 311.506 377.496 402.235 272.833 340.845 302.03 345.498 338.235 333.458
348.362 354.875 349.987 360.817 360.966 354.303 345.454 277.753 288.436 276.647 277.698 292.113 282.089 283.079 283.925 283.748 277.349 278.447 286.319 288.249 327.202 319.16 314.626 348.937 340.13 318.365 336.393 312.679 355.996 348.403 353.491 347.718 313.988 314.596 328.818 355.123 346.259 322.682 335.711 334.534 321.598 241.927 274.973 280.077 275.572 368.47 310.469 337.281 355.441 362.241 332.169 283.245 294.08 287.914 289.152 313.428 318.707 293.086 342.37 396.694 381.125 324.665 330.593 314.134 314.651 352.099 339.465
337.232 364.386 308.469 378.963 367.5 340.15 338.539 330.678 300.32 274.448 280.634 290.562 277.114 280.272 281.012 272.861 322.377 285.529 284.856 288.302 289.892 282.831 282.734 317.295 351.823 328.001 338.302 335.876 341.167 367.914 357.981 335.531 315.009 322.05 317.145 355.711 344.52 342.753 328.387 331.349 329.022 296.836 260.049 275.772 273.589 310.544 276.467 335.443 314.829 370.329 316.174 284.191 300.373 287.115 306.16 372.649 396.68 392.643 391.709 399.056 390.698 374.812 296.172 323.481 326.008 343.673 397.202
389.825 361.024 358.992 385.983 352.165 280.012 306.862 302.881 300.138 344.443 277.064 288.375 282.265 310.542 331.022 274.284 321.329 280.011 281.131 283.449 275.643 286.394 283.705 343.597 325.595 350.738 357.687 336.024 364.387 369.594 357.711 348.301 293.355 296.171 298.158 346.575 359.479 352.904 314.142 335.982 328.754 310.289 310.666 299.257 284.643 274.305 275.29 328.814 312.83 358.499 284.202 285.578 290.828 288.342 256.976 365.343 359.156 368.856 319.744 353.267 359.65 337.703 301.224 322.454 356.654 352.763 369.457
389.961 386.299 386.235 354.79 354.562 281.895 278.246 279.161 281.413 278.182 277.227 292.614 302.735 318.33 368.79 359.739 324.061 284.48 279.47 284.147 289.27 278.346 277.509 332.475 283.249 315.111 359.065 357.929 367.925 367.522 355.0 340.669 342.856 343.091 343.006 352.448 338.319 339.218 335.556 335.882 328.614 326.447 337.711 333.285 324.914 324.932 253.319 294.685 258.961 317.096 313.248 270.435 300.407 307.023 259.708 313.514 291.292 313.898 304.054 361.548 343.422 340.125 394.589 317.54 293.073 334.527 411.52
387.931 360.455 380.35 345.257 353.037 278.613 278.83 278.189 334.381 277.427 280.477 293.408 374.537 321.5 372.034 356.718 322.29 281.181 280.246 261.535 261.243 257.485 287.93 318.945 274.315 348.024 368.125 371.505 377.108 358.383 357.033 355.28 351.251 347.394 345.778 340.002 314.873 327.134 336.964 323.441 326.676 333.457 317.679 332.848 338.236 328.289 332.15 280.294 275.856 303.728 301.953 270.902 302.51 310.429 331.035 274.707 275.758 334.078 399.564 355.013 318.275 325.775 393.152 397.238 330.748 343.091 398.56
350.924 358.161 360.777 359.069 381.704 317.201 366.707 340.36 337.351 288.436 281.17 332.581 370.23 319.274 360.952 325.841 333.644 274.489 282.972 258.928 316.692 261.466 277.654 319.378 330.08 342.775 361.099 369.97 366.716 363.684 358.282 360.271 254.758 310.532 349.608 339.177 243.119 242.124 336.735 302.436 328.049 324.465 313.584 329.421 316.834 335.8 339.493 293.673 293.246 259.316 255.488 260.075 266.613 240.087 274.922 302.667 349.687 325.458 300.25 316.483 329.942 332.353 351.437 403.526 399.526 308.042 322.085
365.039 364.473 359.983 373.923 367.41 336.146 281.338 279.267 279.529 276.716 315.438 377.215 383.112 322.386 360.797 325.356 333.807 275.98 261.496 271.144 313.475 262.549 278.707 333.64 331.32 346.166 359.246 378.68 371.256 359.17 357.896 254.777 277.39 240.167 323.382 252.423 243.007 291.18 285.834 320.642 326.873 317.718 312.184 335.656 313.505 335.938 329.201 305.182 258.832 255.737 262.261 257.787 303.392 309.474 274.435 279.597 284.053 316.031 305.879 339.231 331.965 319.579 327.621 310.772 313.701 341.173 346.197
366.16 363.173 366.258 349.602 357.003 280.226 280.024 279.777 318.676 279.46 279.165 354.722 326.949 323.47 360.516 313.609 333.995 276.542 261.794 263.214 315.223 259.424 274.305 331.339 334.734 342.559 345.519 360.395 368.446 359.694 357.91 254.792 254.788 320.243 316.245 315.448 332.059 251.884 241.936 337.097 300.253 316.967 318.949 331.231 351.292 322.008 343.763 314.97 327.068 325.731 258.885 261.522 288.638 295.301 293.436 278.369 330.169 338.181 314.477 332.66 329.812 309.152 338.602 329.063 345.355 342.313 348.035
367.479 376.491 351.688 322.646 375.619 279.671 278.55 289.511 257.887 345.316 279.175 380.84 353.288 361.288 357.959 363.857 334.196 279.699 260.951 330.59 316.313 270.093 274.465 330.532 335.376 323.656 345.514 362.714 362.326 367.797 362.411 255.02 253.239 239.476 325.18 244.251 323.28 328.973 313.252 317.829 322.947 313.108 322.383 328.891 317.897 322.031 337.199 300.038 270.53 281.518 313.914 326.512 332.25 276.153 275.314 280.552 304.855 305.553 316.879 322.304 347.43 333.453 344.101 323.964 351.59 336.643 335.558
308.814 313.601 360.507 325.072 312.227 301.251 273.255 271.427 257.278 302.043 300.068 385.798 361.592 361.217 360.941 361.0 342.585 306.563 272.715 273.18 315.645 266.78 255.82 325.637 330.945 335.774 373.904 360.011 364.685 365.971 318.551 254.824 356.642 239.492 333.484 304.641 272.311 246.914 299.852 319.011 312.269 317.648 349.77 337.627 331.884 335.876 345.91 336.363 264.588 247.007 244.75 317.615 261.11 337.192 274.894 338.163 336.227 343.464 312.479 315.154 321.858 317.731 330.284 328.373 343.86 324.975 310.022
310.953 317.785 369.738 392.895 361.969 292.869 315.262 344.352 259.078 301.848 295.622 347.413 384.865 358.664 359.824 334.822 340.594 313.335 243.195 297.655 304.526 271.381 276.671 319.728 334.0 370.257 355.057 369.384 360.348 319.119 318.572 297.83 271.016 266.408 325.106 310.601 336.156 303.435 312.212 305.623 340.854 326.265 321.106 318.171 316.642 323.508 328.174 268.777 269.246 249.48 274.142 267.261 274.56 304.401 330.861 340.694 330.839 328.936 320.17 315.833 314.414 304.383 322.383 316.414 325.135 318.391 391.643
313.427 345.898 333.545 377.97 361.771 329.801 366.751 285.424 335.894 317.397 299.856 368.559 392.961 361.478 348.612 344.279 335.519 305.358 249.543 319.895 307.277 242.339 281.313 325.875 342.21 369.742 370.293 354.684 356.854 254.866 255.041 354.786 350.737 269.123 359.499 360.902 309.984 313.786 322.353 334.562 339.251 337.516 334.196 340.476 340.068 332.397 334.938 268.586 274.679 259.385 275.747 275.486 278.715 337.247 335.955 323.439 332.002 331.795 337.019 320.341 316.774 327.203 317.838 312.047 395.258 401.899 312.911
295.69 309.743 327.962 378.983 378.022 360.851 371.226 337.584 300.859 288.758 341.313 389.307 381.447 359.369 338.091 336.53 338.874 312.142 259.274 319.604 247.685 242.899 259.659 331.602 365.631 376.525 356.636 357.963 254.888 254.882 327.75 254.871 266.428 350.593 353.984 352.17 356.658 363.279 357.049 335.156 335.241 336.428 337.073 338.63 336.468 337.185 335.908 272.525 274.675 295.784 263.661 278.073 280.282 338.645 337.226 335.875 323.537 335.734 332.525 326.476 339.785 340.002 400.963 340.728 404.611 337.548 400.938
309.105 287.316 324.747 334.992 378.883 361.2 373.809 305.177 298.597 306.926 364.451 389.735 388.833 336.863 334.164 360.978 362.743 348.149 296.601 318.488 270.756 246.789 243.018 326.967 363.145 369.614 360.288 345.88 255.579 254.899 265.715 355.136 355.003 355.19 355.691 375.755 353.92 354.511 353.667 352.294 367.738 333.039 325.316 281.645 341.709 335.983 326.399 272.963 275.979 262.689 266.582 275.111 274.081 316.333 340.878 339.039 334.271 318.379 326.857 345.432 339.011 323.454 339.168 401.433 366.239 407.001 392.72
280.228 289.865 286.678 328.457 386.25 379.806 330.577 275.158 317.394 375.526 371.667 387.307 379.626 381.119 362.916 361.613 361.699 323.689 245.849 306.579 270.682 263.462 259.189 363.534 371.085 365.937 362.682 358.237 355.885 338.546 370.061 359.424 354.858 357.892 356.044 356.115 366.483 362.494 373.972 313.951 321.888 317.462 356.319 334.768 317.656 281.386 349.193 274.139 254.359 264.686 304.507 291.364 321.103 310.913 340.913 340.463 339.281 340.533 336.419 337.451 351.848 270.235 347.836 394.178 400.286 390.422 387.043
307.191 298.75 312.96 383.307 264.245 266.13 377.35 360.754 338.449 362.384 365.662 364.783 378.202 387.967 369.484 358.891 329.184 300.744 301.389 303.281 341.987 302.508 308.932 360.187 365.191 365.759 361.831 362.875 376.058 364.22 347.02 363.271 365.329 334.143 332.253 354.785 354.432 354.227 323.043 326.722 332.544 337.484 311.869 336.946 308.161 338.175 276.253 350.471 346.639 279.023 332.523 335.901 339.721 354.839 328.281 331.607 331.896 330.914 338.467 339.58 360.318 348.598 353.682 333.803 320.881 259.239 309.497
292.031 294.09 332.17 311.714 264.264 266.014 264.244 329.615 354.618 361.644 361.733 361.732 365.462 369.891 372.456 343.533 287.231 332.146 345.278 315.807 341.114 346.062 353.574 374.721 366.167 346.539 360.369 372.479 375.276 366.979 355.41 358.138 353.991 334.133 329.97 319.548 320.53 321.693 324.399 327.235 326.198 335.419 315.281 335.663 321.328 336.312 331.729 330.016 238.717 280.371 352.338 341.196 344.078 333.087 334.425 322.385 340.625 349.495 350.889 331.828 339.959 362.221 347.12 339.861 347.035 251.504 342.751
343.714 311.725 321.842 252.001 266.051 266.037 379.345 332.682 351.199 382.776 375.423 373.908 362.608 392.961 369.411 354.272 340.617 372.619 370.968 376.128 341.311 357.368 358.959 337.174 367.823 340.414 349.839 379.761 366.361 366.823 368.19 363.789 354.719 357.369 365.328 351.184 350.854 313.291 311.758 327.623 335.358 330.543 311.164 311.602 331.786 346.791 345.57 293.499 299.778 277.415 302.828 299.438 327.159 330.325 363.587 363.519 343.684 342.987 333.117 333.343 315.924 318.233 315.738 329.622 321.381 345.039 341.216
371.154 347.569 344.206 355.229 341.691 340.685 382.133 387.218 356.873 361.558 385.33 388.384 392.961 392.961 392.455 359.592 355.127 377.006 371.249 368.821 358.101 352.304 270.681 329.897 307.68 357.041 369.772 374.295 361.564 366.925 363.991 357.086 334.501 358.065 350.874 349.904 310.089 324.676 324.64 324.94 325.319 325.006 306.993 327.871 309.948 330.557 294.439 318.097 279.528 275.702 343.513 340.438 347.857 357.085 332.739 323.709 331.599 330.075 321.11 336.547 340.257 345.33 333.772 333.729 344.527 374.616 351.572
320.078 317.587 252.009 265.549 264.32 391.778 387.733 392.961 361.912 382.203 388.937 382.313 392.961 392.961 392.961 391.919 356.519 343.368 377.976 348.145 358.886 356.347 363.627 342.617 361.401 354.209 357.858 354.703 365.758 361.265 324.306 332.367 339.388 334.607 359.542 352.63 353.667 313.96 311.737 322.949 322.876 334.979 323.512 336.375 272.998 340.658 308.305 320.674 335.239 316.083 323.968 329.271 333.484 330.039 348.89 334.925 338.066 340.171 349.654 344.427 343.824 344.22 311.669 342.147 343.464 338.766 340.012
308.745 309.002 308.963 362.674 371.203 369.307 378.459 387.622 392.961 392.961 392.961 388.957 392.961 392.961 392.961 392.961 389.453 392.717 337.837 360.546 342.369 361.737 358.537 360.662 353.265 361.408 348.294 356.609 361.388 364.98 328.806 347.562 342.631 341.005 333.661 333.052 353.594 357.952 325.248 316.646 315.726 335.698 333.682 288.969 336.132 334.931 332.307 305.169 273.578 341.71 338.494 339.332 352.071 341.453 304.695 343.851 334.761 334.049 334.487 340.29 339.954 334.678 334.642 340.688 340.696 337.741 327.903
