static/jobfarm/user_models/minyf/common/HOME-GBHM/输出文件/Output/Grids/soilWaterDepth20020226.asc
ncols 221
nrows 204
xllcorner -627000.0
yllcorner 3955000.0
cellsize 900.0
NODATA_value -9999.0
[rows 90 to 119 of 204, columns 67 to 133 of 221]
287.156 283.195 274.109 296.386 358.475 362.1 373.893 374.639 386.181 387.368 383.496 301.453 385.835 339.209 383.993 325.788 378.174 372.991 357.733 342.286 352.169 350.404 343.901 342.588 339.998 340.68 340.717 351.964 351.762 284.694 252.212 307.651 276.253 318.144 288.462 298.033 299.226 312.885 318.281 316.678 313.224 307.8 291.158 298.836 300.376 273.016 286.149 254.557 288.807 259.929 260.103 267.473 345.913 332.076 318.721 310.304 298.418 310.968 277.854 331.326 331.099 335.736 356.918 333.399 271.931 328.265 261.563
283.884 289.313 280.122 363.546 373.227 371.446 364.261 378.406 392.345 390.926 385.13 386.07 387.307 377.725 383.822 364.803 382.175 380.95 352.232 352.478 356.91 352.943 255.375 339.723 340.609 344.841 345.784 354.456 354.125 350.805 351.285 350.489 316.305 306.182 305.894 286.318 317.199 266.352 323.553 309.852 318.018 308.502 293.57 286.644 283.658 260.677 294.906 293.37 260.402 285.832 267.344 309.649 274.947 314.103 298.75 279.357 297.133 308.367 305.941 312.898 316.635 306.674 310.24 311.871 289.134 329.831 303.971
284.068 341.499 368.844 377.241 305.081 373.612 376.159 370.158 389.125 390.038 389.04 386.879 383.208 384.967 382.188 287.026 380.489 354.793 349.884 256.033 351.069 342.386 338.675 349.466 338.227 352.238 353.343 319.899 325.83 252.286 317.559 252.355 305.309 304.992 323.426 287.202 286.249 287.229 310.516 280.444 277.506 298.568 296.355 261.429 292.596 330.061 321.868 261.254 289.288 275.514 277.957 276.803 276.782 301.849 293.081 330.384 329.641 338.675 302.256 300.689 269.98 271.32 287.873 341.74 289.226 330.461 330.377
349.238 292.011 296.339 313.464 288.334 367.203 370.553 379.672 377.098 386.958 389.916 388.849 386.603 380.673 366.706 386.134 385.044 354.411 343.337 338.952 338.444 338.067 354.758 345.142 347.169 350.86 347.21 346.906 312.833 298.715 252.383 283.609 277.713 277.941 305.887 289.766 303.208 294.003 294.686 340.043 326.605 316.511 288.996 327.727 311.942 259.42 260.234 263.481 259.664 264.644 267.821 271.03 331.843 330.351 331.909 317.859 311.524 313.47 332.21 333.236 333.885 344.776 301.368 300.488 299.219 338.172 280.909
317.233 291.616 313.272 310.745 291.859 372.179 380.26 370.63 379.534 374.327 380.573 390.885 390.241 392.244 391.116 389.421 308.591 354.306 353.974 344.27 345.168 335.872 359.194 353.94 354.542 328.698 321.205 318.172 324.386 312.319 311.627 317.706 252.966 297.295 288.206 302.482 304.15 303.656 299.396 300.172 306.742 306.388 267.159 312.231 273.8 275.91 273.358 268.749 265.686 266.385 269.173 305.21 305.539 291.949 292.632 291.883 289.712 313.956 294.619 268.048 333.613 332.241 333.6 332.158 333.433 331.735 267.529
280.128 288.245 291.303 292.455 329.162 319.482 373.487 374.276 374.135 376.339 377.56 374.69 387.074 391.844 391.322 382.323 306.472 355.134 334.377 348.069 351.357 351.694 351.03 351.115 326.274 328.328 327.91 318.459 317.246 294.659 289.954 295.784 291.502 285.42 289.468 327.672 308.738 292.086 296.009 304.344 304.62 303.759 271.019 317.093 274.145 274.897 274.055 266.105 265.937 265.898 280.57 280.804 277.711 298.208 312.147 313.03 305.03 301.937 280.738 267.842 339.983 269.531 303.486 314.78 348.797 335.056 272.252
271.296 278.757 285.817 282.098 274.422 345.953 342.955 346.53 350.907 328.865 338.152 382.737 388.578 382.381 386.955 381.877 378.94 355.255 352.124 283.22 353.274 322.911 328.053 301.587 301.061 319.848 305.604 284.352 273.133 322.771 330.869 332.142 331.965 326.545 353.376 352.592 297.01 373.591 346.24 271.523 319.305 309.8 320.481 319.598 317.43 287.611 279.779 279.262 299.8 304.889 341.913 331.969 332.992 325.008 315.772 330.33 277.006 341.57 280.764 276.956 264.306 260.68 261.508 259.342 267.65 263.269 348.58
299.764 278.559 287.549 281.924 284.291 303.85 362.561 354.227 373.389 317.93 331.472 332.062 381.127 381.212 389.704 386.139 357.822 385.591 353.08 354.859 322.215 325.169 318.012 251.528 245.325 251.689 245.534 292.41 289.622 325.53 337.698 316.759 352.713 298.401 356.814 346.934 330.778 315.139 272.467 352.96 353.471 327.552 318.826 335.217 334.83 333.144 333.846 295.98 333.602 331.07 345.049 344.269 334.807 288.224 285.863 341.201 284.593 290.744 336.091 260.679 278.137 256.896 263.855 256.226 253.346 332.029 337.328
282.531 321.716 285.795 299.116 283.514 354.254 270.542 343.857 345.153 345.966 363.864 351.799 372.659 379.77 384.2 382.18 376.761 367.253 354.679 359.147 354.356 271.932 347.077 349.13 354.818 271.472 244.508 245.532 292.122 324.794 330.909 329.775 352.922 372.163 354.853 306.635 324.741 305.825 312.034 308.693 307.271 349.61 288.461 352.221 337.727 332.618 332.411 338.122 336.18 333.707 352.222 335.81 273.102 296.492 295.039 293.1 308.668 285.992 294.985 266.998 262.691 260.21 259.205 278.004 265.497 290.1 338.009
303.543 266.668 366.307 361.743 365.628 352.427 347.884 291.58 296.468 341.491 354.951 356.214 306.817 340.474 378.957 383.555 379.517 360.719 383.1 385.943 357.343 351.372 354.014 266.079 314.271 309.539 317.29 246.123 290.989 354.845 355.416 361.26 385.521 352.968 333.466 320.901 315.823 321.173 326.864 316.313 309.703 333.851 343.98 302.063 310.877 283.495 324.04 294.704 327.564 345.876 299.166 315.132 334.148 358.417 341.067 272.238 331.88 293.786 295.408 271.864 256.119 331.912 258.195 260.5 258.709 287.253 344.096
311.9 282.814 298.598 363.313 349.764 271.153 294.734 296.457 337.109 349.37 355.578 356.498 341.933 334.387 340.842 349.685 339.526 364.766 353.278 351.548 354.124 355.495 354.973 276.67 252.248 252.508 252.364 252.361 282.605 354.422 349.674 354.954 354.625 354.935 351.437 328.356 321.055 324.188 323.287 318.882 314.313 332.1 313.498 280.704 308.996 277.782 281.092 321.492 345.533 361.957 294.887 273.416 351.291 356.834 362.281 272.874 288.417 333.826 297.946 272.926 262.211 333.233 328.972 257.891 258.156 278.375 331.616
264.574 283.241 339.571 280.777 285.236 323.391 337.485 324.902 344.3 349.001 359.48 354.981 338.294 320.624 322.536 353.754 347.695 363.89 274.698 265.847 351.421 353.401 351.08 348.368 350.886 250.414 275.018 273.969 281.64 355.44 354.26 351.893 328.284 316.009 318.199 322.689 321.187 321.082 322.482 324.825 354.75 341.479 319.494 325.417 286.286 321.293 282.837 304.779 350.39 273.821 338.291 334.24 334.712 274.627 353.062 293.435 290.208 331.001 292.466 264.512 267.103 293.301 261.206 330.105 257.098 266.12 332.097
264.736 349.351 266.342 265.506 265.106 303.483 341.525 334.446 336.391 360.404 348.787 341.317 344.206 339.029 353.195 337.987 335.248 352.651 351.086 265.864 265.852 265.841 353.005 354.002 353.881 353.484 353.764 354.739 364.397 351.014 354.503 350.267 352.682 354.751 354.707 325.352 330.243 310.41 355.729 355.075 352.11 296.462 296.008 287.962 288.12 284.263 285.571 291.606 272.694 273.885 267.023 266.939 292.929 331.604 330.822 280.073 278.726 330.392 332.177 280.277 304.287 315.669 265.318 265.217 331.535 337.974 267.253
267.457 267.818 266.476 274.303 274.032 279.111 307.801 323.339 331.355 339.176 340.561 353.185 325.912 329.634 328.848 253.37 339.158 357.44 352.479 359.599 352.723 353.594 353.417 353.435 354.807 354.232 354.005 353.166 352.301 283.656 350.545 276.068 354.776 354.283 354.612 350.246 352.003 354.289 354.289 344.662 333.104 319.011 297.317 275.184 331.983 296.714 294.986 269.412 306.915 276.415 266.664 268.678 266.664 309.838 329.614 334.008 334.142 336.742 338.592 301.123 341.815 326.378 263.443 344.975 331.442 359.581 345.308
271.728 272.183 273.337 266.334 269.879 335.381 343.547 327.357 317.797 336.495 324.135 337.993 326.52 329.591 344.178 336.134 324.886 326.137 358.56 354.195 355.262 354.577 354.462 352.307 350.089 354.792 353.208 353.811 355.416 351.936 354.787 354.873 288.751 354.863 353.697 350.478 351.804 351.613 350.52 338.178 343.184 295.69 286.314 332.464 286.909 286.965 288.539 268.479 286.418 296.631 266.998 266.652 266.782 298.081 300.756 331.762 330.022 336.8 333.895 285.295 313.092 315.318 305.859 263.644 284.945 356.607 297.391
272.514 265.385 267.809 265.323 265.548 283.65 284.718 334.933 330.355 321.597 329.7 327.848 330.018 326.89 323.198 335.113 333.902 378.111 363.82 353.63 352.361 353.86 371.943 354.884 354.65 353.837 354.51 307.155 350.827 354.779 278.992 279.909 290.064 353.08 351.695 356.317 355.716 354.975 341.802 364.05 359.188 356.819 331.523 332.584 270.903 288.049 294.963 296.424 266.167 267.219 266.173 272.854 267.888 310.889 334.057 309.309 300.38 330.932 331.878 299.31 284.642 307.467 311.203 304.264 251.519 356.757 341.722
271.042 265.609 265.102 265.579 265.81 280.961 309.189 322.152 304.388 334.87 325.175 330.184 309.438 329.673 312.513 340.036 358.089 381.456 383.258 365.668 358.571 359.72 365.313 293.124 349.748 351.212 352.966 351.095 355.394 355.368 355.652 294.303 352.326 354.779 354.901 355.193 355.12 346.224 356.965 354.915 353.981 331.596 307.767 288.29 295.376 287.77 316.349 273.056 267.475 272.142 267.927 264.608 292.866 306.52 282.569 334.085 316.255 290.077 266.489 335.21 333.58 285.29 298.004 308.248 254.447 332.342 335.056
265.099 260.697 258.45 270.917 296.617 306.737 330.93 305.293 336.302 259.705 315.278 328.78 326.923 325.995 328.044 336.615 343.789 376.995 274.961 359.624 355.498 366.805 305.651 354.217 302.984 348.12 354.003 360.362 353.023 354.843 364.936 350.11 354.133 355.403 300.541 354.718 355.485 355.2 338.018 349.946 335.45 298.275 300.671 295.442 338.1 297.133 321.425 262.907 313.557 324.413 333.132 261.698 268.444 321.171 310.26 343.685 310.68 344.045 264.724 285.327 334.727 333.78 270.742 298.1 311.832 330.516 333.891
298.427 324.456 311.859 335.356 260.249 333.658 325.824 292.166 329.734 324.665 338.926 311.37 304.228 318.427 314.481 335.955 337.7 376.041 383.133 381.139 361.121 374.308 373.114 346.789 328.471 282.746 350.1 276.998 275.455 282.384 281.682 284.532 353.482 353.055 331.922 355.439 358.687 355.226 350.5 357.075 343.291 291.791 287.395 282.613 336.135 283.9 286.415 336.533 320.899 310.293 338.607 325.168 332.694 279.152 303.288 339.664 317.808 337.22 293.728 338.617 327.282 310.15 337.588 272.1 314.788 331.518 332.543
286.384 321.551 322.731 317.444 317.719 288.876 290.838 292.576 286.799 331.418 314.657 342.304 316.325 316.833 308.261 313.298 335.069 354.782 384.583 375.185 382.406 378.563 366.346 348.551 319.749 311.441 352.136 314.787 275.651 281.188 281.423 291.727 292.667 353.802 348.638 347.45 348.884 353.892 283.462 351.2 351.937 351.265 333.48 332.762 271.718 283.041 287.442 326.68 321.209 308.787 344.831 323.061 347.672 342.501 338.373 341.495 311.211 296.872 316.788 336.06 305.553 317.037 286.127 333.361 333.192 344.995 319.581
300.323 303.622 321.786 315.972 325.033 299.921 295.977 323.666 329.589 288.298 333.656 324.64 326.971 314.366 308.378 307.022 316.797 353.247 285.742 381.984 384.889 373.759 375.325 343.363 328.349 292.707 331.142 251.059 251.502 338.93 262.692 253.29 306.555 317.677 316.848 311.618 347.735 315.134 333.283 361.843 361.092 288.298 317.529 314.332 306.991 296.254 290.06 319.21 324.64 310.303 326.649 311.679 278.55 312.302 313.818 314.788 294.482 330.629 295.701 340.935 293.671 303.2 286.093 317.971 337.301 334.505 332.05
331.547 349.376 315.162 312.413 326.436 253.129 306.847 358.94 285.209 321.193 281.79 261.484 336.146 325.402 322.957 338.656 318.122 312.446 353.042 370.96 377.326 372.825 379.931 333.742 314.892 292.718 290.365 317.677 318.43 319.468 322.889 330.511 305.867 308.15 314.625 328.343 316.242 316.711 313.913 331.23 340.904 326.218 302.226 302.126 301.672 304.806 303.753 326.282 323.509 314.413 326.791 312.894 323.689 275.677 272.855 260.826 271.783 344.398 305.208 327.89 332.277 347.095 305.157 291.96 285.42 340.975 342.721
335.296 352.345 320.576 323.666 348.397 314.999 356.162 353.874 291.384 321.304 293.257 271.288 347.288 324.396 324.262 345.421 343.18 331.016 339.773 348.012 268.655 364.49 378.209 334.322 296.714 295.299 279.702 284.962 279.988 272.376 295.362 321.727 320.527 311.545 309.111 302.744 330.958 335.913 333.573 335.162 338.287 297.706 272.421 266.867 275.409 306.667 304.804 318.292 315.156 316.439 334.452 320.809 329.708 274.554 274.441 274.947 285.046 350.467 296.231 286.906 289.426 354.803 345.188 333.881 276.352 342.149 330.781
351.559 351.197 353.46 323.462 379.446 354.237 304.346 330.39 298.274 328.873 299.56 272.311 273.968 322.975 325.641 327.054 349.061 331.701 354.834 353.977 351.236 354.618 314.215 366.865 353.273 340.407 279.864 287.953 272.588 323.679 273.502 290.61 315.267 316.539 338.181 327.101 343.424 337.6 319.105 317.855 340.861 318.896 274.754 309.383 272.211 275.8 274.417 324.828 321.849 313.504 316.554 330.152 324.776 324.54 314.645 265.511 283.534 314.866 282.819 284.772 284.449 291.187 301.598 346.724 352.793 338.913 353.688
302.3 379.498 355.294 384.038 344.872 380.077 383.191 326.298 328.238 324.375 325.786 339.899 276.679 355.529 314.081 319.625 347.607 346.64 373.45 368.738 353.774 354.01 348.871 364.238 334.149 298.535 330.555 317.216 315.027 306.235 311.011 341.657 336.853 340.284 336.431 262.938 277.63 298.698 287.511 303.401 304.697 330.002 323.544 306.3 320.415 327.885 331.173 306.575 331.027 325.747 308.336 312.872 337.395 316.526 315.896 352.325 324.634 332.193 323.544 291.576 357.038 354.485 353.135 355.76 389.095 341.669 304.476
284.907 285.533 389.463 385.968 387.67 367.239 358.069 382.292 354.184 317.09 355.937 287.632 287.443 328.904 334.569 336.23 329.386 337.048 340.005 319.845 351.381 375.906 355.056 351.538 352.718 352.51 349.623 324.163 328.233 327.334 305.332 339.2 352.012 344.713 309.873 246.875 247.265 278.525 278.732 313.969 269.111 323.538 325.362 321.03 322.494 324.769 326.797 337.282 329.665 323.65 305.141 330.373 346.938 337.001 334.33 353.633 353.837 328.346 348.422 347.821 354.51 312.056 378.306 364.17 372.365 331.74 307.607
354.984 373.459 364.697 354.94 361.962 390.771 389.357 385.431 383.458 351.868 338.673 305.005 310.903 330.817 333.271 347.229 341.921 339.854 329.851 351.378 348.07 384.586 355.483 354.651 361.858 352.225 331.454 328.897 331.578 310.6 340.282 337.806 344.733 338.519 314.995 247.165 248.475 247.741 263.291 314.51 276.257 324.75 312.597 275.26 313.949 330.414 325.364 335.62 331.552 325.25 310.985 355.353 334.84 331.787 338.122 305.915 353.536 304.946 356.503 354.033 299.672 301.65 357.914 368.652 370.368 354.524 332.569
354.972 355.189 354.315 354.82 358.129 356.254 367.226 373.054 377.08 383.081 388.88 381.894 305.503 353.811 339.767 338.765 271.439 343.81 341.123 354.694 348.592 381.069 355.285 361.049 354.593 289.12 314.612 317.932 326.13 330.954 340.909 333.286 339.57 335.416 315.689 249.086 247.139 247.375 263.28 306.593 275.953 330.199 292.636 306.859 312.322 309.681 331.551 343.002 329.082 314.374 308.103 355.022 355.133 311.996 338.545 292.212 355.043 350.178 280.827 351.189 355.322 304.277 379.544 398.046 403.183 363.013 339.93
354.456 353.77 351.766 354.464 354.955 355.487 363.918 367.052 391.066 366.132 390.203 383.324 383.396 358.871 285.851 284.668 304.074 338.778 372.056 355.419 343.436 350.535 354.851 354.841 357.041 332.08 320.108 339.323 334.351 339.811 332.338 312.348 337.862 328.205 320.394 310.463 317.242 316.143 250.279 303.008 273.197 323.525 329.486 315.289 312.114 332.786 306.742 340.485 346.039 309.796 309.558 354.787 350.921 319.648 340.933 333.023 358.57 351.636 299.884 351.804 307.275 309.663 381.091 378.747 326.536 357.929 326.355
353.154 347.881 354.489 355.162 354.66 355.694 357.343 356.384 367.046 338.632 386.647 389.916 364.487 310.538 306.169 305.55 350.533 340.293 362.095 353.952 351.104 353.654 368.392 355.198 329.773 355.129 338.199 332.717 336.142 312.138 311.242 339.186 338.167 326.199 306.533 246.255 280.733 247.47 263.404 301.893 272.852 310.507 314.087 322.609 308.581 376.302 355.179 334.318 335.477 321.543 308.485 351.233 350.816 355.459 334.76 326.442 355.51 354.955 347.074 293.7 309.716 381.902 343.597 389.035 403.049 347.454 313.536
