static/jobfarm/user_models/minyf/common/HOME-GBHM/输出文件/Output/Grids/soilWaterDepth20020226.asc
ncols 221
nrows 204
xllcorner -627000.0
yllcorner 3955000.0
cellsize 900.0
NODATA_value -9999.0
[rows 90 to 119 of 204, columns 134 to 200 of 221]
304.244 306.457 320.164 304.51 332.327 304.658 355.941 354.656 358.511 364.598 355.203 354.092 353.514 394.217 388.697 392.387 315.865 262.193 315.324 280.907 289.517 295.179 330.023 289.269 335.617 336.725 322.86 339.297 334.744 305.902 305.269 341.399 268.326 323.556 337.731 317.163 396.704 391.228 397.444 401.113 397.581 295.355 289.963 284.981 277.766 297.984 275.421 279.921 297.822 279.461 -9999.0 -9999.0 -9999.0 -9999.0 -9999.0 -9999.0 -9999.0 -9999.0 -9999.0 -9999.0 -9999.0 -9999.0 -9999.0 -9999.0 -9999.0 -9999.0 -9999.0
269.172 306.978 340.643 308.708 338.85 292.978 307.173 364.646 361.783 361.87 358.433 354.607 359.361 353.896 316.497 370.078 283.679 260.669 262.428 305.528 294.992 400.918 289.406 309.215 309.981 321.216 318.333 329.352 252.284 334.617 323.695 324.439 317.917 301.05 336.288 338.739 398.662 395.65 397.093 397.414 398.316 306.867 322.364 324.635 329.709 278.507 273.111 274.827 288.284 -9999.0 -9999.0 -9999.0 -9999.0 -9999.0 -9999.0 -9999.0 -9999.0 -9999.0 -9999.0 -9999.0 -9999.0 -9999.0 -9999.0 -9999.0 -9999.0 -9999.0 -9999.0
344.938 276.225 340.641 306.642 299.684 308.023 355.044 357.275 343.92 352.759 296.012 353.82 353.026 354.329 353.665 378.509 284.067 282.412 262.791 280.054 321.881 306.477 329.65 289.25 307.598 341.494 338.14 339.258 253.94 320.201 285.934 282.515 315.371 306.154 336.339 320.923 400.159 397.207 402.858 399.741 407.006 405.074 399.861 399.85 325.51 278.753 277.941 264.793 281.126 281.573 -9999.0 -9999.0 -9999.0 -9999.0 -9999.0 -9999.0 -9999.0 -9999.0 -9999.0 -9999.0 -9999.0 -9999.0 -9999.0 -9999.0 -9999.0 -9999.0 -9999.0
336.85 290.642 315.466 308.613 283.225 361.15 354.011 352.071 297.61 312.35 350.228 296.257 353.065 354.548 355.944 376.094 303.211 282.882 280.421 351.724 267.772 293.728 279.673 314.806 338.717 340.705 335.769 318.543 244.05 303.038 281.465 326.982 332.598 296.121 334.142 317.092 397.232 399.296 422.025 405.255 406.93 295.327 407.227 404.287 352.938 395.447 394.095 394.75 308.44 320.818 294.426 310.165 -9999.0 -9999.0 -9999.0 -9999.0 -9999.0 -9999.0 -9999.0 -9999.0 -9999.0 -9999.0 -9999.0 -9999.0 -9999.0 -9999.0 -9999.0
295.718 278.163 317.99 310.228 282.52 283.446 316.284 353.528 330.217 334.664 354.469 350.995 353.94 351.387 354.334 381.082 273.463 272.167 308.674 350.024 278.906 279.679 279.884 269.036 328.898 330.299 340.29 346.426 253.322 253.411 278.421 318.518 281.605 318.951 325.929 316.955 328.384 418.451 411.152 293.498 316.412 321.894 295.62 398.228 398.918 303.407 355.637 398.016 336.936 311.253 305.135 299.152 -9999.0 -9999.0 -9999.0 -9999.0 -9999.0 -9999.0 -9999.0 -9999.0 -9999.0 -9999.0 -9999.0 -9999.0 -9999.0 -9999.0 -9999.0
265.113 316.471 308.004 283.593 299.986 281.954 334.018 343.893 354.857 343.56 356.322 355.18 374.676 383.887 362.264 387.004 294.805 286.31 290.372 370.592 284.007 283.582 310.188 270.524 331.257 327.388 333.015 348.077 271.263 253.733 286.975 331.384 320.798 285.535 331.207 316.164 337.288 331.031 407.802 398.611 398.1 397.986 399.082 397.68 405.724 380.726 303.199 407.942 407.312 397.475 398.188 327.053 -9999.0 -9999.0 -9999.0 -9999.0 -9999.0 -9999.0 -9999.0 -9999.0 -9999.0 -9999.0 -9999.0 -9999.0 -9999.0 -9999.0 -9999.0
288.901 345.166 293.524 342.24 311.455 346.973 323.955 357.598 367.736 298.721 354.822 355.214 305.336 383.188 390.112 388.821 389.784 371.069 369.564 384.435 336.836 350.6 268.444 312.344 317.604 317.276 329.806 316.555 320.777 342.317 333.553 332.971 314.295 329.184 252.869 339.636 316.814 315.595 341.452 290.649 290.936 405.127 348.167 349.693 402.209 397.633 396.403 394.559 396.654 311.807 406.557 412.441 -9999.0 -9999.0 -9999.0 -9999.0 -9999.0 -9999.0 -9999.0 -9999.0 -9999.0 -9999.0 -9999.0 -9999.0 -9999.0 -9999.0 -9999.0
288.805 315.465 285.452 352.46 309.196 300.046 301.379 307.42 311.547 367.632 386.997 388.649 386.041 377.627 387.883 389.317 384.723 379.789 379.502 356.585 387.504 379.243 299.269 333.223 317.441 305.809 363.288 351.297 353.013 339.043 259.946 250.185 321.794 329.065 315.254 313.18 253.419 316.469 324.8 361.978 292.033 323.929 321.695 321.351 331.187 384.169 309.395 395.723 406.553 397.966 385.806 407.183 -9999.0 -9999.0 -9999.0 -9999.0 -9999.0 -9999.0 -9999.0 -9999.0 -9999.0 -9999.0 -9999.0 -9999.0 -9999.0 -9999.0 -9999.0
313.398 298.412 308.306 363.558 350.723 367.374 367.079 265.997 281.485 363.315 389.298 389.517 364.756 377.142 388.464 379.501 391.202 372.291 290.774 388.655 385.188 365.404 360.205 376.178 367.847 298.891 356.901 350.116 354.804 353.621 329.899 311.483 312.301 322.139 254.313 311.058 254.014 256.019 307.103 335.525 374.237 330.208 319.96 322.414 384.708 337.323 396.299 311.447 310.747 396.38 361.344 387.378 -9999.0 -9999.0 -9999.0 -9999.0 -9999.0 -9999.0 -9999.0 -9999.0 -9999.0 -9999.0 -9999.0 -9999.0 -9999.0 -9999.0 -9999.0
298.965 307.826 282.685 286.119 364.574 359.125 355.713 368.491 349.528 367.762 355.883 355.832 353.79 365.084 362.258 370.013 355.366 368.489 369.749 276.655 365.778 383.08 335.924 353.929 300.474 299.11 356.692 353.26 382.772 332.283 315.568 318.374 326.914 333.197 264.939 392.716 291.355 294.729 341.812 319.82 390.804 395.907 309.878 392.521 380.608 410.192 340.498 408.96 406.501 314.161 356.981 388.626 -9999.0 -9999.0 -9999.0 -9999.0 -9999.0 -9999.0 -9999.0 -9999.0 -9999.0 -9999.0 -9999.0 -9999.0 -9999.0 -9999.0 -9999.0
277.065 285.526 284.789 285.499 342.115 352.275 360.189 361.22 365.945 291.97 358.065 369.517 370.142 362.413 367.722 363.557 329.989 357.896 308.446 364.271 359.138 372.494 355.307 346.729 335.388 373.887 361.28 349.924 361.039 338.821 320.988 324.403 323.306 331.766 292.909 290.735 289.616 329.897 293.419 312.926 311.34 308.582 396.624 397.577 391.712 424.622 389.547 422.277 388.28 389.29 386.337 394.304 398.565 392.79 -9999.0 -9999.0 -9999.0 -9999.0 -9999.0 -9999.0 -9999.0 -9999.0 -9999.0 -9999.0 -9999.0 -9999.0 -9999.0
283.607 269.385 293.736 283.338 293.449 337.545 297.986 301.851 343.889 326.058 384.743 365.962 387.576 375.856 384.714 369.394 278.776 367.399 351.873 357.001 370.554 353.387 373.461 346.498 301.388 367.144 355.452 359.53 334.846 329.438 332.526 323.669 317.798 324.919 310.473 399.663 423.689 380.964 311.658 401.105 395.674 393.626 392.954 314.873 385.307 388.575 403.206 425.507 427.142 422.347 423.251 404.974 315.053 415.324 -9999.0 -9999.0 -9999.0 -9999.0 -9999.0 -9999.0 -9999.0 -9999.0 -9999.0 -9999.0 -9999.0 -9999.0 -9999.0
334.138 270.607 284.926 279.504 270.797 263.816 264.886 275.281 344.53 264.214 353.547 337.673 285.993 353.839 334.57 385.413 358.277 302.491 371.05 354.449 354.457 356.739 361.889 363.728 310.572 368.484 360.921 317.897 253.534 319.69 294.659 307.343 335.014 396.571 400.347 355.073 332.578 319.761 397.804 394.678 290.449 293.775 349.337 400.782 410.795 388.321 335.927 403.298 410.845 406.106 399.842 402.933 403.641 391.784 -9999.0 -9999.0 -9999.0 -9999.0 -9999.0 -9999.0 -9999.0 -9999.0 -9999.0 -9999.0 -9999.0 -9999.0 -9999.0
334.132 338.752 281.682 287.193 266.385 266.303 270.949 270.128 263.984 342.545 298.814 327.581 280.94 354.585 281.178 349.116 357.358 352.62 354.592 353.525 356.904 360.191 371.065 368.84 366.693 303.097 354.642 311.827 252.711 321.127 311.36 384.664 389.115 318.148 402.214 404.566 405.247 413.153 394.127 328.994 390.959 295.25 365.505 376.257 377.544 329.92 327.26 402.895 368.407 399.408 406.687 394.784 333.942 346.496 -9999.0 -9999.0 -9999.0 -9999.0 -9999.0 -9999.0 -9999.0 -9999.0 -9999.0 -9999.0 -9999.0 -9999.0 -9999.0
270.336 305.927 334.751 337.74 313.391 296.187 295.229 297.35 272.205 268.725 264.856 328.348 305.711 291.424 315.661 308.428 373.769 349.311 355.256 353.188 361.113 361.731 361.473 361.244 355.274 355.184 382.763 338.072 315.746 311.605 315.125 323.6 380.647 303.354 327.143 403.951 412.866 407.03 288.904 393.808 310.397 308.32 289.939 421.109 395.866 315.593 336.757 394.801 366.217 317.907 396.204 380.432 340.921 333.644 344.501 -9999.0 -9999.0 -9999.0 -9999.0 -9999.0 -9999.0 -9999.0 -9999.0 -9999.0 -9999.0 -9999.0 -9999.0
336.458 313.912 311.684 320.008 296.814 299.487 291.089 295.699 293.003 288.917 268.371 320.595 316.727 285.646 287.936 296.145 353.553 350.972 352.142 350.578 276.452 358.949 307.297 358.072 352.744 376.31 346.557 334.226 321.089 323.051 322.687 404.811 310.041 301.951 354.012 396.654 402.241 310.425 324.93 289.471 289.122 377.037 382.119 337.136 293.872 298.784 318.515 390.643 310.183 339.239 309.961 337.776 304.514 314.331 336.289 -9999.0 -9999.0 -9999.0 -9999.0 -9999.0 -9999.0 -9999.0 -9999.0 -9999.0 -9999.0 -9999.0 -9999.0
342.009 334.981 327.398 329.566 292.369 291.64 288.238 270.448 271.468 293.084 329.498 333.072 315.523 315.827 316.849 302.462 353.214 356.294 352.293 333.703 326.735 328.407 295.991 315.906 321.375 334.228 350.156 336.187 329.357 290.108 326.884 310.131 292.555 256.532 394.206 399.716 296.957 398.602 316.391 404.929 310.126 310.997 294.881 314.634 308.942 275.437 313.901 392.513 330.11 336.135 275.107 320.225 313.39 321.506 318.649 -9999.0 -9999.0 -9999.0 -9999.0 -9999.0 -9999.0 -9999.0 -9999.0 -9999.0 -9999.0 -9999.0 -9999.0
312.055 326.906 335.38 314.688 288.869 350.94 285.364 346.195 292.69 294.54 317.463 316.952 331.636 316.955 290.353 318.134 374.619 361.809 350.879 318.341 306.652 295.411 269.526 343.684 335.112 333.376 332.275 335.088 300.537 313.961 297.031 278.464 324.185 386.83 292.116 319.144 403.823 406.131 406.56 397.926 421.913 423.563 295.317 416.754 401.901 395.284 339.208 323.135 326.694 273.966 310.046 312.4 391.663 311.577 -9999.0 -9999.0 -9999.0 -9999.0 -9999.0 -9999.0 -9999.0 -9999.0 -9999.0 -9999.0 -9999.0 -9999.0 -9999.0
330.732 326.378 322.272 349.088 330.496 292.137 341.43 333.899 342.602 342.789 311.219 328.622 317.709 272.568 293.875 288.706 343.709 320.149 333.366 313.567 347.483 350.976 252.112 292.09 282.978 287.147 284.619 327.545 329.587 320.129 326.447 317.08 256.82 397.818 350.159 407.048 417.678 407.793 380.985 352.395 424.324 386.882 314.51 294.373 291.17 407.164 339.244 317.72 343.632 339.144 336.91 314.412 291.812 304.565 305.425 -9999.0 -9999.0 -9999.0 -9999.0 -9999.0 -9999.0 -9999.0 -9999.0 -9999.0 -9999.0 -9999.0 -9999.0
330.228 320.105 350.425 351.868 353.979 326.206 330.903 329.814 312.574 330.694 291.881 328.136 291.875 299.263 338.613 276.648 319.887 336.879 303.467 298.855 322.063 319.887 253.271 334.157 301.115 266.879 266.542 288.828 328.375 329.132 318.793 335.186 394.337 402.824 304.189 302.296 407.87 386.794 326.319 418.295 338.454 335.138 294.916 379.562 314.207 294.957 331.034 348.456 312.826 315.663 387.604 392.948 294.419 294.439 301.136 -9999.0 -9999.0 -9999.0 -9999.0 -9999.0 -9999.0 -9999.0 -9999.0 -9999.0 -9999.0 -9999.0 -9999.0
331.44 333.662 334.832 348.681 343.342 338.95 346.959 339.254 349.277 347.39 324.143 332.572 312.775 277.042 268.489 343.75 306.183 335.415 324.488 316.983 327.335 324.698 300.273 304.332 298.259 304.865 266.965 303.322 330.311 317.766 326.446 318.385 318.284 321.65 316.533 403.181 403.02 367.249 326.238 401.355 294.376 297.01 294.426 318.228 317.163 315.886 354.749 323.932 390.814 399.513 399.973 398.254 396.733 296.392 302.133 -9999.0 -9999.0 -9999.0 -9999.0 -9999.0 -9999.0 -9999.0 -9999.0 -9999.0 -9999.0 -9999.0 -9999.0
335.671 333.877 338.741 345.9 326.188 333.755 337.837 344.404 364.758 366.992 347.501 284.722 270.38 263.316 268.934 347.198 352.324 309.966 321.902 312.051 331.616 324.954 301.582 270.023 305.237 268.186 270.204 270.063 339.592 315.212 329.963 316.45 317.686 316.25 394.274 301.648 405.964 386.625 325.758 398.427 293.867 296.695 391.102 306.897 306.276 259.932 328.36 312.45 320.81 401.577 404.837 404.532 301.74 -9999.0 -9999.0 -9999.0 -9999.0 -9999.0 -9999.0 -9999.0 -9999.0 -9999.0 -9999.0 -9999.0 -9999.0 -9999.0 -9999.0
331.627 338.248 330.551 341.996 359.505 278.937 342.743 265.536 344.484 346.103 303.545 303.149 306.853 272.867 236.507 323.201 312.555 319.19 321.461 316.185 332.848 326.281 300.27 269.466 270.0 317.492 318.131 293.778 322.957 317.194 337.017 329.727 328.935 329.991 355.777 407.71 427.446 331.895 331.31 400.998 317.085 386.864 309.956 311.296 287.439 261.351 336.8 327.862 310.914 394.786 401.224 404.064 301.462 -9999.0 -9999.0 -9999.0 -9999.0 -9999.0 -9999.0 -9999.0 -9999.0 -9999.0 -9999.0 -9999.0 -9999.0 -9999.0 -9999.0
324.417 340.857 331.633 353.21 354.77 281.263 330.939 283.753 347.11 381.123 279.484 297.511 294.672 275.607 237.738 239.462 307.169 318.458 318.931 331.611 318.343 302.52 268.231 292.851 314.685 317.413 317.013 332.822 340.553 312.91 322.969 331.373 331.302 332.642 384.824 405.066 331.608 325.523 402.293 392.603 318.761 319.314 295.955 264.401 330.18 266.031 316.571 350.384 351.578 399.285 418.225 397.386 361.198 -9999.0 -9999.0 -9999.0 -9999.0 -9999.0 -9999.0 -9999.0 -9999.0 -9999.0 -9999.0 -9999.0 -9999.0 -9999.0 -9999.0
289.427 294.284 266.106 333.148 359.058 337.475 330.989 283.58 365.801 379.538 377.39 384.561 351.123 323.442 337.699 325.939 329.893 302.45 262.816 287.761 261.595 260.248 327.002 330.03 259.443 328.537 318.184 333.187 261.547 331.797 261.743 246.946 261.221 309.195 323.511 325.867 338.77 337.557 314.069 395.282 346.764 405.569 353.918 350.833 326.255 334.348 329.042 328.616 339.786 406.622 407.035 406.539 383.162 -9999.0 -9999.0 -9999.0 -9999.0 -9999.0 -9999.0 -9999.0 -9999.0 -9999.0 -9999.0 -9999.0 -9999.0 -9999.0 -9999.0
289.341 313.574 333.773 265.863 282.568 280.392 280.833 322.119 283.596 353.513 345.373 341.503 292.081 290.462 304.061 307.889 249.2 251.127 288.947 272.048 291.262 278.559 322.187 313.533 308.478 343.515 310.46 321.442 320.118 268.29 262.384 245.764 290.669 284.325 329.307 339.666 333.804 333.224 337.871 342.525 339.694 292.579 310.553 306.946 294.661 331.717 325.945 327.057 336.96 406.132 407.039 349.666 390.114 326.992 -9999.0 -9999.0 -9999.0 -9999.0 -9999.0 -9999.0 -9999.0 -9999.0 -9999.0 -9999.0 -9999.0 -9999.0 -9999.0
342.803 291.718 335.077 336.869 330.932 281.217 350.088 281.605 342.0 338.624 340.195 340.003 309.533 303.71 252.954 310.519 299.985 306.149 272.789 294.192 263.98 252.18 320.156 309.378 304.976 311.161 319.588 321.279 261.93 259.38 258.215 313.453 294.619 290.116 351.748 330.615 339.392 332.015 312.441 302.673 331.244 344.225 343.802 308.827 319.26 335.789 308.668 335.98 338.029 340.185 338.955 367.329 339.242 326.442 -9999.0 -9999.0 -9999.0 -9999.0 -9999.0 -9999.0 -9999.0 -9999.0 -9999.0 -9999.0 -9999.0 -9999.0 -9999.0
332.525 368.658 321.685 337.886 282.088 330.844 281.695 369.668 397.022 366.52 362.813 307.013 310.291 329.433 333.522 329.506 329.111 332.681 311.299 293.675 259.04 288.146 320.141 343.607 322.163 313.791 326.956 324.082 267.354 262.271 312.951 287.737 272.718 272.419 326.747 331.948 334.031 331.009 312.472 300.539 328.079 338.156 331.522 311.143 369.722 344.242 346.794 362.796 321.937 342.581 344.064 336.321 356.232 325.398 -9999.0 -9999.0 -9999.0 -9999.0 -9999.0 -9999.0 -9999.0 -9999.0 -9999.0 -9999.0 -9999.0 -9999.0 -9999.0
369.622 295.516 337.419 340.267 345.874 320.345 347.654 371.181 371.481 381.44 385.856 310.732 291.923 311.406 334.802 343.175 252.82 252.516 252.346 262.534 310.899 261.721 346.974 342.273 324.771 309.319 320.755 325.647 263.936 273.084 288.164 283.359 263.789 308.934 327.008 332.043 337.038 341.228 355.293 346.268 331.483 337.105 336.845 365.33 323.943 365.466 357.34 323.097 319.265 289.346 329.227 338.194 405.356 323.769 -9999.0 -9999.0 -9999.0 -9999.0 -9999.0 -9999.0 -9999.0 -9999.0 -9999.0 -9999.0 -9999.0 -9999.0 -9999.0
346.295 315.28 337.521 267.56 347.666 299.781 344.57 338.515 367.018 395.725 400.568 321.459 305.122 319.046 315.818 360.515 252.161 251.504 270.112 248.414 319.013 249.893 322.297 330.894 318.238 314.157 308.311 321.09 248.612 263.966 286.981 273.435 268.645 262.066 327.002 326.179 330.545 334.531 354.71 351.727 338.482 337.451 337.447 365.716 351.818 352.447 333.286 353.776 352.326 290.054 313.004 396.545 327.405 -9999.0 -9999.0 -9999.0 -9999.0 -9999.0 -9999.0 -9999.0 -9999.0 -9999.0 -9999.0 -9999.0 -9999.0 -9999.0 -9999.0
