static/jobfarm/user_models/minyf/common/HOME-GBHM/输出文件/Output/Grids/soilWaterDepth20020227.asc
ncols 221
nrows 204
xllcorner -627000.0
yllcorner 3955000.0
cellsize 900.0
NODATA_value -9999.0
[rows 90 to 119 of 204, columns 67 to 133 of 221]
285.887 281.7 273.173 294.727 358.504 362.1 373.947 374.713 386.128 387.368 383.496 301.129 385.681 338.336 383.993 325.072 378.174 370.36 357.733 342.286 352.169 350.404 343.901 342.588 339.998 340.68 340.717 351.964 351.762 283.37 251.697 306.074 274.666 315.367 286.029 296.265 297.422 312.885 318.281 316.678 310.132 305.0 288.187 296.856 297.126 271.058 283.326 252.929 289.775 259.371 259.537 266.996 345.913 332.076 317.144 308.366 296.79 309.617 276.47 329.265 329.503 333.158 354.02 331.367 271.387 328.265 261.29
282.456 288.136 279.315 363.215 373.227 371.446 364.261 378.406 392.345 390.926 385.061 386.07 387.32 377.78 383.822 364.803 382.139 380.95 352.232 352.478 356.91 352.943 255.145 339.723 340.609 344.841 345.784 354.456 354.125 350.805 351.285 350.489 316.305 304.581 303.431 284.043 317.199 265.566 323.553 309.852 314.959 305.649 290.859 284.485 281.875 259.724 292.669 294.302 259.818 283.254 267.061 307.994 273.943 310.834 296.535 279.85 295.744 306.973 304.352 311.476 315.191 305.002 308.797 310.652 287.523 329.831 303.034
282.646 341.499 368.844 377.297 303.815 373.612 376.159 370.158 389.125 390.038 389.04 386.879 383.208 384.999 382.037 285.38 380.417 354.793 349.884 255.927 351.069 342.386 338.675 349.466 338.227 352.238 353.343 319.899 325.83 251.764 314.359 251.798 303.706 303.437 320.202 284.912 283.975 284.966 308.302 277.967 306.743 296.351 293.153 260.392 290.461 330.061 321.868 260.684 290.288 277.544 280.388 279.28 279.241 301.027 291.629 330.384 329.641 338.675 300.403 298.787 269.43 270.82 286.843 339.397 287.618 330.461 330.377
349.238 290.633 294.633 311.054 286.759 367.203 370.575 379.672 377.098 386.958 389.916 388.837 386.603 380.673 366.473 386.136 385.044 354.411 343.337 338.952 338.444 338.067 354.758 345.177 347.169 350.86 347.21 346.906 312.833 296.208 251.824 282.252 276.188 276.427 303.204 287.202 300.685 291.738 291.546 332.41 322.89 303.382 286.944 324.716 311.942 258.757 259.343 262.482 258.53 262.49 267.622 270.665 331.843 330.351 331.909 315.553 310.247 312.119 332.21 333.236 333.885 344.776 299.901 299.078 298.03 338.172 280.498
314.966 289.99 311.274 308.885 290.193 372.179 380.26 370.594 379.534 374.085 380.573 390.885 390.241 392.244 391.116 389.421 306.629 354.306 353.974 344.27 345.168 333.523 358.611 353.94 354.542 328.698 321.205 318.172 324.293 312.319 311.627 317.706 252.21 295.099 286.014 300.041 301.718 301.23 297.174 298.417 304.304 304.14 265.6 312.231 272.176 274.967 272.968 268.386 263.868 266.081 268.794 303.771 304.069 292.732 291.65 290.041 288.658 313.272 293.042 266.939 333.613 332.241 333.6 332.158 333.433 331.735 266.813
279.051 286.9 289.676 290.78 327.606 318.301 373.518 374.306 374.135 376.339 377.56 374.948 387.074 391.844 391.322 382.323 305.833 355.134 333.005 348.069 351.357 351.694 351.03 351.115 326.274 328.328 327.328 318.459 316.293 291.937 287.115 293.628 289.596 283.154 287.068 327.672 308.738 290.287 294.143 301.91 302.183 301.98 269.115 317.093 273.365 274.133 273.27 265.676 265.5 265.435 283.685 283.915 280.198 296.263 308.233 309.351 302.251 299.965 279.338 267.232 339.983 268.963 301.671 313.326 348.797 335.056 270.668
270.549 277.765 284.885 281.806 273.86 345.953 342.955 346.53 350.907 328.865 338.152 382.765 388.578 382.381 386.902 381.898 378.952 355.255 352.124 282.227 353.274 322.911 328.053 299.935 299.303 320.185 305.586 282.777 271.373 322.771 330.869 332.142 331.965 326.545 353.376 352.63 295.344 373.522 346.226 269.755 317.302 307.457 317.387 319.518 315.401 286.438 278.4 277.887 297.892 303.391 341.914 341.479 331.362 332.937 321.182 331.928 275.544 342.776 279.18 275.711 263.649 259.615 261.372 258.941 267.275 263.143 348.58
298.403 277.562 286.634 281.463 282.135 302.802 359.211 354.227 373.499 317.93 331.472 332.062 381.127 381.212 389.698 386.103 355.747 385.579 353.08 354.859 322.215 325.169 318.012 251.085 245.047 251.25 245.256 289.984 287.445 325.53 337.698 316.759 352.713 296.721 356.814 346.934 328.335 313.362 271.556 352.96 353.471 325.532 316.657 335.217 333.115 331.406 333.846 295.921 333.602 329.263 351.544 345.238 342.357 287.521 285.146 348.964 283.843 289.551 333.466 260.205 277.619 256.642 263.6 255.824 252.944 332.029 337.569
281.635 319.774 284.822 298.473 281.51 354.254 270.089 343.857 345.153 345.966 363.858 351.799 372.659 379.77 384.196 382.18 376.87 367.253 354.679 359.147 354.356 271.633 347.077 349.13 354.818 271.2 244.231 245.254 289.87 324.794 330.928 329.775 352.922 372.326 354.853 304.74 321.665 304.54 309.968 306.802 305.321 346.887 288.055 352.221 337.727 332.618 332.411 338.122 333.936 331.974 352.588 335.81 272.367 295.224 293.785 291.877 307.136 285.172 295.876 266.462 262.59 259.955 258.95 277.438 265.23 289.198 338.009
302.75 265.819 366.307 361.743 365.628 352.427 347.884 289.858 294.761 341.491 354.951 356.214 304.464 340.474 378.977 383.555 379.517 360.719 383.1 385.943 357.343 351.372 354.014 265.783 314.271 309.539 317.29 245.845 289.999 354.845 355.416 361.26 385.521 352.968 333.466 317.715 313.308 318.014 323.781 313.325 308.612 332.632 343.98 301.203 309.057 282.253 322.538 295.477 326.004 353.742 297.775 313.184 334.148 358.417 341.067 271.465 331.88 292.472 296.096 271.468 256.02 331.912 257.791 260.096 258.306 286.82 344.096
308.684 281.895 297.767 363.313 349.764 269.308 292.904 294.68 337.109 349.385 355.578 356.498 341.933 334.387 340.879 349.685 339.526 364.766 353.278 351.548 354.124 355.495 354.973 276.394 251.716 251.94 251.839 251.834 281.643 354.422 347.157 354.954 354.625 354.935 351.437 328.356 317.836 321.093 320.196 317.358 312.729 332.1 312.499 279.371 307.247 276.394 279.787 319.529 353.386 361.957 293.688 272.69 351.291 356.806 362.281 272.121 286.978 333.826 296.595 272.594 261.954 333.233 328.972 257.636 257.901 277.906 331.616
263.711 282.327 339.571 279.294 284.378 323.391 337.485 324.919 344.3 349.001 359.48 354.981 338.294 320.624 322.536 353.75 347.643 363.975 274.396 265.547 351.421 353.401 351.08 348.368 350.886 250.108 274.744 273.696 280.843 355.44 354.26 351.706 327.645 316.009 315.64 319.554 317.959 317.882 319.326 323.567 354.75 341.479 318.649 323.792 285.143 319.829 281.57 303.212 352.111 273.11 334.597 334.24 334.712 274.066 353.088 292.424 289.13 331.001 291.185 263.937 266.53 292.632 260.949 330.105 256.819 265.767 332.097
264.017 349.351 265.733 264.895 264.472 300.58 341.48 334.446 336.391 360.404 348.787 341.317 344.206 339.247 353.238 337.987 335.248 352.651 351.086 265.564 265.553 265.542 353.005 354.002 353.881 353.484 353.764 354.739 364.48 351.014 354.503 350.267 352.682 354.751 354.707 325.352 330.243 309.315 355.7 355.075 352.11 294.712 294.683 286.862 287.027 283.022 284.401 291.952 282.793 287.789 266.629 266.519 291.371 331.604 330.822 278.789 277.084 330.392 332.177 278.992 303.494 314.042 265.19 264.527 331.535 337.974 265.384
267.059 267.484 265.89 275.935 275.505 277.646 304.941 319.654 327.29 339.176 340.561 353.185 323.381 326.33 325.568 252.692 339.158 357.357 352.479 360.159 352.683 353.594 353.417 353.435 354.807 354.232 354.005 353.166 352.301 282.66 350.545 275.654 354.776 354.283 354.612 350.246 352.003 354.289 354.289 344.662 333.104 317.803 295.984 274.622 331.983 297.394 296.178 269.041 313.942 285.224 266.252 268.285 266.253 308.14 329.614 334.008 334.142 336.742 338.592 300.235 340.594 324.873 263.184 344.975 331.442 359.555 345.308
272.702 273.265 274.455 265.784 269.335 332.364 343.547 327.357 317.797 336.495 324.135 337.993 322.928 326.331 344.178 336.134 324.886 326.137 358.56 354.195 355.262 354.577 354.462 352.307 350.089 354.792 353.208 353.811 355.416 351.936 354.787 354.873 287.812 354.863 353.697 350.478 351.804 351.613 350.52 338.178 343.184 294.346 285.169 332.464 285.788 285.822 287.486 268.128 290.795 297.83 266.596 266.238 266.352 296.236 299.433 331.762 330.022 336.8 333.895 284.59 311.71 314.515 304.132 263.361 284.023 356.637 296.469
274.04 264.871 267.555 264.691 264.894 282.321 283.482 334.933 327.357 321.597 329.154 327.848 329.424 328.671 319.9 335.113 333.902 378.111 363.82 353.63 352.361 353.86 371.943 354.884 354.65 353.837 354.51 304.464 350.827 354.779 278.691 279.633 289.491 353.08 351.695 356.317 355.716 354.975 341.802 364.05 359.188 356.819 331.523 332.584 270.542 286.973 297.583 297.128 265.744 266.797 265.751 274.11 267.516 310.23 334.057 308.8 298.497 330.932 331.878 297.78 284.024 306.1 310.334 302.647 251.075 356.757 341.722
271.473 264.989 264.453 264.923 265.169 279.55 307.355 318.719 301.735 334.87 325.175 330.184 307.087 329.014 309.729 340.036 358.102 381.456 383.258 365.579 358.571 359.72 365.313 292.833 349.748 351.212 352.966 351.095 355.442 355.368 355.652 293.652 352.326 354.779 354.901 355.193 355.12 346.224 356.965 354.915 353.981 331.596 306.429 287.199 297.656 286.681 314.251 274.324 267.043 273.229 267.543 263.952 293.797 304.585 281.34 334.085 314.781 288.404 265.081 335.21 333.58 284.587 296.273 307.171 254.346 332.342 334.987
264.441 260.022 257.548 268.932 294.473 304.767 330.93 302.667 336.302 258.742 315.278 328.78 326.923 319.423 328.044 336.615 343.789 376.886 274.653 359.379 355.425 366.827 305.114 354.217 302.033 348.12 354.003 360.362 353.023 354.843 364.936 350.11 354.133 355.403 299.424 354.718 355.485 355.2 337.307 349.946 335.45 296.946 299.156 296.296 338.1 295.509 318.814 262.328 313.557 324.413 333.132 261.095 268.411 319.547 308.7 340.244 308.775 344.045 264.438 284.62 334.805 333.801 268.407 296.524 310.149 330.516 333.891
295.399 324.456 308.433 335.376 259.488 333.658 322.852 289.598 329.631 324.665 338.962 309.375 302.639 315.688 311.845 335.955 337.64 376.041 383.133 381.07 361.121 374.231 373.114 344.826 327.581 281.225 350.1 276.179 275.153 282.018 281.403 282.576 353.482 353.055 330.026 355.439 358.687 355.226 350.5 357.075 343.291 290.83 286.324 281.313 336.135 282.821 285.293 336.533 320.899 310.293 338.607 325.168 332.694 278.123 307.152 337.829 330.89 335.523 293.253 336.364 325.47 308.877 337.588 269.721 313.14 331.518 332.543
283.504 317.796 318.657 313.671 317.719 286.213 288.192 290.046 284.133 331.418 314.657 342.304 313.612 314.066 305.755 310.783 335.069 354.782 384.583 373.27 382.1 378.563 366.346 346.673 317.784 307.708 352.136 314.787 275.348 280.908 280.886 290.82 291.697 353.802 348.638 347.45 348.884 353.892 282.956 351.2 351.937 351.265 333.48 332.762 271.342 281.901 286.348 324.65 321.209 308.787 344.831 323.061 347.632 336.104 335.194 336.171 318.089 300.029 312.227 341.108 304.455 315.147 284.971 333.361 333.192 344.995 317.38
297.985 300.672 321.786 311.937 325.033 297.294 293.823 320.89 329.589 285.671 333.656 324.64 326.971 311.996 306.042 305.017 316.797 353.247 285.356 381.984 384.889 373.759 375.325 341.573 336.316 291.82 324.47 250.728 251.106 338.939 259.995 252.186 304.666 315.902 316.848 311.618 348.12 313.406 333.283 361.843 361.092 287.584 315.868 312.641 304.943 294.379 287.706 319.21 324.65 310.303 326.733 311.679 277.052 310.262 309.167 332.123 295.873 330.629 296.27 338.077 292.618 302.068 284.734 316.408 334.915 334.505 332.05
331.547 349.376 315.162 312.413 326.404 250.514 304.063 358.935 282.801 321.193 279.359 260.506 336.146 322.273 319.858 338.645 318.122 312.446 353.042 370.96 377.326 372.825 379.931 332.352 313.324 291.528 288.681 315.803 316.294 317.014 320.655 327.443 303.97 306.293 312.807 328.343 316.242 316.711 313.913 331.23 340.896 324.046 300.332 299.838 299.43 302.313 301.494 326.282 323.52 314.413 326.791 312.894 323.751 274.062 271.108 259.689 270.023 344.398 303.814 326.087 331.229 347.095 301.969 290.869 282.408 340.975 342.721
335.296 352.352 320.576 323.666 348.431 314.999 356.162 353.874 288.982 321.304 291.004 269.364 347.288 324.396 321.055 345.421 343.18 331.016 339.773 348.012 268.372 364.49 378.209 332.986 295.494 294.101 278.221 283.53 278.18 270.597 293.424 319.508 318.289 309.582 307.522 299.878 330.958 335.913 333.471 335.162 338.287 295.907 270.598 265.942 273.756 304.039 302.494 318.292 315.156 316.439 334.452 320.809 329.708 272.664 272.558 273.148 283.45 350.467 294.801 286.165 288.592 354.803 345.188 331.687 275.823 342.149 330.781
351.559 351.223 353.474 323.462 379.426 354.237 300.673 330.39 295.987 328.873 297.304 270.402 272.109 322.975 322.515 324.163 349.061 331.701 354.834 354.094 351.236 354.618 315.799 366.865 353.273 338.805 278.387 286.321 270.885 323.679 271.753 288.313 327.491 314.671 338.181 327.101 342.887 337.6 316.264 314.95 340.861 316.68 272.833 309.383 270.379 274.164 272.694 324.828 321.849 313.504 316.554 330.152 324.776 324.54 314.645 264.352 281.996 314.866 282.089 283.98 283.65 290.404 300.356 346.724 351.756 338.913 353.669
300.822 379.498 355.294 384.038 342.54 380.077 383.191 326.298 328.238 324.214 321.507 339.899 274.908 355.523 312.613 318.188 347.607 346.094 372.905 368.738 353.677 354.01 348.871 364.238 332.5 297.418 330.555 317.216 315.027 306.235 311.011 337.932 339.699 340.284 336.431 262.228 276.137 297.006 286.498 301.771 302.712 330.002 323.544 306.3 320.415 327.885 331.173 304.257 331.047 325.612 308.336 310.101 347.413 313.199 315.896 352.325 320.386 332.261 322.096 290.619 357.038 354.485 353.135 355.76 389.11 341.669 302.354
284.211 284.955 389.458 385.968 387.71 367.098 358.069 382.292 354.189 317.09 355.937 285.815 285.585 328.904 334.569 336.23 326.029 337.048 340.005 318.185 351.381 375.906 355.056 351.489 352.718 352.51 349.623 324.163 328.233 327.334 304.11 339.2 352.012 344.713 309.873 246.592 246.982 277.066 277.285 312.293 268.038 323.538 325.362 321.03 322.494 324.769 326.797 337.282 329.665 323.65 305.141 330.381 346.931 337.001 334.33 353.633 353.837 328.346 348.422 347.821 354.51 310.61 378.306 364.17 372.365 331.031 306.764
354.984 373.913 364.697 354.94 361.962 390.771 389.357 385.397 383.458 351.868 336.337 302.398 307.192 330.883 333.271 347.229 341.921 339.308 329.851 351.044 348.07 384.586 355.483 354.651 361.858 352.225 331.454 328.897 331.605 308.607 340.282 337.806 344.733 338.519 314.995 246.881 248.191 247.432 262.592 313.083 274.988 324.774 312.597 273.595 313.949 330.414 325.364 335.669 331.552 325.25 310.985 355.353 334.84 331.787 338.122 303.244 353.551 302.071 356.28 354.033 298.141 300.193 354.188 368.652 370.368 354.524 332.023
354.972 355.127 354.315 354.82 358.08 356.254 367.188 373.054 377.08 383.081 388.88 381.894 304.662 353.811 339.767 338.765 270.194 343.81 341.119 354.694 348.592 381.062 355.285 360.505 354.593 288.608 314.612 317.932 326.13 330.954 340.909 333.286 339.57 335.416 315.689 248.605 246.855 247.091 262.555 304.724 274.679 330.199 290.337 306.859 312.322 309.681 331.551 343.002 329.082 314.374 308.414 355.022 355.133 311.996 338.545 289.425 355.043 350.178 280.092 351.189 355.322 303.061 379.544 398.046 403.183 363.013 337.745
354.456 353.77 351.766 354.464 354.955 355.487 363.918 367.052 391.066 366.342 390.203 383.343 383.372 358.871 285.167 283.878 303.175 338.7 372.109 355.419 341.44 350.535 354.851 354.841 357.041 332.097 316.857 339.323 334.351 339.811 332.338 312.348 337.862 328.205 320.394 310.463 317.242 316.143 249.628 300.765 271.9 323.525 329.486 312.351 312.114 332.801 303.863 340.485 346.039 309.796 309.558 354.787 350.921 316.385 340.933 333.023 358.57 351.636 298.333 351.804 306.172 308.478 381.091 378.747 325.855 357.981 325.07
353.154 347.881 354.489 355.162 354.66 355.694 357.343 356.384 367.212 336.225 386.641 389.916 364.876 309.535 305.323 304.63 347.965 340.293 361.929 353.952 351.104 353.654 368.259 355.198 329.773 355.129 338.199 332.717 336.142 312.138 311.242 339.186 338.167 326.199 306.533 245.97 279.91 247.185 262.68 299.421 271.6 310.507 314.087 322.609 308.581 376.313 352.647 330.462 335.477 321.543 308.485 351.233 350.816 355.459 334.76 323.334 355.51 354.955 347.074 292.624 308.492 381.902 341.7 389.097 403.049 343.821 312.832
