static/jobfarm/user_models/minyf/common/HOME-GBHM/输出文件/Output/Grids/soilWaterDepth20020223.asc
ncols 221
nrows 204
xllcorner -627000.0
yllcorner 3955000.0
cellsize 900.0
NODATA_value -9999.0
[rows 120 to 149 of 204, columns 67 to 133 of 221]
353.692 358.797 383.273 366.291 369.111 359.33 355.652 353.138 357.821 390.875 390.725 379.458 386.33 384.952 378.401 367.347 359.167 356.353 355.772 263.798 263.793 263.787 369.565 360.254 362.384 335.553 343.592 353.486 340.797 318.348 329.672 331.094 336.694 326.462 313.829 342.4 355.946 356.667 355.856 358.614 351.655 335.084 342.671 314.766 309.037 350.956 302.032 331.27 337.998 334.866 334.56 351.955 352.275 339.249 347.175 339.747 354.197 351.341 351.976 370.28 356.085 383.303 388.056 397.918 376.509 357.992 354.486
377.818 379.616 389.492 378.552 370.941 353.159 380.637 384.491 368.293 390.975 390.413 387.094 390.898 379.836 389.995 388.415 373.338 383.927 262.859 263.802 357.046 357.993 360.352 354.75 319.143 337.92 344.983 358.5 341.884 328.018 325.557 340.662 335.477 332.279 351.057 368.682 345.831 349.936 350.077 359.505 350.756 346.675 342.288 339.763 338.634 350.229 368.658 345.177 327.622 348.639 360.0 348.918 353.427 347.786 347.449 373.919 364.298 308.276 353.474 357.82 366.133 359.427 383.47 404.523 354.64 361.861 359.33
359.396 374.439 367.187 377.308 382.977 368.016 388.306 358.374 345.518 392.044 391.004 390.411 371.039 383.714 389.237 391.62 381.016 263.357 281.305 264.106 377.762 358.854 358.703 354.017 360.618 359.89 385.687 366.782 339.861 359.573 358.346 340.599 330.491 330.04 315.716 370.794 344.597 345.85 347.532 354.71 344.328 344.771 347.898 347.294 327.689 354.506 349.686 358.186 366.204 370.261 273.838 267.218 354.483 355.718 371.711 366.349 373.778 365.37 354.211 365.616 355.139 361.337 388.447 387.925 359.485 364.283 355.999
363.099 363.25 358.558 363.809 374.632 370.531 380.806 374.221 344.997 392.348 375.162 373.037 374.469 385.814 391.174 380.689 390.329 360.195 371.774 371.648 384.285 354.298 358.143 352.406 354.035 373.174 383.426 367.182 344.628 360.243 359.932 356.591 359.863 359.503 353.462 370.383 357.265 335.623 347.722 347.893 336.258 341.467 345.714 349.903 328.465 331.749 349.91 347.662 355.356 367.406 278.66 352.547 271.349 371.938 373.604 375.865 337.124 352.778 374.797 385.656 383.479 282.756 398.968 373.284 370.561 370.593 356.14
374.435 354.744 339.428 364.786 358.955 380.729 375.004 373.571 387.483 385.896 371.986 378.634 379.501 359.587 371.47 390.956 370.259 360.577 385.719 392.961 392.073 383.909 361.914 359.744 356.181 377.277 378.877 383.474 384.056 360.06 359.782 366.15 359.751 362.301 355.625 365.881 354.488 379.065 346.112 353.429 358.847 339.764 369.066 373.214 341.865 328.553 324.356 351.692 350.464 349.796 293.17 366.154 273.31 386.402 290.862 336.737 322.055 349.716 340.615 364.852 369.554 276.474 402.168 368.424 287.841 361.951 359.336
320.588 353.383 350.979 354.289 350.574 353.006 362.661 376.976 378.091 369.182 373.696 388.431 367.177 375.451 391.38 359.862 387.134 392.124 389.339 392.961 390.211 391.702 362.55 372.452 370.725 371.198 380.868 378.994 376.522 370.947 366.014 360.181 359.771 388.172 357.226 357.27 359.543 370.161 351.687 371.552 384.35 358.824 359.47 370.1 376.39 365.381 365.453 360.385 352.254 352.262 374.689 305.507 369.786 341.764 382.725 353.633 320.281 351.032 314.842 377.385 375.569 278.599 380.207 389.304 356.77 362.294 320.275
318.719 355.443 352.314 353.185 354.902 354.613 381.83 372.563 384.464 383.875 358.131 377.967 392.961 341.211 360.183 391.816 386.953 370.183 389.947 383.998 386.412 391.467 379.566 392.239 361.943 359.115 358.501 357.398 357.238 355.395 358.195 359.692 367.845 359.425 360.258 359.445 360.336 354.201 359.613 366.033 361.832 371.975 355.594 368.834 376.193 373.803 379.751 362.471 355.325 363.012 384.615 365.192 365.667 360.557 339.992 354.372 355.343 364.13 373.974 382.299 383.398 368.015 350.111 369.622 402.304 374.931 382.913
322.829 307.505 354.853 352.808 347.47 306.231 354.747 370.134 381.836 350.665 384.562 359.398 360.252 358.847 391.591 372.254 382.944 383.037 390.973 390.513 373.043 359.515 392.71 392.961 392.961 375.446 365.154 359.212 358.775 358.505 357.721 356.613 356.4 357.275 373.842 387.848 375.615 354.074 359.707 360.111 359.689 366.404 358.406 370.2 375.592 378.135 373.73 506.273 591.052 371.296 305.852 369.687 366.393 354.919 371.863 353.404 355.188 355.343 386.968 381.685 376.425 367.881 322.328 372.637 379.635 368.701 352.887
315.38 318.754 325.213 316.508 323.959 283.471 347.326 313.809 338.804 341.526 365.36 330.845 343.07 382.707 364.686 382.001 381.47 377.176 370.958 390.027 385.968 391.228 388.078 391.989 383.558 387.903 392.961 392.961 376.811 359.379 359.984 361.34 359.865 389.931 370.005 387.598 368.25 374.657 360.173 359.989 356.864 366.85 357.932 375.178 372.194 371.216 372.961 580.775 566.287 381.962 559.099 313.016 366.953 386.693 561.877 562.984 580.288 363.826 363.658 347.101 369.084 364.494 361.91 369.968 370.422 360.003 404.679
307.41 308.961 328.672 314.087 321.839 343.244 344.253 324.522 287.586 301.069 324.069 325.311 341.024 342.89 343.796 338.928 343.553 344.644 366.79 390.587 384.479 359.87 374.704 370.55 359.622 392.24 596.814 629.73 373.154 385.753 387.217 379.589 360.063 380.684 373.58 362.473 392.961 388.245 379.778 359.793 358.519 365.422 356.349 373.772 373.025 373.995 375.717 363.713 587.976 587.959 561.28 299.886 360.428 386.845 580.012 573.151 573.466 370.483 370.905 348.366 368.565 370.869 364.582 376.537 394.196 376.612 374.941
-9999.0 317.226 324.423 333.329 330.59 317.304 341.242 335.476 326.419 312.34 335.55 353.877 331.73 327.697 322.597 322.947 333.181 359.492 323.827 380.038 386.337 392.356 372.524 376.046 370.88 359.737 630.266 639.373 639.149 626.134 615.287 392.359 392.961 374.495 392.961 375.775 388.79 389.886 389.255 379.501 375.849 370.252 358.066 368.417 374.383 359.056 375.816 389.349 585.125 587.642 585.475 586.869 368.928 368.007 591.696 580.776 370.96 365.579 386.396 584.607 564.868 369.757 371.903 371.984 390.36 366.951 268.581
-9999.0 -9999.0 317.812 318.788 312.122 290.263 278.493 348.466 337.871 335.028 278.084 335.202 338.429 336.707 338.19 339.87 323.422 311.551 321.504 327.504 357.462 359.726 359.7 359.843 379.142 360.107 593.703 597.864 617.056 605.826 618.579 620.503 638.454 622.725 635.604 632.147 639.373 626.85 598.409 598.409 570.682 391.782 360.293 374.067 358.489 364.616 388.614 596.228 560.037 585.32 585.603 591.593 585.065 582.448 587.612 518.491 359.891 311.918 310.91 586.144 579.496 353.094 369.297 369.3 388.825 264.912 264.083
-9999.0 -9999.0 -9999.0 335.721 336.744 340.453 319.61 322.798 324.255 305.039 316.648 319.26 335.915 344.908 312.902 350.894 333.913 319.969 338.424 312.59 330.037 335.433 374.847 383.198 357.211 374.098 593.191 597.22 615.623 608.747 590.141 633.192 624.298 626.923 630.291 627.686 625.875 632.483 586.208 598.409 597.951 595.516 598.409 573.52 568.369 572.821 589.264 596.655 584.985 590.114 570.708 573.742 461.071 592.247 485.507 587.663 352.826 359.365 575.672 583.156 555.06 587.75 376.021 374.983 376.725 321.717 352.338
-9999.0 -9999.0 -9999.0 -9999.0 -9999.0 322.109 336.814 341.136 325.069 322.585 305.034 323.019 326.581 321.545 340.488 336.111 339.582 325.874 324.073 304.961 336.323 337.148 359.901 350.092 367.099 373.08 373.812 591.373 596.539 593.521 599.529 592.229 608.902 639.056 639.373 629.343 635.604 639.373 631.692 628.543 639.014 639.01 637.575 619.548 599.512 603.42 572.244 547.377 598.409 587.399 512.406 583.996 571.978 586.034 583.819 586.64 590.62 579.631 580.828 586.779 586.013 587.497 380.731 374.915 382.601 371.99 270.797
-9999.0 -9999.0 -9999.0 -9999.0 -9999.0 -9999.0 320.48 339.277 338.3 339.31 305.039 340.793 312.621 338.125 334.948 342.392 338.767 339.583 321.395 310.649 338.968 341.924 330.861 304.936 359.687 359.626 360.481 360.587 361.573 361.464 592.755 589.168 603.046 611.152 618.486 611.417 630.887 633.417 632.198 624.291 624.324 625.723 630.646 639.373 628.147 620.728 631.366 622.75 590.349 586.608 572.994 587.574 466.152 539.885 588.2 568.494 580.311 590.545 581.09 573.656 588.708 587.229 378.546 370.456 383.288 379.779 373.944
-9999.0 -9999.0 -9999.0 -9999.0 -9999.0 -9999.0 344.07 339.427 334.024 312.844 305.043 343.919 343.605 282.685 282.023 328.478 341.415 344.465 334.594 327.058 337.629 337.004 322.963 315.367 330.125 271.326 328.574 357.268 320.22 356.892 355.361 359.34 359.596 602.265 615.006 595.19 604.819 595.496 598.696 597.812 613.525 592.647 602.037 628.395 627.015 617.384 638.577 634.466 611.642 578.377 582.855 591.68 466.192 483.175 593.768 593.015 580.966 592.649 582.879 565.334 588.792 375.785 374.628 357.368 377.264 380.311 370.152
-9999.0 -9999.0 -9999.0 -9999.0 -9999.0 -9999.0 325.718 334.903 335.885 323.532 306.9 314.049 324.707 343.582 303.564 296.712 343.161 336.718 318.961 308.175 349.187 338.667 345.385 347.34 320.915 298.604 340.507 344.115 325.781 355.369 351.31 357.891 357.248 360.329 382.783 593.252 602.982 600.795 602.065 616.923 620.004 631.907 622.647 621.71 615.33 414.556 626.262 601.306 591.77 614.595 590.997 588.837 495.126 465.201 540.145 584.001 582.9 580.727 589.93 563.148 590.483 587.999 516.917 353.078 388.415 373.487 367.715
-9999.0 -9999.0 -9999.0 -9999.0 -9999.0 -9999.0 -9999.0 -9999.0 329.118 337.71 310.501 308.348 320.275 334.718 320.9 309.709 312.302 306.529 350.759 308.345 339.656 350.655 339.094 313.921 322.009 325.038 336.862 344.786 327.864 333.614 352.099 352.635 353.95 358.857 375.844 361.997 603.824 599.089 616.837 621.588 622.205 625.902 629.126 620.393 621.682 598.12 610.742 639.373 639.373 622.286 630.08 594.416 588.796 586.108 594.764 589.208 585.653 593.548 582.377 590.979 589.824 589.506 562.944 376.539 378.453 366.106 357.379
-9999.0 -9999.0 -9999.0 -9999.0 -9999.0 -9999.0 -9999.0 -9999.0 330.713 305.065 287.941 316.907 320.262 312.574 310.328 339.3 322.331 341.382 333.43 334.303 330.908 331.032 323.837 335.323 316.525 330.557 348.129 331.343 325.791 328.957 368.813 354.967 378.106 356.304 359.959 381.533 372.764 390.527 387.804 633.508 633.134 634.216 573.111 573.258 610.134 636.377 633.016 621.644 629.352 639.373 622.021 593.051 584.681 592.27 594.96 589.3 594.804 594.432 587.752 590.895 586.285 582.708 571.914 584.802 593.578 573.873 577.153
-9999.0 -9999.0 -9999.0 -9999.0 -9999.0 -9999.0 -9999.0 -9999.0 -9999.0 333.832 343.162 341.666 331.468 312.505 338.154 305.013 322.947 316.364 334.933 333.656 335.163 331.257 319.992 314.848 306.569 328.37 325.319 341.34 337.436 323.513 335.361 349.035 332.147 367.674 359.884 371.708 384.593 392.576 383.902 392.961 634.244 572.473 607.47 599.801 624.295 633.349 634.807 636.46 363.29 370.907 374.684 373.341 595.342 597.097 595.631 592.151 581.419 592.764 591.185 592.942 586.561 585.298 575.524 580.671 593.962 574.582 575.527
-9999.0 -9999.0 -9999.0 -9999.0 -9999.0 -9999.0 -9999.0 -9999.0 -9999.0 342.576 342.592 330.148 338.773 336.432 330.721 312.04 298.211 314.625 288.419 323.919 332.946 333.249 317.497 299.951 315.56 315.511 326.379 316.726 322.546 333.436 323.513 323.896 330.726 365.238 376.658 360.84 386.031 388.252 392.251 387.968 570.161 477.518 502.587 636.469 636.568 623.917 607.876 623.266 620.21 369.697 373.429 374.684 373.513 596.018 594.752 596.262 594.93 593.967 588.116 583.761 587.943 588.131 586.344 594.773 583.721 572.791 571.728
-9999.0 -9999.0 -9999.0 -9999.0 -9999.0 -9999.0 -9999.0 -9999.0 -9999.0 341.504 344.356 304.425 338.732 335.232 295.245 323.476 305.083 336.919 334.191 340.827 323.919 299.985 299.985 303.332 315.469 322.257 325.661 316.533 346.688 355.24 354.577 338.595 326.675 332.052 365.17 381.931 377.427 389.638 304.585 350.287 382.013 636.33 639.373 639.373 620.052 632.011 631.385 619.981 611.849 603.636 605.069 374.684 374.684 598.409 459.071 598.409 595.137 595.006 595.193 581.223 586.556 586.072 578.701 593.188 586.586 575.003 576.572
-9999.0 -9999.0 -9999.0 -9999.0 -9999.0 -9999.0 -9999.0 -9999.0 -9999.0 -9999.0 -9999.0 -9999.0 309.347 -9999.0 313.689 302.8 334.379 343.565 342.974 323.919 299.985 314.764 303.004 316.367 317.039 335.486 323.752 299.887 353.377 350.572 352.989 354.369 332.778 327.757 370.066 375.329 374.352 348.877 377.675 384.749 392.961 630.908 633.865 633.489 633.566 634.647 634.562 637.071 635.126 619.533 614.082 374.572 365.542 372.326 285.314 598.409 598.409 595.182 595.566 582.509 586.963 586.441 592.887 590.901 586.278 580.671 581.094
-9999.0 -9999.0 -9999.0 -9999.0 -9999.0 -9999.0 -9999.0 -9999.0 -9999.0 -9999.0 -9999.0 -9999.0 -9999.0 -9999.0 311.914 304.863 328.457 325.119 341.263 327.719 338.185 322.438 299.985 318.509 336.366 325.21 328.949 330.172 320.537 313.143 352.114 349.469 326.666 325.442 334.638 349.098 362.22 388.889 390.776 389.363 392.961 392.961 632.463 621.353 609.846 630.83 622.897 619.865 619.127 617.342 609.846 623.45 370.057 370.687 368.907 374.684 598.409 595.474 592.62 597.22 588.394 594.791 587.508 587.921 594.268 592.003 591.271
-9999.0 -9999.0 -9999.0 -9999.0 -9999.0 -9999.0 -9999.0 -9999.0 -9999.0 -9999.0 -9999.0 -9999.0 -9999.0 -9999.0 -9999.0 -9999.0 328.939 309.96 287.87 306.105 304.352 302.501 284.532 299.985 318.793 340.095 308.495 335.68 322.776 352.893 341.959 350.408 348.154 353.637 348.629 350.634 357.209 375.193 389.166 392.961 373.213 380.351 382.945 627.552 637.614 622.014 632.718 635.203 606.475 626.486 614.181 632.112 630.072 357.543 374.684 347.354 598.409 598.409 590.633 593.053 588.673 595.759 592.264 590.896 579.247 591.689 592.019
-9999.0 -9999.0 -9999.0 -9999.0 -9999.0 -9999.0 -9999.0 -9999.0 -9999.0 -9999.0 -9999.0 -9999.0 -9999.0 -9999.0 -9999.0 -9999.0 -9999.0 289.897 282.721 284.787 310.698 318.713 284.018 307.843 304.961 339.786 331.094 325.127 332.145 338.534 350.93 352.041 341.602 350.656 348.713 370.05 359.829 359.353 382.246 391.599 389.265 377.1 380.35 604.411 613.768 592.829 597.687 612.745 627.445 629.061 621.303 629.624 637.673 624.177 374.684 368.612 374.684 598.409 598.409 598.409 594.43 590.825 594.953 596.211 595.903 591.08 584.474
-9999.0 -9999.0 -9999.0 -9999.0 -9999.0 -9999.0 -9999.0 -9999.0 -9999.0 -9999.0 -9999.0 -9999.0 -9999.0 -9999.0 -9999.0 -9999.0 -9999.0 -9999.0 286.616 286.578 319.181 278.491 288.926 299.985 281.516 332.145 317.141 329.061 323.784 314.717 315.462 351.862 348.326 312.817 341.351 353.744 361.548 378.363 359.214 389.736 387.566 392.961 392.961 603.421 599.609 617.271 627.754 608.195 629.96 609.294 630.922 629.014 629.049 639.373 600.534 358.767 365.957 374.684 374.476 598.409 598.409 596.904 594.284 596.481 597.696 597.903 590.677
-9999.0 -9999.0 -9999.0 -9999.0 -9999.0 -9999.0 -9999.0 -9999.0 -9999.0 -9999.0 -9999.0 -9999.0 -9999.0 -9999.0 -9999.0 -9999.0 -9999.0 -9999.0 -9999.0 285.311 288.554 284.487 299.647 325.986 318.473 345.301 321.533 341.486 335.867 314.42 346.925 305.898 314.077 348.15 349.831 359.62 359.626 358.638 365.328 377.207 372.059 383.489 362.865 615.162 610.161 621.53 605.411 636.121 620.363 633.991 628.556 630.388 617.961 598.144 625.844 368.197 370.03 369.011 374.684 598.409 598.409 598.409 597.079 593.729 596.443 595.385 597.169
-9999.0 -9999.0 -9999.0 -9999.0 -9999.0 -9999.0 -9999.0 -9999.0 -9999.0 -9999.0 -9999.0 -9999.0 -9999.0 -9999.0 -9999.0 -9999.0 -9999.0 -9999.0 -9999.0 -9999.0 -9999.0 -9999.0 -9999.0 332.703 298.848 321.431 324.045 343.889 323.82 321.18 303.241 313.715 344.597 353.01 357.599 359.682 359.421 360.102 379.993 384.436 385.533 379.722 388.197 384.071 381.272 388.079 631.703 627.99 611.686 626.257 628.304 625.257 598.692 578.347 620.529 615.037 368.642 364.542 370.4 374.684 374.684 597.616 596.532 596.431 595.426 592.678 592.233
-9999.0 -9999.0 -9999.0 -9999.0 -9999.0 -9999.0 -9999.0 -9999.0 -9999.0 -9999.0 -9999.0 -9999.0 -9999.0 -9999.0 -9999.0 -9999.0 -9999.0 -9999.0 -9999.0 -9999.0 -9999.0 -9999.0 -9999.0 -9999.0 -9999.0 -9999.0 -9999.0 331.788 317.475 319.907 310.894 312.911 311.381 312.772 320.539 358.869 358.984 358.526 359.261 376.886 386.66 379.574 380.484 381.833 388.064 383.416 386.272 610.89 626.633 626.18 609.84 632.195 618.051 632.18 629.547 631.12 601.367 368.36 368.24 371.254 374.684 374.684 596.296 595.57 596.29 595.689 595.834
