static/jobfarm/user_models/minyf/common/HOME-GBHM/输出文件/Output/Grids/soilWaterDepth20020225.asc
ncols 221
nrows 204
xllcorner -627000.0
yllcorner 3955000.0
cellsize 900.0
NODATA_value -9999.0
[rows 120 to 149 of 204, columns 134 to 200 of 221]
355.944 360.426 371.106 350.25 355.771 309.813 351.079 376.374 373.477 351.799 383.683 312.562 311.636 317.66 342.513 351.535 359.497 314.938 341.228 318.316 312.094 323.448 342.496 343.122 312.895 315.449 338.063 318.299 341.602 335.648 340.7 351.805 345.63 345.898 335.031 329.19 325.378 327.807 353.718 351.581 292.128 338.891 336.691 374.883 380.542 376.068 318.313 346.027 346.862 338.071 336.783 337.473 396.379 -9999.0 -9999.0 -9999.0 -9999.0 -9999.0 -9999.0 -9999.0 -9999.0 -9999.0 -9999.0 -9999.0 -9999.0 -9999.0 -9999.0
359.005 360.982 361.31 355.905 374.423 328.992 315.299 348.744 364.954 358.159 360.032 375.37 316.369 307.073 322.86 322.034 346.288 315.873 355.863 347.005 308.548 309.11 360.463 343.445 304.633 318.631 331.335 348.899 320.373 356.701 343.648 337.798 333.959 344.088 327.844 311.116 317.974 353.67 353.633 347.022 299.327 355.378 334.9 378.448 379.718 338.541 335.977 338.11 339.179 333.986 398.041 400.212 419.376 -9999.0 -9999.0 -9999.0 -9999.0 -9999.0 -9999.0 -9999.0 -9999.0 -9999.0 -9999.0 -9999.0 -9999.0 -9999.0 -9999.0
377.276 392.961 354.361 355.518 378.06 328.47 315.66 310.351 323.298 334.315 353.221 342.268 329.324 327.775 319.985 321.931 328.686 309.764 328.265 337.496 314.605 324.862 345.336 299.887 301.686 303.48 347.41 289.344 367.986 347.854 335.473 338.292 311.815 323.418 348.734 319.243 312.787 354.036 349.625 353.488 353.71 334.296 338.926 379.251 378.968 342.084 336.64 337.733 336.167 312.178 388.824 399.125 410.818 -9999.0 -9999.0 -9999.0 -9999.0 -9999.0 -9999.0 -9999.0 -9999.0 -9999.0 -9999.0 -9999.0 -9999.0 -9999.0 -9999.0
355.184 354.834 347.851 355.159 380.217 309.611 332.135 309.429 360.446 355.374 336.831 336.301 335.221 323.493 319.136 324.016 327.939 315.922 324.686 321.071 342.75 347.424 347.814 309.652 311.471 340.993 277.776 363.118 364.282 341.57 333.146 341.551 312.939 341.119 343.633 317.491 348.833 352.989 351.01 354.112 321.398 337.505 367.888 350.995 372.252 364.093 338.421 340.026 351.692 318.324 401.281 340.518 333.928 360.393 -9999.0 -9999.0 -9999.0 -9999.0 -9999.0 -9999.0 -9999.0 -9999.0 -9999.0 -9999.0 -9999.0 -9999.0 -9999.0
361.444 369.312 352.653 355.006 302.27 280.871 330.438 320.747 342.99 295.039 350.079 349.358 335.782 311.465 326.224 325.544 315.93 311.356 322.583 319.349 344.996 315.994 307.456 308.892 348.57 330.171 367.42 383.299 344.552 371.207 350.152 340.554 326.623 314.243 322.565 348.946 349.985 353.117 349.797 324.16 322.287 360.642 335.601 343.109 357.282 369.612 362.828 356.85 316.943 339.448 341.581 340.947 342.929 341.052 -9999.0 -9999.0 -9999.0 -9999.0 -9999.0 -9999.0 -9999.0 -9999.0 -9999.0 -9999.0 -9999.0 -9999.0 -9999.0
359.241 365.72 356.785 357.477 330.077 350.48 298.823 291.379 307.354 294.275 294.231 367.379 363.871 336.433 308.791 328.63 353.415 300.418 321.209 294.488 338.787 311.16 333.251 335.925 360.707 342.844 352.59 351.579 355.866 331.609 352.767 355.425 373.225 321.074 351.647 311.988 328.138 353.728 350.144 353.667 336.074 358.8 341.576 362.917 361.501 365.019 353.588 340.422 338.792 341.26 341.895 347.114 347.412 -9999.0 -9999.0 -9999.0 -9999.0 -9999.0 -9999.0 -9999.0 -9999.0 -9999.0 -9999.0 -9999.0 -9999.0 -9999.0 -9999.0
364.776 359.75 390.656 352.919 304.366 350.439 354.066 377.531 335.432 287.823 338.28 385.324 367.231 355.354 350.309 241.103 301.974 318.321 306.288 303.839 306.7 316.219 337.486 343.708 285.332 358.445 347.818 371.613 355.831 375.68 355.469 351.748 368.642 358.258 351.84 308.401 335.354 353.758 351.711 354.953 361.875 354.216 354.199 331.309 353.829 380.485 309.656 326.883 348.844 316.952 317.951 346.907 327.468 -9999.0 -9999.0 -9999.0 -9999.0 -9999.0 -9999.0 -9999.0 -9999.0 -9999.0 -9999.0 -9999.0 -9999.0 -9999.0 -9999.0
363.118 367.157 368.062 370.744 373.094 351.152 281.848 355.335 354.74 348.892 325.129 370.767 383.741 324.893 360.613 348.196 334.414 319.7 306.981 334.067 329.864 367.981 366.783 342.844 369.485 367.061 340.141 320.876 354.823 363.629 358.525 351.467 372.877 368.904 354.302 312.097 335.535 353.36 353.773 354.644 356.891 353.901 352.912 350.956 328.898 339.73 304.94 318.156 328.8 334.47 348.118 319.759 -9999.0 -9999.0 -9999.0 -9999.0 -9999.0 -9999.0 -9999.0 -9999.0 -9999.0 -9999.0 -9999.0 -9999.0 -9999.0 -9999.0 -9999.0
373.641 357.655 355.842 368.338 355.119 343.149 348.816 355.064 342.296 350.78 329.6 344.941 359.34 362.706 355.827 329.204 331.849 295.649 319.366 338.387 361.282 342.501 342.844 357.056 367.569 362.025 345.88 352.626 362.693 373.599 357.857 349.357 357.582 358.848 355.25 315.947 326.135 353.889 353.114 354.425 358.161 338.112 339.595 320.811 354.021 352.179 345.853 324.739 351.895 321.064 -9999.0 -9999.0 -9999.0 -9999.0 -9999.0 -9999.0 -9999.0 -9999.0 -9999.0 -9999.0 -9999.0 -9999.0 -9999.0 -9999.0 -9999.0 -9999.0 -9999.0
395.689 389.347 356.759 368.382 352.395 376.331 349.5 363.798 354.75 372.053 370.489 373.427 368.102 363.511 355.416 368.67 385.275 361.369 332.03 376.623 390.717 326.373 330.309 363.019 356.369 341.827 292.174 358.332 365.825 370.421 362.663 351.958 366.666 363.764 354.738 316.778 355.213 354.817 353.816 354.565 352.349 332.081 356.339 342.848 334.476 360.264 347.761 366.461 -9999.0 -9999.0 -9999.0 -9999.0 -9999.0 -9999.0 -9999.0 -9999.0 -9999.0 -9999.0 -9999.0 -9999.0 -9999.0 -9999.0 -9999.0 -9999.0 -9999.0 -9999.0 -9999.0
366.703 325.786 373.809 359.236 350.206 371.1 356.617 357.437 355.584 355.295 364.165 368.74 371.566 365.89 367.353 569.168 344.741 368.53 358.107 318.78 357.235 358.317 367.081 366.055 364.951 365.508 355.117 375.294 371.184 372.822 362.713 362.46 349.852 357.412 354.298 352.836 361.849 361.773 323.961 331.679 354.419 347.2 334.651 340.424 342.839 341.05 -9999.0 -9999.0 -9999.0 -9999.0 -9999.0 -9999.0 -9999.0 -9999.0 -9999.0 -9999.0 -9999.0 -9999.0 -9999.0 -9999.0 -9999.0 -9999.0 -9999.0 -9999.0 -9999.0 -9999.0 -9999.0
341.196 380.047 391.15 383.897 309.008 347.859 341.647 350.512 353.889 358.467 384.693 373.889 389.897 359.371 585.818 572.006 327.759 368.66 368.66 322.881 361.793 361.136 374.791 370.743 377.567 302.454 324.789 372.477 364.459 385.342 358.996 361.343 366.634 350.416 359.72 352.071 362.208 361.924 329.351 329.452 341.103 359.462 339.714 343.243 346.329 -9999.0 -9999.0 -9999.0 -9999.0 -9999.0 -9999.0 -9999.0 -9999.0 -9999.0 -9999.0 -9999.0 -9999.0 -9999.0 -9999.0 -9999.0 -9999.0 -9999.0 -9999.0 -9999.0 -9999.0 -9999.0 -9999.0
357.072 391.981 386.626 377.612 370.357 372.298 569.352 376.952 369.502 379.99 362.217 361.908 389.164 581.993 367.63 597.431 363.661 367.241 359.581 341.664 339.293 326.954 321.487 322.235 320.477 354.492 331.482 330.124 391.995 357.421 377.632 357.41 371.327 342.877 329.78 351.739 360.191 360.375 362.247 352.447 366.755 308.915 311.876 300.67 318.872 -9999.0 -9999.0 -9999.0 -9999.0 -9999.0 -9999.0 -9999.0 -9999.0 -9999.0 -9999.0 -9999.0 -9999.0 -9999.0 -9999.0 -9999.0 -9999.0 -9999.0 -9999.0 -9999.0 -9999.0 -9999.0 -9999.0
368.566 381.877 404.586 372.559 371.919 373.517 581.562 362.396 369.624 392.574 366.282 362.42 586.393 593.991 372.84 598.409 368.66 368.66 343.021 334.288 322.658 320.559 350.034 355.84 353.327 359.945 331.782 392.961 381.337 367.944 370.504 378.633 375.071 357.902 324.18 334.175 337.689 357.668 334.307 335.82 328.137 319.905 323.143 363.354 344.021 -9999.0 -9999.0 -9999.0 -9999.0 -9999.0 -9999.0 -9999.0 -9999.0 -9999.0 -9999.0 -9999.0 -9999.0 -9999.0 -9999.0 -9999.0 -9999.0 -9999.0 -9999.0 -9999.0 -9999.0 -9999.0 -9999.0
371.929 381.847 406.704 389.547 359.404 370.141 587.525 569.045 380.674 373.575 386.106 362.787 576.963 567.039 593.435 368.66 365.511 351.556 346.804 349.629 361.428 324.194 360.543 373.162 380.59 351.456 392.961 391.073 367.426 365.142 366.08 371.705 367.812 357.88 324.302 336.566 334.155 367.662 327.149 337.94 322.855 322.732 327.692 354.036 -9999.0 -9999.0 -9999.0 -9999.0 -9999.0 -9999.0 -9999.0 -9999.0 -9999.0 -9999.0 -9999.0 -9999.0 -9999.0 -9999.0 -9999.0 -9999.0 -9999.0 -9999.0 -9999.0 -9999.0 -9999.0 -9999.0 -9999.0
373.045 384.083 379.044 395.826 384.669 375.331 545.879 549.984 376.66 374.166 382.712 384.292 575.237 596.453 362.687 363.362 368.66 332.887 327.243 347.091 360.592 365.77 392.961 392.961 392.489 387.489 387.41 384.71 375.328 356.348 378.87 376.14 371.423 358.876 339.563 351.297 342.469 340.757 338.049 337.587 367.324 328.811 322.424 342.948 -9999.0 -9999.0 -9999.0 -9999.0 -9999.0 -9999.0 -9999.0 -9999.0 -9999.0 -9999.0 -9999.0 -9999.0 -9999.0 -9999.0 -9999.0 -9999.0 -9999.0 -9999.0 -9999.0 -9999.0 -9999.0 -9999.0 -9999.0
370.096 369.991 583.672 370.38 392.664 407.027 589.793 551.31 375.469 573.904 582.027 566.853 579.613 361.665 367.186 368.66 368.66 368.66 616.68 589.568 361.051 360.655 335.231 389.55 389.829 568.279 568.289 347.53 372.025 589.882 588.581 378.704 326.87 372.27 346.94 371.495 331.017 336.988 338.231 334.786 347.776 362.834 295.602 363.314 -9999.0 -9999.0 -9999.0 -9999.0 -9999.0 -9999.0 -9999.0 -9999.0 -9999.0 -9999.0 -9999.0 -9999.0 -9999.0 -9999.0 -9999.0 -9999.0 -9999.0 -9999.0 -9999.0 -9999.0 -9999.0 -9999.0 -9999.0
587.955 585.463 584.485 582.675 368.762 410.478 595.315 592.925 587.951 595.893 594.171 326.179 591.288 357.808 368.66 368.66 362.357 327.563 609.284 615.875 385.594 379.268 383.157 384.229 327.106 592.006 565.214 590.834 379.372 602.969 584.682 378.404 324.789 363.796 375.424 335.981 327.03 341.107 360.396 358.712 363.304 368.761 370.661 336.946 -9999.0 -9999.0 -9999.0 -9999.0 -9999.0 -9999.0 -9999.0 -9999.0 -9999.0 -9999.0 -9999.0 -9999.0 -9999.0 -9999.0 -9999.0 -9999.0 -9999.0 -9999.0 -9999.0 -9999.0 -9999.0 -9999.0 -9999.0
564.271 585.316 571.247 566.849 592.56 592.373 594.081 564.491 595.335 588.648 593.958 356.66 363.041 352.905 365.802 329.741 481.307 536.763 589.426 594.433 359.059 543.64 588.891 374.704 589.8 582.835 590.878 583.724 568.058 587.417 327.472 338.87 340.926 342.898 329.686 337.219 352.755 351.254 355.643 362.176 364.155 368.269 364.599 -9999.0 -9999.0 -9999.0 -9999.0 -9999.0 -9999.0 -9999.0 -9999.0 -9999.0 -9999.0 -9999.0 -9999.0 -9999.0 -9999.0 -9999.0 -9999.0 -9999.0 -9999.0 -9999.0 -9999.0 -9999.0 -9999.0 -9999.0 -9999.0
565.355 581.379 575.877 577.111 580.757 594.481 587.603 592.716 595.353 590.185 338.051 356.457 368.66 362.69 347.664 590.828 534.018 487.81 491.29 361.841 373.595 491.12 583.382 365.318 590.954 580.903 590.737 589.62 583.05 587.175 332.287 353.047 356.163 357.404 372.653 349.597 344.94 345.369 375.194 385.008 387.18 370.146 364.94 -9999.0 -9999.0 -9999.0 -9999.0 -9999.0 -9999.0 -9999.0 -9999.0 -9999.0 -9999.0 -9999.0 -9999.0 -9999.0 -9999.0 -9999.0 -9999.0 -9999.0 -9999.0 -9999.0 -9999.0 -9999.0 -9999.0 -9999.0 -9999.0
590.525 568.116 587.098 586.799 592.814 593.641 596.142 584.23 578.451 596.243 363.644 364.474 362.303 361.113 634.214 607.292 608.182 334.952 378.059 336.895 383.218 499.125 355.72 359.19 590.182 585.269 590.926 593.449 587.413 360.279 367.054 360.069 590.643 359.37 340.702 337.681 370.523 361.042 359.661 359.309 359.859 390.442 392.961 -9999.0 -9999.0 -9999.0 -9999.0 -9999.0 -9999.0 -9999.0 -9999.0 -9999.0 -9999.0 -9999.0 -9999.0 -9999.0 -9999.0 -9999.0 -9999.0 -9999.0 -9999.0 -9999.0 -9999.0 -9999.0 -9999.0 -9999.0 -9999.0
594.284 593.799 590.91 597.636 598.094 598.409 583.814 594.674 598.041 363.638 367.728 366.907 368.487 627.361 613.589 611.269 316.426 339.906 342.402 342.289 362.401 368.461 369.31 356.718 591.485 589.999 591.079 597.675 358.339 357.812 348.35 589.038 358.095 359.497 356.098 359.403 358.522 357.702 374.234 385.805 377.342 -9999.0 -9999.0 -9999.0 -9999.0 -9999.0 -9999.0 -9999.0 -9999.0 -9999.0 -9999.0 -9999.0 -9999.0 -9999.0 -9999.0 -9999.0 -9999.0 -9999.0 -9999.0 -9999.0 -9999.0 -9999.0 -9999.0 -9999.0 -9999.0 -9999.0 -9999.0
400.466 396.299 583.805 598.409 598.402 598.409 574.53 593.012 596.133 356.345 368.11 588.594 590.136 623.522 592.412 592.08 376.679 343.134 285.238 284.854 285.553 338.773 591.044 629.776 586.035 586.15 593.585 616.283 375.424 341.185 589.469 587.878 356.679 353.167 356.231 371.536 385.219 387.69 386.885 388.744 -9999.0 -9999.0 -9999.0 -9999.0 -9999.0 -9999.0 -9999.0 -9999.0 -9999.0 -9999.0 -9999.0 -9999.0 -9999.0 -9999.0 -9999.0 -9999.0 -9999.0 -9999.0 -9999.0 -9999.0 -9999.0 -9999.0 -9999.0 -9999.0 -9999.0 -9999.0 -9999.0
378.958 396.651 403.695 597.892 598.409 593.518 596.331 598.409 357.534 364.044 344.158 590.444 589.04 591.76 591.263 354.718 295.377 330.86 284.332 284.335 284.413 356.886 590.679 590.541 575.93 590.788 590.78 367.651 354.953 593.822 588.291 597.985 357.68 356.697 359.896 354.844 371.092 385.496 389.849 -9999.0 -9999.0 -9999.0 -9999.0 -9999.0 -9999.0 -9999.0 -9999.0 -9999.0 -9999.0 -9999.0 -9999.0 -9999.0 -9999.0 -9999.0 -9999.0 -9999.0 -9999.0 -9999.0 -9999.0 -9999.0 -9999.0 -9999.0 -9999.0 -9999.0 -9999.0 -9999.0 -9999.0
390.32 403.093 403.366 405.215 405.966 598.409 598.409 598.409 354.752 353.881 362.325 611.515 606.106 608.42 370.411 363.813 384.898 369.115 282.982 305.174 306.364 308.526 615.632 589.119 587.893 590.5 590.106 366.763 585.981 585.433 592.732 594.956 603.644 382.531 390.098 387.487 386.844 389.182 -9999.0 -9999.0 -9999.0 -9999.0 -9999.0 -9999.0 -9999.0 -9999.0 -9999.0 -9999.0 -9999.0 -9999.0 -9999.0 -9999.0 -9999.0 -9999.0 -9999.0 -9999.0 -9999.0 -9999.0 -9999.0 -9999.0 -9999.0 -9999.0 -9999.0 -9999.0 -9999.0 -9999.0 -9999.0
397.251 402.527 402.427 404.928 398.304 598.409 598.409 598.409 607.768 639.589 626.254 631.227 628.962 629.017 388.959 280.188 587.041 466.74 496.672 512.805 612.069 597.294 619.743 589.242 631.253 589.842 372.115 588.63 596.914 598.589 587.342 587.351 588.01 376.765 388.584 390.053 390.43 -9999.0 -9999.0 -9999.0 -9999.0 -9999.0 -9999.0 -9999.0 -9999.0 -9999.0 -9999.0 -9999.0 -9999.0 -9999.0 -9999.0 -9999.0 -9999.0 -9999.0 -9999.0 -9999.0 -9999.0 -9999.0 -9999.0 -9999.0 -9999.0 -9999.0 -9999.0 -9999.0 -9999.0 -9999.0 -9999.0
402.492 399.026 403.681 597.087 598.409 598.405 597.219 598.409 365.579 626.468 638.58 633.435 599.629 465.351 463.573 583.847 469.502 465.988 600.897 586.39 587.833 581.443 612.698 590.706 619.147 620.337 596.421 611.232 595.51 598.317 598.753 600.461 591.26 589.731 388.571 391.863 -9999.0 -9999.0 -9999.0 -9999.0 -9999.0 -9999.0 -9999.0 -9999.0 -9999.0 -9999.0 -9999.0 -9999.0 -9999.0 -9999.0 -9999.0 -9999.0 -9999.0 -9999.0 -9999.0 -9999.0 -9999.0 -9999.0 -9999.0 -9999.0 -9999.0 -9999.0 -9999.0 -9999.0 -9999.0 -9999.0 -9999.0
595.669 397.466 402.149 596.285 598.409 598.409 598.222 597.592 361.785 626.706 593.346 607.137 601.77 464.711 464.724 582.824 499.899 541.473 628.536 574.851 605.57 602.887 619.165 635.417 598.179 586.224 588.883 589.5 596.384 601.072 602.271 606.301 609.231 382.934 392.7 392.906 -9999.0 -9999.0 -9999.0 -9999.0 -9999.0 -9999.0 -9999.0 -9999.0 -9999.0 -9999.0 -9999.0 -9999.0 -9999.0 -9999.0 -9999.0 -9999.0 -9999.0 -9999.0 -9999.0 -9999.0 -9999.0 -9999.0 -9999.0 -9999.0 -9999.0 -9999.0 -9999.0 -9999.0 -9999.0 -9999.0 -9999.0
403.055 394.12 392.636 401.582 405.966 405.966 405.966 405.796 366.136 318.547 607.656 616.274 608.783 492.229 462.37 584.124 498.776 602.444 591.981 551.068 584.163 585.107 623.212 612.464 590.9 590.564 589.996 588.333 601.567 596.755 602.184 596.999 599.328 380.456 392.914 -9999.0 -9999.0 -9999.0 -9999.0 -9999.0 -9999.0 -9999.0 -9999.0 -9999.0 -9999.0 -9999.0 -9999.0 -9999.0 -9999.0 -9999.0 -9999.0 -9999.0 -9999.0 -9999.0 -9999.0 -9999.0 -9999.0 -9999.0 -9999.0 -9999.0 -9999.0 -9999.0 -9999.0 -9999.0 -9999.0 -9999.0 -9999.0
399.483 401.42 396.897 399.334 405.966 405.966 405.229 390.789 589.881 338.112 231.695 404.543 618.826 605.395 609.068 611.781 615.763 630.031 626.512 621.752 585.459 593.955 635.831 617.738 589.677 588.973 588.094 587.848 587.302 590.738 591.318 592.682 592.637 383.049 619.344 629.42 -9999.0 -9999.0 -9999.0 -9999.0 -9999.0 -9999.0 -9999.0 -9999.0 -9999.0 -9999.0 -9999.0 -9999.0 -9999.0 -9999.0 -9999.0 -9999.0 -9999.0 -9999.0 -9999.0 -9999.0 -9999.0 -9999.0 -9999.0 -9999.0 -9999.0 -9999.0 -9999.0 -9999.0 -9999.0 -9999.0 -9999.0
